주_용도_코드,주_용도_코드_명,기타_용도_분리,Total Count
01000,단독주택,단독주택,2013416
01000,단독주택,주택,1905896
04000,제2종근린생활시설,제2종근린생활시설,410247
17000,공장,공장,353329
02000,공동주택,공동주택,257505
18000,창고시설,창고시설,250220
03000,제1종근린생활시설,제1종근린생활시설,229181
21000,동물및식물관련시설,식물관련시설,185441
21000,동물및식물관련시설,동,176271
03000,제1종근린생활시설,근린생활시설,161711
04000,제2종근린생활시설,근린생활시설,150633
01000,단독주택,근린생활시설,149834
02000,공동주택,다세대주택,148344
01000,단독주택,다가구주택,144072
02000,공동주택,아파트,132560
01000,단독주택,창고,123186
18000,창고시설,창고,97398
03000,제1종근린생활시설,주택,78241
21000,동물및식물관련시설,동물및식물관련시설,77285
21000,동물및식물관련시설,축사,76487
01000,단독주택,농가주택,75041
01000,단독주택,제2종근린생활시설,59280
10000,교육연구시설,교육연구시설,56563
03000,제1종근린생활시설,점포,55960
04000,제2종근린생활시설,단독주택,46781
01000,단독주택,점포,45954
01000,단독주택,다가구용단독주택,44640
04000,제2종근린생활시설,주택,44144
21000,동물및식물관련시설,동물관련시설,40744
03000,제1종근린생활시설,소매점,37864
01000,단독주택,변소,37452
01000,단독주택,제1종근린생활시설,37238
15000,숙박시설,숙박시설,36260
03000,제1종근린생활시설,단독주택,33428
01000,단독주택,및,31468
11000,노유자시설,노유자시설,29666
01000,단독주택,5가구,29599
20000,자동차관련시설,자동차관련시설,29418
04000,제2종근린생활시설,2종근린생활시설,28793
01000,단독주택,3가구,28533
04000,제2종근린생활시설,일반음식점,26610
04000,제2종근린생활시설,사무소,26395
14000,업무시설,업무시설,26316
19000,위험물저장및처리시설,위험물저장및처리시설,26215
02000,공동주택,도시형생활주택,24794
04000,제2종근린생활시설,제1,24723
01000,단독주택,다가구,24405
02000,공동주택,연립주택,23628
06000,종교시설,종교시설,22938
03000,제1종근린생활시설,2종근린생활시설,22659
01000,단독주택,소매점,22475
03000,제1종근린생활시설,제1,22249
02000,공동주택,경비실,21642
01000,단독주택,축사,21602
04000,제2종근린생활시설,제조업소,20351
01000,단독주택,4가구,20019
04000,제2종근린생활시설,사무실,18596
01000,단독주택,창고시설,18215
02000,공동주택,근린생활시설,17905
17000,공장,창고,17227
21000,동물및식물관련시설,퇴비사,16982
01000,단독주택,2가구,16371
17000,공장,사무실,15579
01000,단독주택,다세대주택,15034
02000,공동주택,지하주차장,14965
03000,제1종근린생활시설,제2종근린생활시설,14378
10000,교육연구시설,교육연구및복지시설,14316
01000,단독주택,화장실,13529
23000,교정및군사시설,교정및군사시설,12632
13000,운동시설,운동시설,11507
21000,동물및식물관련시설,동식물관련시설,11475
02000,공동주택,다세대,11353
04000,제2종근린생활시설,제1종근린생활시설,11261
18000,창고시설,주택,11151
05000,문화및집회시설,문화및집회시설,10886
01000,단독주택,다가구용,10824
03000,제1종근린생활시설,근린공공시설,10753
30000,자원순환관련시설,자원순환관련시설,10366
21000,동물및식물관련시설,우사,10359
21000,동물및식물관련시설,창고,10254
18000,창고시설,단독주택,10184
01000,단독주택,부속사,10056
01000,단독주택,부속,9906
04000,제2종근린생활시설,및,9783
21000,동물및식물관련시설,주택,9767
03000,제1종근린생활시설,사무실,9511
01000,단독주택,2종근린생활시설,9418
21000,동물및식물관련시설,및,9382
01000,단독주택,7가구,9346
01000,단독주택,6가구,9212
01000,단독주택,다중주택,9025
02000,공동주택,전기실,8886
03000,제1종근린생활시설,마을회관,8649
01000,단독주택,농업생산시설,8274
21000,동물및식물관련시설,동물,8118
04000,제2종근린생활시설,창고,7960
01000,단독주택,제1,7958
21000,동물및식물관련시설,관리사,7787
01000,단독주택,물치,7746
03000,제1종근린생활시설,창고,7722
02000,공동주택,관리사무소,7619
03000,제1종근린생활시설,및,7611
02000,공동주택,단지형다세대,7606
02000,공동주택,주택,7592
17000,공장,일반공장,7522
14000,업무시설,근린생활시설,7343
01000,단독주택,부속창고,7299
27000,관광휴게시설,관광휴게시설,7254
02000,공동주택,경로당,7186
04000,제2종근린생활시설,점포,7168
18000,창고시설,농업용창고,7081
01000,단독주택,단독,6824
Z3000,근린생활시설,근린생활시설,6757
02000,공동주택,제2종근린생활시설,6709
11000,노유자시설,교육연구및복지시설,6585
02000,공동주택,및,6448
02000,공동주택,주민공동시설,6395
31000,야영장시설,야영장시설,6393
14000,업무시설,오피스텔,6315
07000,판매시설,판매시설,6309
02000,공동주택,발전기실,6256
21000,동물및식물관련시설,버섯재배사,6253
01000,단독주택,일반음식점,6133
01000,단독주택,외1,6028
01000,단독주택,농어가주택,5950
04000,제2종근린생활시설,소매점,5934
15000,숙박시설,여관,5851
09000,의료시설,의료시설,5845
21000,동물및식물관련시설,돈사,5844
04000,제2종근린생활시설,위락시설,5796
02000,공동주택,8세대,5701
01000,단독주택,주거시설,5520
02000,공동주택,업무시설,5468
01000,단독주택,사무소,5386
01000,단독주택,8가구,5288
02000,공동주택,단지형다세대주택,5156
01000,단독주택,1가구,5110
06000,종교시설,교회,5075
22000,분뇨.쓰레기처리시설,분뇨,5065
22000,분뇨.쓰레기처리시설,쓰레기처리시설,5030
01000,단독주택,1,4991
04000,제2종근린생활시설,제2종,4968
15000,숙박시설,근린생활시설,4827
03000,제1종근린생활시설,영업소,4812
03000,제1종근린생활시설,화장실,4799
01000,단독주택,사무실,4762
01000,단독주택,보일러실,4704
06000,종교시설,문화및집회시설,4668
04000,제2종근린생활시설,화장실,4618
02000,공동주택,제1종근린생활시설,4613
02000,공동주택,펌프실,4533
04000,제2종근린생활시설,대중음식점,4521
02000,공동주택,기계실,4481
17000,공장,기숙사,4373
03000,제1종근린생활시설,사무소,4334
21000,동물및식물관련시설,계사,4322
19000,위험물저장및처리시설,주유소,4288
04000,제2종근린생활시설,종교집회장,4282
17000,공장,공해공장,4256
02000,공동주택,mdf실,4250
17000,공장,화장실,4225
03000,제1종근린생활시설,휴게음식점,4215
04000,제2종근린생활시설,수리점,4192
04000,제2종근린생활시설,창고시설,4150
01000,단독주택,외,4127
16000,위락시설,위락시설,4065
03000,제1종근린생활시설,제1종,4043
04000,제2종근린생활시설,외1,4033
01000,단독주택,주차장,4020
04000,제2종근린생활시설,교회,3944
03000,제1종근린생활시설,위락시설,3901
04000,제2종근린생활시설,1,3838
23000,교정및군사시설,국방군사시설,3779
18000,창고시설,저온저장고,3775
03000,제1종근린생활시설,회관,3766
25000,발전시설,발전시설,3764
03000,제1종근린생활시설,창고시설,3758
01000,단독주택,주,3736
01000,단독주택,동물관련시설,3728
01000,단독주택,택,3721
01000,단독주택,퇴비사,3695
04000,제2종근린생활시설,다가구주택,3567
01000,단독주택,차고,3502
01000,단독주택,근린생활시설및주택,3501
02000,공동주택,방재실,3449
04000,제2종근린생활시설,종교시설,3390
33000,"국방,군사시설",군사시설,3377
21000,동물및식물관련시설,단독주택,3331
12000,수련시설,수련시설,3307
33000,"국방,군사시설",국방,3296
22000,분뇨.쓰레기처리시설,분뇨및쓰레기처리시설,3291
02000,공동주택,노인정,3291
02000,공동주택,생활편익시설,3240
01000,단독주택,11가구,3230
01000,단독주택,10가구,3215
03000,제1종근린생활시설,1종근린생활시설,3168
01000,단독주택,동물및식물관련시설,3156
01000,단독주택,9가구,3146
18000,창고시설,농기계보관창고,3136
04000,제2종근린생활시설,제2종근생,3109
01000,단독주택,2,3093
02000,공동주택,원룸형,3091
17000,공장,식당,3073
02000,공동주택,오피스텔,3061
02000,공동주택,어린이집,3029
01000,단독주택,농가용주택,3024
03000,제1종근린생활시설,변소,2977
02000,공동주택,작은도서관,2964
18000,창고시설,농업생산시설,2950
01000,단독주택,우사,2945
18000,창고시설,제2종근린생활시설,2927
11000,노유자시설,노인복지시설,2890
04000,제2종근린생활시설,업무시설,2886
04000,제2종근린생활시설,교육연구시설,2862
18000,창고시설,저온창고,2844
02000,공동주택,보육시설,2840
03000,제1종근린생활시설,의원,2808
01000,단독주택,농촌주택,2801
23000,교정및군사시설,군사시설,2770
01000,단독주택,주택및창고,2701
01000,단독주택,헛간,2686
04000,제2종근린생활시설,외,2677
04000,제2종근린생활시설,공장,2671
03000,제1종근린생활시설,외1,2644
18000,창고시설,농가창고,2642
17000,공장,경비실,2640
11000,노유자시설,경로당,2621
03000,제1종근린생활시설,업무시설,2606
03000,제1종근린생활시설,근린생활시설및주택,2563
02000,공동주택,주차장,2535
03000,제1종근린생활시설,교육연구시설,2529
01000,단독주택,주택및근린생활시설,2525
04000,제2종근린생활시설,제1종,2491
20000,자동차관련시설,정비공장,2490
14000,업무시설,사무실,2484
02000,공동주택,10세대,2467
01000,단독주택,근린생활,2415
01000,단독주택,근생,2413
03000,제1종근린생활시설,1,2402
01000,단독주택,잠실,2394
19000,위험물저장및처리시설,처리시설,2391
18000,창고시설,저장고,2375
18000,창고시설,공장,2366
01000,단독주택,3,2348
01000,단독주택,지하실,2326
01000,단독주택,12가구,2308
17000,공장,주택,2308
01000,단독주택,농가,2304
17000,공장,기계실,2297
03000,제1종근린생활시설,노유자시설,2294
17000,공장,장,2271
17000,공장,공,2255
03000,제1종근린생활시설,다방,2158
Z3000,근린생활시설,주택,2152
15000,숙박시설,위락시설,2151
04000,제2종근린생활시설,음식점,2114
18000,창고시설,및,2111
01000,단독주택,주택및점포,2099
04000,제2종근린생활시설,사찰,2086
18000,창고시설,사무실,2056
04000,제2종근린생활시설,자동차관련시설,2054
18000,창고시설,근린생활시설,2032
18000,창고시설,농산물보관창고,2022
10000,교육연구시설,창고,2014
03000,제1종근린생활시설,다가구주택,2009
03000,제1종근린생활시설,일용품소매점,2005
10000,교육연구시설,근린생활시설,2004
17000,공장,근린생활시설,1999
15000,숙박시설,주택,1991
21000,동물및식물관련시설,잠실,1977
08000,운수시설,운수시설,1959
19000,위험물저장및처리시설,및,1951
01000,단독주택,일용품소매점,1946
02000,공동주택,1,1921
04000,제2종근린생활시설,학원,1906
04000,제2종근린생활시설,영업소,1903
03000,제1종근린생활시설,근린생활,1900
10000,교육연구시설,초등학교,1886
02000,공동주택,문고,1876
03000,제1종근린생활시설,공중화장실,1874
02000,공동주택,관리실,1863
01000,단독주택,5,1858
02000,공동주택,기숙사,1855
03000,제1종근린생활시설,일반음식점,1852
01000,단독주택,주택및,1844
03000,제1종근린생활시설,영업,1844
21000,동물및식물관련시설,작물재배사,1838
04000,제2종근린생활시설,제실,1824
18000,창고시설,일반창고,1820
10000,교육연구시설,및,1820
04000,제2종근린생활시설,식당,1817
04000,제2종근린생활시설,제조장,1817
01000,단독주택,공장,1812
04000,제2종근린생활시설,근린생활시설및주택,1812
01000,단독주택,지하,1757
19000,위험물저장및처리시설,위험물저장,1736
03000,제1종근린생활시설,영업용,1731
02000,공동주택,소매점,1726
02000,공동주택,부대시설,1726
20000,자동차관련시설,주차장,1722
01000,단독주택,건조실,1692
04000,제2종근린생활시설,관리사,1691
02000,공동주택,2종근린생활시설,1690
14000,업무시설,공동주택,1689
04000,제2종근린생활시설,휴게음식점,1688
10000,교육연구시설,학교,1686
01000,단독주택,15가구,1685
17000,공장,사무소,1684
06000,종교시설,사찰,1684
,,주택,1677
11000,노유자시설,어린이집,1663
10000,교육연구시설,복지시설,1644
01000,단독주택,다가구용주택,1641
03000,제1종근린생활시설,제1종근생,1624
18000,창고시설,농업용,1621
01000,단독주택,제1종,1616
10000,교육연구시설,연구소,1610
01000,단독주택,단독주택외1,1609
Z8000,교육연구및복지시설,교육연구시설,1605
03000,제1종근린생활시설,외,1603
01000,단독주택,1종근린생활시설,1596
15000,숙박시설,제2종근린생활시설,1592
02000,공동주택,제1,1566
04000,제2종근린생활시설,영업,1564
01000,단독주택,공동주택,1552
20000,자동차관련시설,세차장,1549
Z3000,근린생활시설,점포,1549
04000,제2종근린생활시설,2종,1530
04000,제2종근린생활시설,다방,1525
01000,단독주택,근린생활시설및,1509
04000,제2종근린생활시설,노유자시설,1506
01000,단독주택,14가구,1502
18000,창고시설,부속,1492
02000,공동주택,단지형,1491
02000,공동주택,주거시설,1485
01000,단독주택,대피소,1482
01000,단독주택,제2종근생,1481
04000,제2종근린생활시설,판매시설,1466
21000,동물및식물관련시설,창고시설,1459
01000,단독주택,13가구,1458
04000,제2종근린생활시설,제조업,1451
02000,공동주택,9세대,1444
14000,업무시설,제1종근린생활시설,1434
17000,공장,수위실,1429
21000,동물및식물관련시설,식물,1427
18000,창고시설,화장실,1413
18000,창고시설,농가용창고,1402
17000,공장,및,1401
02000,공동주택,2,1401
04000,제2종근린생활시설,고시원,1395
18000,창고시설,관리사,1390
10000,교육연구시설,유치원,1387
30000,자원순환관련시설,폐기물재활용시설,1383
03000,제1종근린생활시설,판매시설,1379
02000,공동주택,사무소,1374
02000,공동주택,6세대,1366
17000,공장,숙소,1363
26000,묘지관련시설,묘지관련시설,1361
14000,업무시설,제2종근린생활시설,1356
02000,공동주택,열교환실,1350
15000,숙박시설,단독주택,1324
15000,숙박시설,여인숙,1304
04000,제2종근린생활시설,1가구,1300
01000,단독주택,19가구,1298
04000,제2종근린생활시설,문화및집회시설,1289
06000,종교시설,제실,1288
16000,위락시설,근린생활시설,1287
10000,교육연구시설,교육연구,1284
21000,동물및식물관련시설,농업생산시설,1283
17000,공장,휴게실,1277
02000,공동주택,7세대,1273
03000,제1종근린생활시설,정미소,1269
01000,단독주택,행랑,1268
18000,창고시설,부속사,1260
17000,공장,공장시설,1258
01000,단독주택,4,1248
01000,단독주택,단독주택외,1231
01000,단독주택,농업인주택,1231
07000,판매시설,판매및영업시설,1230
03000,제1종근린생활시설,교육연구및복지시설,1227
02000,공동주택,관리사무실,1227
01000,단독주택,제1종근생,1206
01000,단독주택,외2,1203
14000,업무시설,및,1183
04000,제2종근린생활시설,제2종근린생활시설외1,1178
02000,공동주택,12세대,1176
02000,공동주택,점포,1174
18000,창고시설,농가주택,1172
14000,업무시설,2종근린생활시설,1172
Z8000,교육연구및복지시설,교육연구및복지시설,1169
04000,제2종근린생활시설,변소,1168
06000,종교시설,종교집회장,1165
01000,단독주택,18가구,1164
04000,제2종근린생활시설,근생,1163
07000,판매시설,근린생활시설,1163
02000,공동주택,재활용품보관소,1155
14000,업무시설,제1,1155
15000,숙박시설,생활숙박시설,1152
23000,교정및군사시설,국방,1151
21000,동물및식물관련시설,관련시설,1150
20000,자동차관련시설,근린생활시설,1138
,,농가주택,1136
18000,창고시설,농사용창고,1134
33000,"국방,군사시설",국방군사시설,1133
14000,업무시설,공공업무시설,1123
04000,제2종근린생활시설,외2,1122
17000,공장,작업장,1120
24000,방송통신시설,방송통신시설,1119
01000,단독주택,관리사,1118
18000,창고시설,제1종근린생활시설,1116
11000,노유자시설,제1종근린생활시설,1111
17000,공장,제2종근린생활시설,1108
03000,제1종근린생활시설,양수장,1107
07000,판매시설,시장,1095
01000,단독주택,농가창고,1082
06000,종교시설,주택,1080
03000,제1종근린생활시설,목욕탕,1078
20000,자동차관련시설,차고,1073
01000,단독주택,돈사,1072
15000,숙박시설,관광숙박시설,1066
03000,제1종근린생활시설,경로당,1064
01000,단독주택,근린시설,1050
01000,단독주택,16가구,1046
10000,교육연구시설,교사,1043
01000,단독주택,영업소,1042
01000,단독주택,사택,1040
04000,제2종근린생활시설,교육연구및복지시설,1037
04000,제2종근린생활시설,2,1036
21000,동물및식물관련시설,온실,1035
01000,단독주택,식물관련시설,1035
10000,교육연구시설,교실,1031
01000,단독주택,대중음식점,1027
04000,제2종근린생활시설,부속창고,1024
04000,제2종근린생활시설,제2종근린생활시설외,1023
14000,업무시설,사무소,1016
01000,단독주택,정자,1014
01000,단독주택,부대,1014
02000,공동주택,상가,1009
17000,공장,펌프실,1009
02000,공동주택,기계,1007
01000,단독주택,다용도실,1004
17000,공장,창고시설,996
19000,위험물저장및처리시설,사무실,991
09000,의료시설,병원,991
03000,제1종근린생활시설,운동시설,991
06000,종교시설,제2종근린생활시설,990
04000,제2종근린생활시설,운동시설,988
02000,공동주택,전기,977
03000,제1종근린생활시설,2종,977
18000,창고시설,축사,975
04000,제2종근린생활시설,생,967
11000,노유자시설,근린생활시설,958
03000,제1종근린생활시설,1가구,955
20000,자동차관련시설,제2종근린생활시설,954
15000,숙박시설,일반숙박시설,952
21000,동물및식물관련시설,종묘배양장,941
18000,창고시설,건조장,938
18000,창고시설,농막,932
23000,교정및군사시설,국방ㆍ군사시설,931
03000,제1종근린생활시설,마을공동시설,922
02000,공동주택,주민운동시설,922
04000,제2종근린생활시설,정미소,910
04000,제2종근린생활시설,숙박시설,910
01000,단독주택,위락시설,901
01000,단독주택,제2종,898
18000,창고시설,농산물창고,893
11000,노유자시설,노인정,884
01000,단독주택,2세대,879
,,창고,879
15000,숙박시설,휴양콘도미니엄,875
01000,단독주택,주거용,869
17000,공장,보일러실,867
02000,공동주택,외1,862
01000,단독주택,다가구주택및근린생활시설,861
Z5000,문화및집회시설,종교시설,856
02000,공동주택,창고,848
Z3000,근린생활시설,단독주택,848
21000,동물및식물관련시설,부속창고,846
01000,단독주택,생,843
21000,동물및식물관련시설,기계실,841
07000,판매시설,점포,838
02000,공동주택,골프연습장,838
02000,공동주택,독서실,837
02000,공동주택,휘트니스센터,834
17000,공장,기타공장,830
02000,공동주택,단지형연립주택,829
19000,위험물저장및처리시설,근린생활시설,824
02000,공동주택,4세대,819
11000,노유자시설,사회복지시설,816
04000,제2종근린생활시설,근린생활,815
03000,제1종근린생활시설,정수장,811
03000,제1종근린생활시설,근린시설,796
01000,단독주택,문간,796
11000,노유자시설,복지시설,795
11000,노유자시설,단독주택,793
06000,종교시설,근린생활시설,789
03000,제1종근린생활시설,점포및주택,789
01000,단독주택,3세대,789
18000,창고시설,감귤저장고,788
03000,제1종근린생활시설,모정,781
04000,제2종근린생활시설,주차장,779
03000,제1종근린생활시설,우체국,779
01000,단독주택,연립주택,777
01000,단독주택,욕실,763
15000,숙박시설,점포,763
20000,자동차관련시설,사무실,760
01000,단독주택,농업용창고,758
05000,문화및집회시설,전시장,755
03000,제1종근린생활시설,변전소,750
10000,교육연구시설,제2종근린생활시설,750
18000,창고시설,냉동창고,746
19000,위험물저장및처리시설,캐노피,745
03000,제1종근린생활시설,숙박시설,744
03000,제1종근린생활시설,외2,741
01000,단독주택,휴게음식점,739
10000,교육연구시설,대학교,736
01000,단독주택,동물,736
10000,교육연구시설,기숙사,736
01000,단독주택,근린생활시설및다가구주택,729
03000,제1종근린생활시설,근생,721
01000,단독주택,근,721
01000,단독주택,일반주택,720
02000,공동주택,공동,720
04000,제2종근린생활시설,근,720
03000,제1종근린생활시설,대피소,716
02000,공동주택,복리시설,715
02000,공동주택,부대복리시설,712
06000,종교시설,제각,711
02000,공동주택,외,708
03000,제1종근린생활시설,근린생활시설및,705
03000,제1종근린생활시설,2가구,702
18000,창고시설,헛간,701
14000,업무시설,다세대주택,700
17000,공장,단독주택,698
11000,노유자시설,및,697
04000,제2종근린생활시설,위험물저장및처리시설,696
02000,공동주택,5세대,691
03000,제1종근린생활시설,학원,686
02000,공동주택,관리소,686
03000,제1종근린생활시설,상가,686
17000,공장,도정공장,680
18000,창고시설,농기계창고,679
10000,교육연구시설,중학교,676
02000,공동주택,의료시설,675
04000,제2종근린생활시설,근린공공시설,674
10000,교육연구시설,교육원,669
14000,업무시설,판매시설,668
01000,단독주택,단독주택및창고,668
05000,문화및집회시설,및,666
11000,노유자시설,영유아보육시설,661
10000,교육연구시설,고등학교,660
14000,업무시설,단독주택,658
02000,공동주택,11세대,652
05000,문화및집회시설,집회시설,651
02000,공동주택,3세대,649
16000,위락시설,주택,646
21000,동물및식물관련시설,사료창고,646
01000,단독주택,업무시설,644
04000,제2종근린생활시설,당구장,643
15000,숙박시설,제1종근린생활시설,642
18000,창고시설,부속창고,640
04000,제2종근린생활시설,주거시설,638
03000,제1종근린생활시설,2,636
02000,공동주택,판매시설,636
02000,공동주택,재활용품창고,634
01000,단독주택,다세대,633
01000,단독주택,7,632
01000,단독주택,6,629
03000,제1종근린생활시설,공장,628
15000,숙박시설,및,627
02000,공동주택,게스트하우스,626
02000,공동주택,16세대,626
06000,종교시설,단독주택,622
04000,제2종근린생활시설,경비실,622
10000,교육연구시설,제1종근린생활시설,621
03000,제1종근린생활시설,기계실,620
21000,동물및식물관련시설,축사및퇴비사,617
04000,제2종근린생활시설,법당,614
03000,제1종근린생활시설,보건진료소,614
01000,단독주택,다가구단독주택,614
01000,단독주택,관사,609
01000,단독주택,17가구,609
01000,단독주택,다중,608
04000,제2종근린생활시설,작업장,607
31000,야영장시설,화장실,607
03000,제1종근린생활시설,부속창고,605
18000,창고시설,사무소,604
04000,제2종근린생활시설,영업용,601
04000,제2종근린생활시설,근린생활시설및,600
02000,공동주택,주민회의실,600
17000,공장,사무동,600
04000,제2종근린생활시설,2가구,598
17000,공장,위험물저장소,597
03000,제1종근린생활시설,정자,594
02000,공동주택,대피소,594
01000,단독주택,지하주차장,594
04000,제2종근린생활시설,독서실,592
03000,제1종근린생활시설,대중음식점,590
03000,제1종근린생활시설,미용원,590
01000,단독주택,부속건물,586
,,근린생활시설,584
17000,공장,샤워실,584
01000,단독주택,근린생활시설및단독주택,583
06000,종교시설,및,583
05000,문화및집회시설,문화,583
02000,공동주택,연립,583
01000,단독주택,다방,583
17000,공장,지식산업센터,582
01000,단독주택,노유자시설,582
11000,노유자시설,제2종근린생활시설,580
01000,단독주택,3가구용,578
03000,제1종근린생활시설,공공용시설,577
19000,위험물저장및처리시설,위험물저장소,576
17000,공장,부속창고,575
03000,제1종근린생활시설,의료시설,575
11000,노유자시설,노인회관,570
03000,제1종근린생활시설,주택및근린생활시설,569
09000,의료시설,근린생활시설,568
02000,공동주택,주민카페,565
14000,업무시설,교육연구시설,561
01000,단독주택,농업용주택,560
11000,노유자시설,유치원,560
02000,공동주택,계단실,559
01000,단독주택,2종,558
03000,제1종근린생활시설,생,557
04000,제2종근린생활시설,농기계수리점,555
03000,제1종근린생활시설,자동차관련시설,553
07000,판매시설,업무시설,550
14000,업무시설,일반업무시설,546
Z3000,근린생활시설,사무실,545
04000,제2종근린생활시설,의원,545
22000,분뇨.쓰레기처리시설,및,544
03000,제1종근린생활시설,파출소,543
11000,노유자시설,주택,537
10000,교육연구시설,사택,530
02000,공동주택,통신실,529
10000,교육연구시설,노유자시설,529
10000,교육연구시설,경비실,527
16000,위락시설,제2종근린생활시설,527
20000,자동차관련시설,지하주차장,526
01000,단독주택,농가주택및창고,526
10000,교육연구시설,2종근린생활시설,526
18000,창고시설,농산물집하장,526
10000,교육연구시설,제1,525
03000,제1종근린생활시설,새마을회관,524
06000,종교시설,창고,520
06000,종교시설,화장실,520
03000,제1종근린생활시설,공동주택,519
01000,단독주택,계사,518
02000,공동주택,엠디에프실,517
01000,단독주택,물치장,515
01000,단독주택,교육연구시설,514
10000,교육연구시설,주택,513
21000,동물및식물관련시설,동물및,513
01000,단독주택,농가용,513
02000,공동주택,근생,510
07000,판매시설,제2종근린생활시설,509
21000,동물및식물관련시설,가축용창고,509
10000,교육연구시설,학원,507
04000,제2종근린생활시설,일용품소매점,507
17000,공장,폐수처리장,505
03000,제1종근린생활시설,제1종근린생활시설외1,503
17000,공장,부대시설,499
01000,단독주택,5가구용,498
01000,단독주택,영업,498
21000,동물및식물관련시설,콩나물재배사,497
18000,창고시설,동물및식물관련시설,497
03000,제1종근린생활시설,제1종근린생활시설외,494
02000,공동주택,15세대,492
17000,공장,실험실,491
08000,운수시설,공항시설,491
20000,자동차관련시설,창고,491
03000,제1종근린생활시설,마을공회당,491
18000,창고시설,동물관련시설,490
04000,제2종근린생활시설,2종근생,489
18000,창고시설,저온저장창고,487
04000,제2종근린생활시설,다세대주택,486
01000,단독주택,창고및변소,485
01000,단독주택,1용도,483
10000,교육연구시설,단독주택,483
14000,업무시설,창고,480
18000,창고시설,외1,478
18000,창고시설,작업장,478
23000,교정및군사시설,및,478
09000,의료시설,제1종근린생활시설,477
06000,종교시설,집회시설,475
02000,공동주택,14세대,474
02000,공동주택,생활시설,474
14000,업무시설,도시형생활주택,473
01000,단독주택,주거,473
03000,제1종근린생활시설,공중변소,473
01000,단독주택,저온창고,466
03000,제1종근린생활시설,근,464
24000,방송통신시설,공공용시설,464
01000,단독주택,제조업소,461
02000,공동주택,공중변소,461
22000,분뇨.쓰레기처리시설,폐기물처리시설,459
01000,단독주택,일용품점,459
10000,교육연구시설,연수원,459
18000,창고시설,농산물,457
05000,문화및집회시설,근린생활시설,457
03000,제1종근린생활시설,농업생산시설,457
01000,단독주택,교육연구및복지시설,454
03000,제1종근린생활시설,제2종,453
17000,공장,변전실,452
03000,제1종근린생활시설,동사무소,451
04000,제2종근린생활시설,공동주택,451
21000,동물및식물관련시설,통로,450
22000,분뇨.쓰레기처리시설,퇴비사,449
03000,제1종근린생활시설,주차장,449
06000,종교시설,성당,449
04000,제2종근린생활시설,노래연습장,448
04000,제2종근린생활시설,기숙사,448
Z5000,문화및집회시설,문화및집회시설,448
19000,위험물저장및처리시설,액화석유가스충전소,447
02000,공동주택,3,447
11000,노유자시설,창고,445
15000,숙박시설,관광호텔,444
21000,동물및식물관련시설,화장실,443
10000,교육연구시설,도서관,443
19000,위험물저장및처리시설,위험물저장및,441
13000,운동시설,근린생활시설,441
14000,업무시설,주택,439
17000,공장,변소,437
19000,위험물저장및처리시설,위험물,437
02000,공동주택,8,434
10000,교육연구시설,숙직실,434
02000,공동주택,멀티프로그램실,433
02000,공동주택,경비실1,432
07000,판매시설,상점,432
17000,공장,전기실,431
15000,숙박시설,2종근린생활시설,431
01000,단독주택,음식점,431
03000,제1종근린생활시설,한의원,429
02000,공동주택,제연휀룸,429
03000,제1종근린생활시설,노인회관,429
02000,공동주택,공동주택외1,428
01000,단독주택,2종근생,427
02000,공동주택,구매시설,426
11000,노유자시설,아동관련시설,425
06000,종교시설,노유자시설,425
02000,공동주택,기계전기실,425
19000,위험물저장및처리시설,자동차관련시설,424
07000,판매시설,영업소,421
01000,단독주택,주택및창고시설,420
18000,창고시설,집하장,417
02000,공동주택,mdf,417
03000,제1종근린생활시설,3가구,417
01000,단독주택,점포및주택,417
21000,동물및식물관련시설,시설,417
03000,제1종근린생활시설,보일러실,416
21000,동물및식물관련시설,오리사,415
03000,제1종근린생활시설,다세대주택,415
01000,단독주택,학원,414
18000,창고시설,건조실,413
12000,수련시설,교육연구및복지시설,413
15000,숙박시설,창고,411
02000,공동주택,경비실2,411
17000,공장,제1종근린생활시설,410
03000,제1종근린생활시설,마을공동작업소,408
21000,동물및식물관련시설,농가주택,408
03000,제1종근린생활시설,여관,408
03000,제1종근린생활시설,상점,407
03000,제1종근린생활시설,노인정,407
01000,단독주택,위험물저장및처리시설,406
16000,위락시설,단독주택,406
18000,창고시설,퇴비사,404
01000,단독주택,건조장,401
,,단독주택,400
01000,단독주택,농업용,399
01000,단독주택,주택외,398
20000,자동차관련시설,제1종근린생활시설,397
10000,교육연구시설,화장실,396
03000,제1종근린생활시설,당구장,395
20000,자동차관련시설,2종근린생활시설,393
18000,창고시설,냉장창고,391
11000,노유자시설,교육연구,391
03000,제1종근린생활시설,주거시설,389
04000,제2종근린생활시설,1종근린생활시설,389
18000,창고시설,변소,388
04000,제2종근린생활시설,다가구,387
23000,교정및군사시설,교정,386
19000,위험물저장및처리시설,창고,386
04000,제2종근린생활시설,차고,386
18000,창고시설,점포,386
19000,위험물저장및처리시설,제2종근린생활시설,386
02000,공동주택,재활용창고,385
06000,종교시설,법당,385
02000,공동주택,피트니스센터,385
02000,공동주택,단독주택,381
33000,"국방,군사시설",국방ㆍ군사시설,381
Z3000,근린생활시설,변소,380
18000,창고시설,교육연구시설,379
15000,숙박시설,호스텔,378
04000,제2종근린생활시설,근린시설,377
01000,단독주택,4가구용,377
27000,관광휴게시설,휴게소,375
24000,방송통신시설,근린공공시설,375
04000,제2종근린생활시설,기계실,372
02000,공동주택,원룸형주택,372
11000,노유자시설,경노당,371
01000,단독주택,단독주택및제2종근린생활시설,371
20000,자동차관련시설,제1,370
18000,창고시설,농수산물보관창고,370
01000,단독주택,변소및창고,370
04000,제2종근린생활시설,제2종근린생활,370
04000,제2종근린생활시설,골프연습장,370
10000,교육연구시설,업무시설,369
02000,공동주택,gx룸,368
14000,업무시설,운동시설,368
01000,단독주택,종교시설,367
01000,단독주택,2가구용,366
01000,단독주택,4세대,365
04000,제2종근린생활시설,금융업소,365
04000,제2종근린생활시설,제1종근생,362
18000,창고시설,보관창고,360
Z3000,근린생활시설,창고,359
02000,공동주택,휘트니스,358
01000,단독주택,단독주택및,358
21000,동물및식물관련시설,부속사,358
03000,제1종근린생활시설,구판장,357
15000,숙박시설,제1,356
02000,공동주택,피트니스,355
21000,동물및식물관련시설,건조장,355
04000,제2종근린생활시설,부속사,355
14000,업무시설,위락시설,352
06000,종교시설,문화,352
02000,공동주택,감시실,351
18000,창고시설,감귤창고,351
18000,창고시설,주택및창고,350
17000,공장,위험물저장및처리시설,349
21000,동물및식물관련시설,톱밥우사,349
05000,문화및집회시설,전시시설,348
01000,단독주택,자동차관련시설,348
13000,운동시설,골프연습장,347
18000,창고시설,농기계,347
18000,창고시설,경비실,346
08000,운수시설,항만시설,345
15000,숙박시설,일반음식점,345
02000,공동주택,입주자회의실,345
13000,운동시설,제2종근린생활시설,343
02000,공동주택,협동주택,343
29000,장례시설,장례식장,342
01000,단독주택,광,341
19000,위험물저장및처리시설,공장,341
01000,단독주택,미용원,340
03000,제1종근린생활시설,문화및집회시설,340
30000,자원순환관련시설,고물상,340
21000,동물및식물관련시설,종묘배양시설,340
03000,제1종근린생활시설,2종근생,339
21000,동물및식물관련시설,관련,339
02000,공동주택,화장실,338
10000,교육연구시설,급식소,338
19000,위험물저장및처리시설,제1종근린생활시설,338
02000,공동주택,외부계단,338
18000,창고시설,식물관련시설,337
17000,공장,정미소,336
03000,제1종근린생활시설,농산물간이집하장,335
21000,동물및식물관련시설,축분장,335
03000,제1종근린생활시설,제조업소,334
10000,교육연구시설,체육관,333
02000,공동주택,도시형생활주택단지형다세대,331
17000,공장,제조시설,330
03000,제1종근린생활시설,공공업무시설,329
03000,제1종근린생활시설,제2종근생,328
11000,노유자시설,화장실,326
04000,제2종근린생활시설,사당,326
10000,교육연구시설,교육시설,326
03000,제1종근린생활시설,다가구용단독주택,325
18000,창고시설,물치장,325
01000,단독주택,정미소,323
01000,단독주택,1세대,322
20000,자동차관련시설,및,322
02000,공동주택,택배보관실,321
04000,제2종근린생활시설,사택,320
17000,공장,지원시설,319
24000,방송통신시설,통신시설,319
02000,공동주택,운동시설,318
01000,단독주택,8,318
09000,의료시설,요양병원,318
14000,업무시설,외,317
11000,노유자시설,교육연구시설,317
01000,단독주택,단독주택외1건,317
21000,동물및식물관련시설,착유실,317
04000,제2종근린생활시설,대피소,316
01000,단독주택,근린,315
17000,공장,연구실,315
22000,분뇨.쓰레기처리시설,분뇨쓰레기처리시설,315
06000,종교시설,재실,313
02000,공동주택,19세대,312
Z5000,문화및집회시설,교회,312
04000,제2종근린생활시설,제각,312
18000,창고시설,소매점,312
04000,제2종근린생활시설,제2종근린생활시설외2,311
03000,제1종근린생활시설,탁구장,311
12000,수련시설,청소년수련시설,311
21000,동물및식물관련시설,견사,311
,,축사,310
11000,노유자시설,근린공공시설,309
01000,단독주택,주택및부속사,309
12000,수련시설,청소년수련원,309
04000,제2종근린생활시설,다중생활시설,309
03000,제1종근린생활시설,체육도장,309
01000,단독주택,다가구주택및,309
04000,제2종근린생활시설,휴게실,309
04000,제2종근린생활시설,체력단련장,308
18000,창고시설,1,307
03000,제1종근린생활시설,보건소,307
17000,공장,탈의실,306
03000,제1종근린생활시설,소방서,306
17000,공장,2종근린생활시설,305
02000,공동주택,사무실,304
04000,제2종근린생활시설,보일러실,304
18000,창고시설,고,304
18000,창고시설,창,304
02000,공동주택,열교환기실,303
01000,단독주택,단독주택외2,303
20000,자동차관련시설,폐차장,302
20000,자동차관련시설,매매장,301
02000,공동주택,보육실,300
04000,제2종근린생활시설,관리실,298
Z8000,교육연구및복지시설,노유자시설,298
02000,공동주택,교육연구시설,297
19000,위험물저장및처리시설,사무소,297
01000,단독주택,농가용창고,297
14000,업무시설,주차장,295
14000,업무시설,소매점,295
18000,창고시설,농가용,295
17000,공장,위험물창고,295
21000,동물및식물관련시설,양어장,293
01000,단독주택,목욕탕,292
01000,단독주택,저온저장고,292
17000,공장,제조공장,291
19000,위험물저장및처리시설,세차장,291
01000,단독주택,오피스텔,289
06000,종교시설,사택,288
21000,동물및식물관련시설,변소,287
01000,단독주택,단독주택및근린생활시설,287
13000,운동시설,골프장,287
03000,제1종근린생활시설,부속사,287
17000,공장,물탱크실,287
04000,제2종근린생활시설,주택및근린생활시설,287
21000,동물및식물관련시설,양계장,287
17000,공장,대피소,285
19000,위험물저장및처리시설,주택,285
04000,제2종근린생활시설,제2종근린생활시설및단독주택,285
03000,제1종근린생활시설,주택및점포,284
15000,숙박시설,콘도미니엄,284
03000,제1종근린생활시설,유흥음식점,283
03000,제1종근린생활시설,작업장,283
,,점포,283
21000,동물및식물관련시설,우분장,282
10000,교육연구시설,수위실,282
03000,제1종근린생활시설,경노당,282
11000,노유자시설,아동복지시설,281
04000,제2종근린생활시설,요사체,280
08000,운수시설,판매및영업시설,279
04000,제2종근린생활시설,3가구,278
20000,자동차관련시설,단독주택,277
04000,제2종근린생활시설,단란주점,276
21000,동물및식물관련시설,축양장,276
01000,단독주택,교회,276
15000,숙박시설,보일러실,276
06000,종교시설,교육관,276
03000,제1종근린생활시설,위험물저장및처리시설,275
11000,노유자시설,유아원,275
08000,운수시설,철도시설,275
02000,공동주택,13세대,275
02000,공동주택,1세대,274
19000,위험물저장및처리시설,위험물저장처리시설,274
02000,공동주택,도시형,274
04000,제2종근린생활시설,수위실,274
Z3000,근린생활시설,제2종근린생활시설,273
04000,제2종근린생활시설,다중주택,272
14000,업무시설,은행,272
18000,창고시설,2종근린생활시설,271
04000,제2종근린생활시설,부속,271
03000,제1종근린생활시설,1종,270
02000,공동주택,18세대,269
01000,단독주택,대피실,269
06000,종교시설,사당,268
10000,교육연구시설,변소,268
30000,자원순환관련시설,창고,268
02000,공동주택,휀룸,268
01000,단독주택,식당,268
13000,운동시설,체육관,267
03000,제1종근린생활시설,음식점,267
04000,제2종근린생활시설,유흥음식점,267
05000,문화및집회시설,제2종근린생활시설,266
02000,공동주택,노유자시설,266
10000,교육연구시설,교육연구시설및복지시설,266
04000,제2종근린생활시설,1용도,266
06000,종교시설,교육연구및복지시설,266
10000,교육연구시설,다목적강당,264
04000,제2종근린생활시설,제2종근,263
01000,단독주택,작업장,263
17000,공장,공장및사무실,263
20000,자동차관련시설,공장,261
02000,공동주택,다목적실,261
18000,창고시설,기계실,259
19000,위험물저장및처리시설,위험물저장시설,259
13000,운동시설,제1종근린생활시설,259
03000,제1종근린생활시설,공공시설,259
20000,자동차관련시설,화장실,258
19000,위험물저장및처리시설,저장,258
01000,단독주택,주택및부속,258
03000,제1종근린생활시설,생활시설,257
21000,동물및식물관련시설,곤충사육사,256
21000,동물및식물관련시설,사무실,256
21000,동물및식물관련시설,톱밥발효우사,256
10000,교육연구시설,강당,255
02000,공동주택,도시형생활주택단지형,255
01000,단독주택,5세대,255
11000,노유자시설,마을회관,254
15000,숙박시설,소매점,254
01000,단독주택,미용실,253
18000,창고시설,근린공공시설,252
10000,교육연구시설,관사,252
03000,제1종근린생활시설,관리사,252
02000,공동주택,맘스스테이션,251
14000,업무시설,1,251
16000,위락시설,유흥주점,251
03000,제1종근린생활시설,식당,250
04000,제2종근린생활시설,처리시설,250
03000,제1종근린생활시설,보건지소,250
05000,문화및집회시설,제1종근린생활시설,250
10000,교육연구시설,급식실,249
18000,창고시설,농산물보관,248
17000,공장,아파트형공장,248
03000,제1종근린생활시설,미용실,248
04000,제2종근린생활시설,주유소,247
05000,문화및집회시설,관람집회시설,247
01000,단독주택,11,247
03000,제1종근린생활시설,근린생활시설및단독주택,247
03000,제1종근린생활시설,휴게실,247
01000,단독주택,방,247
17000,공장,제1,246
07000,판매시설,사무실,246
17000,공장,식품공장,246
02000,공동주택,도시형생활주택원룸형,244
17000,공장,관리사,243
17000,공장,물품제조공장,243
01000,단독주택,숙박시설,242
04000,제2종근린생활시설,근린생활시설및단독주택,242
18000,창고시설,생산시설,242
10000,교육연구시설,연구시설,241
21000,동물및식물관련시설,식물재배사,241
18000,창고시설,창고및주택,240
17000,공장,업무시설,240
19000,위험물저장및처리시설,위험물취급소,240
11000,노유자시설,보육시설,240
18000,창고시설,농산물간이집하장,239
14000,업무시설,외1,239
10000,교육연구시설,식당,239
01000,단독주택,주택및축사,238
21000,동물및식물관련시설,사,237
03000,제1종근린생활시설,전신전화국,237
17000,공장,실,237
07000,판매시설,소매시장,236
07000,판매시설,영업,236
04000,제2종근린생활시설,세차장,235
03000,제1종근린생활시설,농산물집하장,235
21000,동물및식물관련시설,건조실,235
02000,공동주택,근린생활시설및다세대주택,235
07000,판매시설,및,234
01000,단독주택,및근린생활시설,234
18000,창고시설,물치,234
06000,종교시설,요사체,233
02000,공동주택,공동주택외,233
03000,제1종근린생활시설,차고,232
18000,창고시설,동,232
20000,자동차관련시설,검사장,232
03000,제1종근린생활시설,우산각,232
12000,수련시설,자연권수련시설,231
04000,제2종근린생활시설,농업생산시설,230
03000,제1종근린생활시설,이용원,230
02000,공동주택,외2,229
03000,제1종근린생활시설,관리실,228
Z3000,근린생활시설,위락시설,228
17000,공장,자동차관련시설,228
04000,제2종근린생활시설,재실,228
15000,숙박시설,생활형숙박시설,228
03000,제1종근린생활시설,구매시설,228
04000,제2종근린생활시설,자동차수리점,227
20000,자동차관련시설,자동차,227
02000,공동주택,관리동,227
18000,창고시설,농기계공동보관창고,227
21000,동물및식물관련시설,돈분장,227
03000,제1종근린생활시설,다가구,226
27000,관광휴게시설,화장실,226
16000,위락시설,유흥음식점,224
15000,숙박시설,외,224
02000,공동주택,무인택배실,224
09000,의료시설,제2종근린생활시설,224
Z5000,문화및집회시설,주택,223
22000,분뇨.쓰레기처리시설,분뇨처리시설,223
01000,단독주택,수리점,223
21000,동물및식물관련시설,양계사,223
,,및,221
09000,의료시설,제1,221
06000,종교시설,제1종근린생활시설,221
21000,동물및식물관련시설,근린생활시설,220
04000,제2종근린생활시설,의료시설,220
18000,창고시설,외,218
14000,업무시설,기계실,218
02000,공동주택,중앙공급실,217
17000,공장,1,217
22000,분뇨.쓰레기처리시설,고물상,216
05000,문화및집회시설,화장실,216
17000,공장,냉동창고,216
08000,운수시설,운전보안시설,216
21000,동물및식물관련시설,제2종근린생활시설,215
01000,단독주택,창고및,215
21000,동물및식물관련시설,볏짚창고,215
14000,업무시설,문화및집회시설,215
02000,공동주택,제2종근생,215
14000,업무시설,금융업소,214
14000,업무시설,공장,214
20000,자동차관련시설,사무소,214
03000,제1종근린생활시설,부속,214
01000,단독주택,법당,213
01000,단독주택,10,211
07000,판매시설,운동시설,211
24000,방송통신시설,통신기계실,211
02000,공동주택,4,210
17000,공장,주차장,210
01000,단독주택,대문,209
15000,숙박시설,대중음식점,209
01000,단독주택,저장고,208
17000,공장,자재창고,208
21000,동물및식물관련시설,가축시설,208
05000,문화및집회시설,종교시설,207
18000,창고시설,군사시설,207
04000,제2종근린생활시설,사설강습소,207
13000,운동시설,창고,207
01000,단독주택,보이라실,207
01000,단독주택,상점,207
25000,발전시설,전기실,206
18000,창고시설,물류창고,206
14000,업무시설,전기실,206
04000,제2종근린생활시설,숙소,206
03000,제1종근린생활시설,일용품점,206
02000,공동주택,교육연구및복지시설,206
04000,제2종근린생활시설,지하주차장,205
01000,단독주택,부건,205
04000,제2종근린생활시설,유흥주점,205
04000,제2종근린생활시설,사진관,205
03000,제1종근린생활시설,복지시설,204
02000,공동주택,다세대주택및근린생활시설,204
16000,위락시설,점포,203
01000,단독주택,처리시설,203
03000,제1종근린생활시설,지역자치센터,203
09000,의료시설,2종근린생활시설,202
01000,단독주택,동,202
04000,제2종근린생활시설,제2근린생활시설,202
18000,창고시설,교육연구및복지시설,202
01000,단독주택,7가구용,201
02000,공동주택,택배보관소,201
07000,판매시설,2종근린생활시설,201
21000,동물및식물관련시설,퇴비저장시설,201
17000,공장,제조업,200
03000,제1종근린생활시설,배수장,200
15000,숙박시설,1,200
02000,공동주택,대피실,200
03000,제1종근린생활시설,펌프실,200
02000,공동주택,방재센터,199
18000,창고시설,농산물저장창고,199
19000,위험물저장및처리시설,단독주택,199
22000,분뇨.쓰레기처리시설,폐기물재활용시설,199
01000,단독주택,근생및주택,198
02000,공동주택,사회적기업,197
04000,제2종근린생활시설,근린생활시설외,197
17000,공장,물품,197
02000,공동주택,변소,197
19000,위험물저장및처리시설,케노피,197
03000,제1종근린생활시설,제1종및제2종근린생활시설,197
02000,공동주택,공장,197
14000,업무시설,점포,196
04000,제2종근린생활시설,제2종근린생활시설및주택,196
15000,숙박시설,다방,196
21000,동물및식물관련시설,퇴적장,196
09000,의료시설,종합병원,196
07000,판매시설,문화및집회시설,195
01000,단독주택,근생및다가구주택,195
23000,교정및군사시설,관사,195
03000,제1종근린생활시설,일반목욕장,194
19000,위험물저장및처리시설,화장실,194
04000,제2종근린생활시설,여관,194
01000,단독주택,창고및화장실,194
07000,판매시설,소매점,193
01000,단독주택,농산물창고,193
18000,창고시설,양곡창고,192
19000,위험물저장및처리시설,기계실,192
02000,공동주택,주민복지관,191
01000,단독주택,제실,190
01000,단독주택,6가구용,190
21000,동물및식물관련시설,저장조,190
03000,제1종근린생활시설,목욕장,189
01000,단독주택,1종,189
02000,공동주택,10,189
14000,업무시설,외2,189
21000,동물및식물관련시설,축,189
01000,단독주택,주택부속창고,189
16000,위락시설,제1종근린생활시설,189
02000,공동주택,방재시설,188
30000,자원순환관련시설,사무실,188
30000,자원순환관련시설,자원순환시설,188
17000,공장,관리실,188
01000,단독주택,9,187
05000,문화및집회시설,경마장,187
07000,판매시설,위락시설,186
02000,공동주택,관리,185
02000,공동주택,중간기계실,185
01000,단독주택,근생시설,185
21000,동물및식물관련시설,축사및창고,185
06000,종교시설,수녀원,185
07000,판매시설,제1,184
03000,제1종근린생활시설,사설강습소,184
04000,제2종근린생활시설,관리사무소,184
17000,공장,2,184
03000,제1종근린생활시설,3,182
03000,제1종근린생활시설,주민공동이용시설,182
03000,제1종근린생활시설,제1종근린생활,181
10000,교육연구시설,사무실,181
14000,업무시설,창고시설,181
01000,단독주택,생활시설,181
03000,제1종근린생활시설,관사,180
18000,창고시설,농산물저온창고,180
14000,업무시설,2,180
02000,공동주택,지하실,180
17000,공장,콤프레샤실,179
01000,단독주택,부속화장실,179
01000,단독주택,및제2종근린생활시설,179
03000,제1종근린생활시설,생활편익시설,179
02000,공동주택,발전기,178
17000,공장,비공해공장,178
02000,공동주택,다가구주택,177
03000,제1종근린생활시설,간이음식점,177
18000,창고시설,제1,177
13000,운동시설,2종근린생활시설,177
07000,판매시설,제1종근린생활시설,177
04000,제2종근린생활시설,도정공장,177
04000,제2종근린생활시설,3,176
10000,교육연구시설,교육연구및,175
20000,자동차관련시설,주택,175
02000,공동주택,키즈카페,175
18000,창고시설,기타창고시설,175
13000,운동시설,화장실,174
13000,운동시설,제1,174
18000,창고시설,차고,174
02000,공동주택,가스저장소,174
17000,공장,숙직실,174
01000,단독주택,여관,174
30000,자원순환관련시설,폐기물처분시설,174
11000,노유자시설,외1,174
04000,제2종근린생활시설,축사,173
02000,공동주택,근로자휴게실,173
07000,판매시설,상가,173
05000,문화및집회시설,박물관,173
02000,공동주택,옥외계단,173
01000,단독주택,1건,173
06000,종교시설,교육연구시설,173
17000,공장,위험물제조소,173
03000,제1종근린생활시설,복지회관,172
21000,동물및식물관련시설,축사및,172
03000,제1종근린생활시설,세탁소,172
16000,위락시설,2종근린생활시설,172
17000,공장,차고,172
02000,공동주택,맘스카페,172
02000,공동주택,북카페,172
Z3000,근린생활시설,2종근린생활시설,172
04000,제2종근린생활시설,제1종및제2종근린생활시설,171
04000,제2종근린생활시설,위험물저장,171
03000,제1종근린생활시설,지역아동센터,171
02000,공동주택,도시형생활,171
17000,공장,저온창고,171
20000,자동차관련시설,업무시설,171
20000,자동차관련시설,자동차정비공장,171
02000,공동주택,가스정압실,171
02000,공동주택,재활용품보관창고,170
03000,제1종근린생활시설,1용도,170
17000,공장,도자기공장,170
03000,제1종근린생활시설,기타공공시설,170
01000,단독주택,여인숙,170
25000,발전시설,발전소,169
04000,제2종근린생활시설,집회시설,169
18000,창고시설,제조업소,169
15000,숙박시설,주차장,169
04000,제2종근린생활시설,다가구용단독주택,169
01000,단독주택,단독주택및창고시설,169
04000,제2종근린생활시설,제조시설,169
02000,공동주택,생활주택,168
03000,제1종근린생활시설,약국,168
18000,창고시설,농사용,168
02000,공동주택,통합경비실,168
02000,공동주택,8가구,168
01000,단독주택,농업생산,167
04000,제2종근린생활시설,펌프실,167
01000,단독주택,종교집회장,167
16000,위락시설,제1,167
17000,공장,점포,167
04000,제2종근린생활시설,관람집회시설,166
22000,분뇨.쓰레기처리시설,사무실,166
,,창고시설,166
02000,공동주택,보일러실,165
04000,제2종근린생활시설,4가구,165
30000,자원순환관련시설,하수등처리시설,165
18000,창고시설,곶감건조장,164
01000,단독주택,부주택,164
21000,동물및식물관련시설,관리실,164
02000,공동주택,등,164
01000,단독주택,11가구용,164
04000,제2종근린생활시설,복지시설,163
,,변소,163
19000,위험물저장및처리시설,위험물처리시설,163
04000,제2종근린생활시설,숙직실,163
,,61,163
04000,제2종근린생활시설,산신각,163
21000,동물및식물관련시설,축사시설,162
02000,공동주택,제1종근생,162
21000,동물및식물관련시설,재배사,161
04000,제2종근린생활시설,부동산중개업소,161
22000,분뇨.쓰레기처리시설,화장실,161
11000,노유자시설,2종근린생활시설,160
18000,창고시설,회관,160
07000,판매시설,판매,160
02000,공동주택,휴게실,160
17000,공장,room,160
01000,단독주택,단독주택외1용도,160
02000,공동주택,지열기계실,160
03000,제1종근린생활시설,회의실,159
04000,제2종근린생활시설,전기실,159
04000,제2종근린생활시설,게이트볼장,159
08000,운수시설,철도역사,159
20000,자동차관련시설,운전학원,159
01000,단독주택,오양,159
17000,공장,경비동,159
22000,분뇨.쓰레기처리시설,하수종말처리장,159
03000,제1종근린생활시설,마을모정,158
02000,공동주택,일반음식점,158
01000,단독주택,국민주택,158
06000,종교시설,2종근린생활시설,158
20000,자동차관련시설,기계실,157
03000,제1종근린생활시설,관리사무소,157
22000,분뇨.쓰레기처리시설,창고,157
14000,업무시설,경비실,157
03000,제1종근린생활시설,근린생활시설외,157
22000,분뇨.쓰레기처리시설,하수처리장,157
18000,창고시설,농산물저온저장고,157
01000,단독주택,부엌,157
Z3000,근린생활시설,및,156
03000,제1종근린생활시설,전기실,156
Z3000,근린생활시설,제1,156
10000,교육연구시설,종교시설,156
01000,단독주택,농어촌주택,156
15000,숙박시설,외1,156
04000,제2종근린생활시설,부동산중개사무소,155
11000,노유자시설,아동시설,155
02000,공동주택,수위실,155
01000,단독주택,창고및주택,155
04000,제2종근린생활시설,정자,155
20000,자동차관련시설,관련시설,155
02000,공동주택,구매,155
10000,교육연구시설,다목적교실,154
21000,동물및식물관련시설,동ㆍ식물관련시설,154
02000,공동주택,5,154
18000,창고시설,관리실,153
07000,판매시설,창고,153
05000,문화및집회시설,단독주택,153
18000,창고시설,농업인창고,153
15000,숙박시설,유흥음식점,153
03000,제1종근린생활시설,근린,153
01000,단독주택,가옥,153
14000,업무시설,노유자시설,153
02000,공동주택,세대창고,153
14000,업무시설,지하주차장,152
01000,단독주택,물탱크실,152
02000,공동주택,용역원휴게실,151
03000,제1종근린생활시설,농가주택,151
17000,공장,회의실,151
02000,공동주택,1종근린생활시설,151
04000,제2종근린생활시설,농가주택,151
22000,분뇨.쓰레기처리시설,처리시설,151
03000,제1종근린생활시설,공동작업장,150
11000,노유자시설,제1,150
02000,공동주택,원룸형다세대,150
01000,단독주택,동물및,150
04000,제2종근린생활시설,일반업무시설,150
04000,제2종근린생활시설,요사채,149
,,사무실,149
17000,공장,하역장,149
03000,제1종근린생활시설,이발소,149
01000,단독주택,외1용도,148
01000,단독주택,1종근생,148
03000,제1종근린생활시설,지하실,148
04000,제2종근린생활시설,자동차영업소,148
01000,단독주택,12,148
03000,제1종근린생활시설,독서실,148
04000,제2종근린생활시설,예능계학원,147
03000,제1종근린생활시설,점포및사무실,147
04000,제2종근린생활시설,목공소,146
19000,위험물저장및처리시설,액화가스판매소,146
02000,공동주택,a,146
17000,공장,소매점,146
07000,판매시설,주택,146
10000,교육연구시설,공장,146
01000,단독주택,별장,146
13000,운동시설,승마장,145
01000,단독주택,사찰,145
11000,노유자시설,종교시설,145
01000,단독주택,문화및집회시설,145
03000,제1종근린생활시설,노래연습장,144
21000,동물및식물관련시설,부속,144
24000,방송통신시설,기계실,144
03000,제1종근린생활시설,여인숙,143
17000,공장,구내식당,143
03000,제1종근린생활시설,주택및,143
24000,방송통신시설,통신용시설,143
01000,단독주택,11호,143
21000,동물및식물관련시설,한우,142
02000,공동주택,생활편의시설,142
21000,동물및식물관련시설,부화장,141
18000,창고시설,창고및화장실,141
01000,단독주택,단독주택및제1종근린생활시설,141
03000,제1종근린생활시설,동회관,141
Z3000,근린생활시설,소매점,141
03000,제1종근린생활시설,마을공동창고,141
03000,제1종근린생활시설,종교시설,141
01000,단독주택,기숙사,141
05000,문화및집회시설,창고,141
03000,제1종근린생활시설,아파트,140
02000,공동주택,우수저류조,140
01000,단독주택,변소및,140
02000,공동주택,단지형연립,139
01000,단독주택,주택및소매점,139
04000,제2종근린생활시설,근린생활시설외1,138
02000,공동주택,유치원,138
03000,제1종근린생활시설,계단실,138
21000,동물및식물관련시설,소독실,137
06000,종교시설,사무실,137
04000,제2종근린생활시설,회의실,137
07000,판매시설,교육연구시설,137
04000,제2종근린생활시설,방앗간,137
03000,제1종근린생활시설,판매및영업시설,137
04000,제2종근린생활시설,탁구장,136
17000,공장,사,136
18000,창고시설,건가시설,136
18000,창고시설,농업용저온창고,136
10000,교육연구시설,차고,136
01000,단독주택,농가용주택및창고,136
03000,제1종근린생활시설,시설,136
01000,단독주택,농가주택및,136
02000,공동주택,옥외승강기,136
01000,단독주택,의원,135
29000,장례시설,장례시설,135
30000,자원순환관련시설,분뇨및쓰레기처리시설,135
02000,공동주택,2세대,135
16000,위락시설,숙박시설,135
15000,숙박시설,목욕탕,134
18000,창고시설,기숙사,134
02000,공동주택,제1종,134
03000,제1종근린생활시설,근린생활시설외1,134
02000,공동주택,6,134
18000,창고시설,집배송시설,134
01000,단독주택,외1건,133
14000,업무시설,다가구주택,133
14000,업무시설,업무시설외,133
05000,문화및집회시설,체험관,133
03000,제1종근린생활시설,마을공동작업장,133
18000,창고시설,간이집하장,133
03000,제1종근린생활시설,교육연구,133
02000,공동주택,무인택배보관소,133
04000,제2종근린생활시설,동물및식물관련시설,132
03000,제1종근린생활시설,매점,132
03000,제1종근린생활시설,경비실,132
01000,단독주택,기타,132
01000,단독주택,제2종근,132
06000,종교시설,요사채,132
01000,단독주택,위험물취급소,132
14000,업무시설,관리사무소,131
02000,공동주택,실내골프연습장,131
18000,창고시설,자동차관련시설,131
17000,공장,무,131
04000,제2종근린생활시설,근린,131
01000,단독주택,위험물저장,131
01000,단독주택,영업용,131
31000,야영장시설,샤워실,130
02000,공동주택,및근린생활시설,130
17000,공장,농산물가공공장,130
01000,단독주택,15,130
02000,공동주택,7,130
09000,의료시설,창고,129
03000,제1종근린생활시설,마을공동구판장,129
21000,동물및식물관련시설,축분건조장,129
07000,판매시설,영업시설,129
18000,창고시설,식당,128
01000,단독주택,세탁소,128
11000,노유자시설,1,128
05000,문화및집회시설,2종근린생활시설,128
02000,공동주택,9,128
04000,제2종근린생활시설,관리사무실,128
30000,자원순환관련시설,처리시설,128
04000,제2종근린생활시설,제1종근린생활시설외,128
04000,제2종근린생활시설,외3,127
17000,공장,위험물옥내저장소,127
01000,단독주택,16,127
02000,공동주택,맘스테이션,127
22000,분뇨.쓰레기처리시설,쓰레기,127
02000,공동주택,임대,127
01000,단독주택,근린공공시설,127
03000,제1종근린생활시설,1종근생,127
18000,창고시설,우사,127
21000,동물및식물관련시설,축사및관리사,126
11000,노유자시설,외,126
04000,제2종근린생활시설,동물관련시설,126
01000,단독주택,주택및제2종근린생활시설,126
03000,제1종근린생활시설,주민공동시설,126
02000,공동주택,생,126
03000,제1종근린생활시설,가스배관시설,126
10000,교육연구시설,기계실,126
17000,공장,폐기물보관소,126
17000,공장,공장및창고,125
01000,단독주택,계단실,125
17000,공장,위험물저장창고,125
13000,운동시설,및,125
Z3000,근린생활시설,제1종근린생활시설,125
10000,교육연구시설,펌프실,125
10000,교육연구시설,학교시설,125
11000,노유자시설,시설,124
01000,단독주택,농어업용주택,124
06000,종교시설,변소,124
21000,동물및식물관련시설,공장,124
12000,수련시설,화장실,124
01000,단독주택,다가구주택및제2종근린생활시설,124
04000,제2종근린생활시설,농산물가공처리시설,124
05000,문화및집회시설,동물원,123
Z3000,근린생활시설,근린생활,123
03000,제1종근린생활시설,대피실,123
03000,제1종근린생활시설,점포및,123
04000,제2종근린생활시설,계단실,123
02000,공동주택,저수조,123
04000,제2종근린생활시설,교습소,123
Z3000,근린생활시설,근린생활시설및주택,123
03000,제1종근린생활시설,배수펌프장,123
02000,공동주택,지하대피소,123
01000,단독주택,19,123
03000,제1종근린생활시설,관광휴게시설,122
21000,동물및식물관련시설,한우사,122
01000,단독주택,이용원,122
,,공장,122
Z3000,근린생활시설,창고시설,122
01000,단독주택,공관,122
21000,동물및식물관련시설,퇴비장,122
21000,동물및식물관련시설,버섯,122
17000,공장,처리시설,121
01000,단독주택,농사용창고,121
11000,노유자시설,노유자,121
06000,종교시설,사제관,121
21000,동물및식물관련시설,도축장,121
10000,교육연구시설,문화및집회시설,121
04000,제2종근린생활시설,대문,121
06000,종교시설,대웅전,121
02000,공동주택,회의실,121
04000,제2종근린생활시설,부속화장실,121
02000,공동주택,근린생활,120
19000,위험물저장및처리시설,석유판매소,120
18000,창고시설,보관,120
02000,공동주택,apt,120
04000,제2종근린생활시설,판매및영업시설,120
18000,창고시설,보일러실,120
09000,의료시설,장례식장,120
03000,제1종근린생활시설,옥탑,119
03000,제1종근린생활시설,연쇄점,119
19000,위험물저장및처리시설,위험물제조소,119
02000,공동주택,창고시설,119
18000,창고시설,마을공동창고,119
02000,공동주택,p,119
11000,노유자시설,복지회관,119
03000,제1종근린생활시설,유흥주점,119
10000,교육연구시설,교사동,118
09000,의료시설,및,118
10000,교육연구시설,경비초소,118
10000,교육연구시설,실습실,118
04000,제2종근린생활시설,교육관,118
04000,제2종근린생활시설,상가,118
02000,공동주택,외부계단실,118
02000,공동주택,계절창고,117
03000,제1종근린생활시설,공공도서관,117
18000,창고시설,농수산물창고,117
17000,공장,야적장,117
04000,제2종근린생활시설,일반공장,117
21000,동물및식물관련시설,1,117
18000,창고시설,위험물저장및처리시설,117
03000,제1종근린생활시설,가압장,116
03000,제1종근린생활시설,방앗간,116
04000,제2종근린생활시설,관광휴게시설,116
04000,제2종근린생활시설,미용원,116
04000,제2종근린생활시설,교육연구,116
18000,창고시설,업무시설,116
04000,제2종근린생활시설,저온창고,116
10000,교육연구시설,운동시설,116
04000,제2종근린생활시설,농산물가공시설,116
15000,숙박시설,사무소,116
07000,판매시설,기타판매시설,116
27000,관광휴게시설,창고,115
10000,교육연구시설,외,115
04000,제2종근린생활시설,성당,115
02000,공동주택,근,114
01000,단독주택,미장원,114
14000,업무시설,아파트,114
02000,공동주택,홀,114
01000,단독주택,8가구용,114
18000,창고시설,자재창고,114
04000,제2종근린생활시설,기원,114
01000,단독주택,독서실,114
14000,업무시설,발전기실,114
15000,숙박시설,창고시설,114
21000,동물및식물관련시설,물탱크실,114
22000,분뇨.쓰레기처리시설,폐수처리장,114
09000,의료시설,주택,114
18000,창고시설,송풍실,114
04000,제2종근린생활시설,오피스텔,113
,,관리사,113
17000,공장,연구소,113
03000,제1종근린생활시설,치과의원,113
02000,공동주택,제2종,113
01000,단독주택,다가구주택5가구,113
02000,공동주택,지하저수조,113
06000,종교시설,식당,113
01000,단독주택,14호,113
18000,창고시설,농산물건조장,113
01000,단독주택,농어가,113
18000,창고시설,창고및,113
18000,창고시설,하역장,112
03000,제1종근린생활시설,기타,112
17000,공장,캐노피,112
22000,분뇨.쓰레기처리시설,공장,112
03000,제1종근린생활시설,수리점,112
02000,공동주택,2호,112
07000,판매시설,창고시설,112
01000,단독주택,농기계보관창고,112
02000,공동주택,인포넷센터,112
04000,제2종근린생활시설,도시형생활주택,112
02000,공동주택,감시제어반실,112
10000,교육연구시설,교육,111
17000,공장,수산물가공공장,111
05000,문화및집회시설,제1,111
01000,단독주택,주택외1,111
03000,제1종근린생활시설,축사,111
04000,제2종근린생활시설,제2종근린생할시설,111
18000,창고시설,농기계보관,111
01000,단독주택,14,111
21000,동물및식물관련시설,양어시설,111
04000,제2종근린생활시설,문화,111
04000,제2종근린생활시설,1종,111
02000,공동주택,중앙감시실,111
01000,단독주택,보이러실,110
21000,동물및식물관련시설,외1,110
17000,공장,제품창고,110
17000,공장,폐수처리시설,110
10000,교육연구시설,1,110
02000,공동주택,외부승강기,110
01000,단독주택,다가구주택3가구,110
02000,공동주택,다함께돌봄센터,110
04000,제2종근린생활시설,식품위생시설,110
04000,제2종근린생활시설,외1용도,110
03000,제1종근린생활시설,제1종근린생활시설및단독주택,109
01000,단독주택,동식물관련시설,109
21000,동물및식물관련시설,육묘장,109
04000,제2종근린생활시설,제1ㆍ2종근린생활시설,109
04000,제2종근린생활시설,2근린생활시설,109
02000,공동주택,사우나,109
01000,단독주택,13,109
03000,제1종근린생활시설,4가구,109
18000,창고시설,어업용창고,109
02000,공동주택,용역원실,109
,,퇴비사,109
01000,단독주택,한의원,109
03000,제1종근린생활시설,병원,109
19000,위험물저장및처리시설,충전소,108
03000,제1종근린생활시설,수위실,108
02000,공동주택,게스트룸,108
10000,교육연구시설,다목적실,107
,,제2종근린생활시설,107
03000,제1종근린생활시설,농산물,107
17000,공장,계단실,107
01000,단독주택,부속건,107
01000,단독주택,공가,107
05000,문화및집회시설,기념관,107
02000,공동주택,학원,107
01000,단독주택,방앗간,107
20000,자동차관련시설,판매시설,107
03000,제1종근린생활시설,변전실,107
09000,의료시설,노유자시설,106
01000,단독주택,제각,106
01000,단독주택,상가,106
19000,위험물저장및처리시설,소매점,106
02000,공동주택,옥외계단실,106
03000,제1종근린생활시설,진료소,106
11000,노유자시설,경로회관,106
,,소매점,106
17000,공장,도시형공장,106
15000,숙박시설,판매시설,105
18000,창고시설,수산물보관창고,105
21000,동물및식물관련시설,저온저장고,105
Z3000,근린생활시설,관리사,105
13000,운동시설,게이트볼장,105
18000,창고시설,제2종근생,105
14000,업무시설,방재실,105
17000,공장,사택,105
22000,분뇨.쓰레기처리시설,기계실,105
09000,의료시설,업무시설,105
02000,공동주택,20세대,105
01000,단독주택,노인복지시설,105
05000,문화및집회시설,예식장,104
03000,제1종근린생활시설,집하장,104
03000,제1종근린생활시설,노인복지시설,104
03000,제1종근린생활시설,면사무소,104
04000,제2종근린생활시설,제재소,104
01000,단독주택,17호,104
03000,제1종근린생활시설,제1종근린생활시설외2,104
04000,제2종근린생활시설,및단독주택,104
21000,동물및식물관련시설,우사및퇴비사,104
14000,업무시설,일반음식점,104
20000,자동차관련시설,작업장,104
21000,동물및식물관련시설,곤충사육장,104
14000,업무시설,차고,104
04000,제2종근린생활시설,및주택,104
01000,단독주택,및주택,103
06000,종교시설,기도원,103
02000,공동주택,펌프,103
01000,단독주택,농산물보관창고,103
01000,단독주택,황토방,103
18000,창고시설,농가용주택,103
06000,종교시설,산신각,103
01000,단독주택,제2종근린생활시설및단독주택,103
10000,교육연구시설,강의실,103
04000,제2종근린생활시설,지하실,103
18000,창고시설,농가주택및창고,103
18000,창고시설,농업창고,102
10000,교육연구시설,휴게실,102
13000,운동시설,교육연구시설,102
10000,교육연구시설,외1,102
04000,제2종근린생활시설,전문음식점,102
01000,단독주택,6세대,102
01000,단독주택,농촌주택개량,102
03000,제1종근린생활시설,전기자동차충전소,102
02000,공동주택,공중화장실,101
17000,공장,샤워장,101
05000,문화및집회시설,주택,101
02000,공동주택,방과후교실,101
05000,문화및집회시설,관람장,101
03000,제1종근린생활시설,관람집회시설,101
17000,공장,위험물,101
04000,제2종근린생활시설,대웅전,101
01000,단독주택,18,101
17000,공장,위험물취급소,101
03000,제1종근린생활시설,전화국,101
10000,교육연구시설,영업,101
31000,야영장시설,관리동,101
03000,제1종근린생활시설,소방파출소,101
04000,제2종근린생활시설,발전기실,100
05000,문화및집회시설,업무시설,100
05000,문화및집회시설,미술관,100
04000,제2종근린생활시설,물치,100
02000,공동주택,10가구,100
17000,공장,shelter,100
21000,동물및식물관련시설,육계사,100
01000,단독주택,옥탑,100
21000,동물및식물관련시설,보일러실,99
21000,동물및식물관련시설,운동장,99
02000,공동주택,t,99
01000,단독주택,간이음식점,99
30000,자원순환관련시설,하수처리시설,99
20000,자동차관련시설,운동시설,99
02000,공동주택,17세대,99
11000,노유자시설,요양원,99
13000,운동시설,단독주택,98
04000,제2종근린생활시설,일반유흥음식점,98
17000,공장,가공공장,98
14000,업무시설,의료시설,98
03000,제1종근린생활시설,제1종근,98
03000,제1종근린생활시설,일반유흥음식점,98
01000,단독주택,보일라실,98
30000,자원순환관련시설,기계실,98
03000,제1종근린생활시설,마을경로당,98
02000,공동주택,입주자집회소,98
23000,교정및군사시설,저장,98
14000,업무시설,근생,98
01000,단독주택,제2종근린생활,98
02000,공동주택,다세대주택및,98
,,동물관련시설,98
18000,창고시설,해태건조장,98
18000,창고시설,새마을창고,97
01000,단독주택,10가구용,97
03000,제1종근린생활시설,제과점,97
Z3000,근린생활시설,사무소,97
15000,숙박시설,사무실,97
10000,교육연구시설,교육관,97
02000,공동주택,다세대주택8세대,97
15000,숙박시설,호텔,97
02000,공동주택,경비실3,97
04000,제2종근린생활시설,시설,97
20000,자동차관련시설,창고시설,97
03000,제1종근린생활시설,무인전화국,97
17000,공장,코크스공장,97
02000,공동주택,입주민회의실,96
03000,제1종근린생활시설,구매,96
02000,공동주택,군사시설,96
12000,수련시설,유스호스텔,96
03000,제1종근린생활시설,미장원,96
04000,제2종근린생활시설,농기계수리센타,96
19000,위험물저장및처리시설,저장소,96
01000,단독주택,제2종근생시설,96
03000,제1종근린생활시설,마을정자,96
04000,제2종근린생활시설,기타사무소,96
Z3000,근린생활시설,일반음식점,95
01000,단독주택,부속차고,95
03000,제1종근린생활시설,근린생할시설,95
03000,제1종근린생활시설,유기장,95
01000,단독주택,12호,95
21000,동물및식물관련시설,젖소,95
02000,공동주택,생활,95
01000,단독주택,위험물판매취급소,95
02000,공동주택,인포넷,95
01000,단독주택,기계실,95
04000,제2종근린생활시설,단독,95
15000,숙박시설,방가로,95
01000,단독주택,판매시설,94
14000,업무시설,제1종,94
23000,교정및군사시설,창고,94
17000,공장,소방펌프실,94
01000,단독주택,다가구주택외,94
04000,제2종근린생활시설,기술계학원,94
04000,제2종근린생활시설,1세대,94
14000,업무시설,연립주택,94
13000,운동시설,운동장,94
02000,공동주택,1호,94
03000,제1종근린생활시설,물치,94
10000,교육연구시설,생활관,93
01000,단독주택,제2종근린생활시설및다가구주택,93
01000,단독주택,부동산중개업소,93
02000,공동주택,복도,93
02000,공동주택,무인택배보관실,93
21000,동물및식물관련시설,배양장,93
01000,단독주택,단층주택,93
21000,동물및식물관련시설,퇴비저장소,93
10000,교육연구시설,주차장,93
02000,공동주택,실내놀이터,92
17000,공장,조정실,92
17000,공장,공장및,92
10000,교육연구시설,부속창고,92
Z8000,교육연구및복지시설,복지시설,92
04000,제2종근린생활시설,근생시설,92
15000,숙박시설,업무시설,92
Z5000,문화및집회시설,사찰,92
11000,노유자시설,사무실,92
17000,공장,제조업소,92
03000,제1종근린생활시설,취수장,92
10000,교육연구시설,연결통로,92
20000,자동차관련시설,소매점,92
03000,제1종근린생활시설,관리사무실,92
03000,제1종근린생활시설,연립주택,91
03000,제1종근린생활시설,펌프장,91
11000,노유자시설,노인요양시설,91
02000,공동주택,6가구,91
17000,공장,외1,91
12000,수련시설,숙소,91
18000,창고시설,공공용시설,91
01000,단독주택,주택점포,91
03000,제1종근린생활시설,단란주점,91
04000,제2종근린생활시설,게임제공업소,91
04000,제2종근린생활시설,외1건,91
19000,위험물저장및처리시설,가스저장소,91
18000,창고시설,저온,91
03000,제1종근린생활시설,정각,91
03000,제1종근린생활시설,슈퍼마켓,91
Z3000,근린생활시설,교육연구시설,91
04000,제2종근린생활시설,공연장,91
03000,제1종근린생활시설,부대,91
01000,단독주택,제1종근린,90
30000,자원순환관련시설,분뇨,90
01000,단독주택,휴게실,90
07000,판매시설,볼링장,90
09000,의료시설,한방병원,90
07000,판매시설,전기실,90
15000,숙박시설,숙소,90
04000,제2종근린생활시설,제2종근생시설,90
10000,교육연구시설,직업훈련소,90
04000,제2종근린생활시설,제2종근린생활시설및,90
02000,공동주택,지하,90
Z3000,근린생활시설,화장실,90
23000,교정및군사시설,탄약고,90
03000,제1종근린생활시설,주,90
06000,종교시설,종각,90
01000,단독주택,작업실,90
18000,창고시설,휴게실,90
21000,동물및식물관련시설,작업장,90
04000,제2종근린생활시설,주택및,90
01000,단독주택,단독다가구주택,90
Z6000,판매및영업시설,영업소,90
21000,동물및식물관련시설,양수실,90
18000,창고시설,잎담배공동건조장,89
04000,제2종근린생활시설,냉동창고,89
,,보일러실,89
04000,제2종근린생활시설,한의원,89
01000,단독주택,도정공장,89
21000,동물및식물관련시설,배양실,89
19000,위험물저장및처리시설,가스충전소,89
03000,제1종근린생활시설,소매점및주택,89
24000,방송통신시설,전신전화국,89
18000,창고시설,곡물건조장,89
07000,판매시설,예식장,89
03000,제1종근린생활시설,부속화장실,89
02000,공동주택,탁구장,89
01000,단독주택,제1종근,89
03000,제1종근린생활시설,택,89
14000,업무시설,mdf실,88
03000,제1종근린생활시설,제1ㆍ2종근린생활시설,88
15000,숙박시설,숙박,88
17000,공장,분석기실,88
17000,공장,식품가공공장,88
30000,자원순환관련시설,쓰레기처리시설,88
03000,제1종근린생활시설,외3,88
07000,판매시설,도매시장,88
14000,업무시설,교육연구및복지시설,88
15000,숙박시설,외2,88
15000,숙박시설,식당,88
Z3000,근린생활시설,업무시설,88
02000,공동주택,근린생활시설및,88
21000,동물및식물관련시설,헛간,87
18000,창고시설,선별장,87
21000,동물및식물관련시설,염소,87
21000,동물및식물관련시설,저온창고,87
18000,창고시설,공동창고,87
Z6000,판매및영업시설,판매및영업시설,87
04000,제2종근린생활시설,일용품점,87
18000,창고시설,일반음식점,87
04000,제2종근린생활시설,동물병원,87
20000,자동차관련시설,주기장,87
15000,숙박시설,기계실,87
31000,야영장시설,샤워장,87
01000,단독주택,제2종근린,87
01000,단독주택,한옥,87
03000,제1종근린생활시설,소방차고,86
30000,자원순환관련시설,등,86
03000,제1종근린생활시설,샤워장,86
02000,공동주택,커뮤니티센터,86
01000,단독주택,근생및,86
01000,단독주택,온실,86
19000,위험물저장및처리시설,위험물판매취급소,86
01000,단독주택,근린생할시설,86
Z6000,판매및영업시설,판매시설,86
10000,교육연구시설,교육및연구시설,86
18000,창고시설,단독주택및창고,86
03000,제1종근린생활시설,처리시설,86
18000,창고시설,수위실,86
03000,제1종근린생활시설,2근린생활시설,86
10000,교육연구시설,소매점,85
22000,분뇨.쓰레기처리시설,하수처리시설,85
01000,단독주택,시설,85
06000,종교시설,수도원,85
17000,공장,대기실,85
17000,공장,저장소,85
21000,동물및식물관련시설,농업용창고,85
01000,단독주택,근린생활시설및다가구용단독주택,85
01000,단독주택,비가림시설,85
04000,제2종근린생활시설,5가구,85
27000,관광휴게시설,회관,85
02000,공동주택,근생및다세대주택,85
17000,공장,송풍실,85
03000,제1종근린생활시설,통신용시설,85
05000,문화및집회시설,교회,85
,,농업생산시설,85
02000,공동주택,공동주택외2,85
17000,공장,폐기물처리장,84
21000,동물및식물관련시설,저장고,84
02000,공동주택,맘스라운지,84
07000,판매시설,단독주택,84
30000,자원순환관련시설,하수,84
04000,제2종근린생활시설,인터넷컴퓨터게임시설제공업소,84
21000,동물및식물관련시설,주택및축사,84
01000,단독주택,예능계학원,84
04000,제2종근린생활시설,점포및주택,84
Z8000,교육연구및복지시설,교사,84
02000,공동주택,사회복지관,84
17000,공장,소방호스쉘타,84
14000,업무시설,업무시설외1,83
06000,종교시설,관리사,83
30000,자원순환관련시설,폐기물처리시설,83
01000,단독주택,농가주택및농가창고,83
03000,제1종근린생활시설,사택,83
12000,수련시설,생활권수련시설,83
01000,단독주택,화장실및창고,83
17000,공장,건조실,83
01000,단독주택,냉동창고,83
11000,노유자시설,노인당,83
04000,제2종근린생활시설,대피실,82
10000,교육연구시설,창고시설,82
07000,판매시설,기계실,82
01000,단독주택,단독주텍,82
18000,창고시설,농수산물,82
21000,동물및식물관련시설,곤충사육시설,82
04000,제2종근린생활시설,2종근린생활,82
31000,야영장시설,야영장,82
21000,동물및식물관련시설,교육연구시설,82
04000,제2종근린생활시설,군사시설,82
02000,공동주택,9가구,82
02000,공동주택,아,82
03000,제1종근린생활시설,배수지,82
04000,제2종근린생활시설,근린생활시설및다가구주택,82
03000,제1종근린생활시설,숙직실,82
14000,업무시설,근린공공시설,82
01000,단독주택,농기계창고,82
01000,단독주택,제조업,82
18000,창고시설,주택및,82
02000,공동주택,주민휴게시설,81
04000,제2종근린생활시설,2종근,81
14000,업무시설,자동차관련시설,81
02000,공동주택,elev,81
18000,창고시설,저장창고,81
01000,단독주택,부속주차장,81
01000,단독주택,이발소,81
18000,창고시설,농어업용창고,81
01000,단독주택,몸채,81
15000,숙박시설,2,81
01000,단독주택,근린생활시설외,81
01000,단독주택,제1종근린생활,81
14000,업무시설,공공청사,80
18000,창고시설,일반공장,80
04000,제2종근린생활시설,양조장,80
13000,운동시설,클럽하우스,80
22000,분뇨.쓰레기처리시설,동물관련시설,80
21000,동물및식물관련시설,퇴비저장조,80
15000,숙박시설,근린생활,80
03000,제1종근린생활시설,기숙사,80
10000,교육연구시설,2,80
10000,교육연구시설,실험실,80
04000,제2종근린생활시설,근린생할시설,80
Z8000,교육연구및복지시설,창고,80
01000,단독주택,17,80
18000,창고시설,마을창고,80
Z9000,공공용시설,군사시설,80
01000,단독주택,14가구용,80
17000,공장,발전기실,80
04000,제2종근린생활시설,농기계수리소,80
02000,공동주택,체력단련실,79
17000,공장,시험실,79
01000,단독주택,기타시설,79
13000,운동시설,체육시설,79
02000,공동주택,파,79
20000,자동차관련시설,1,79
17000,공장,제조장,79
01000,단독주택,유흥음식점,79
17000,공장,주방,79
Z8000,교육연구및복지시설,교실,79
02000,공동주택,소형주택,79
08000,운수시설,창고,79
07000,판매시설,주차장,79
20000,자동차관련시설,정비고,79
19000,위험물저장및처리시설,수소충전소,79
13000,운동시설,부대시설,79
02000,공동주택,헬스장,79
17000,공장,압축기실,79
02000,공동주택,트,79
21000,동물및식물관련시설,전기실,78
03000,제1종근린생활시설,근리생활시설,78
21000,동물및식물관련시설,잎담배공동건조장,78
01000,단독주택,단독주택시설,78
03000,제1종근린생활시설,지하주차장,78
01000,단독주택,1가구용,78
15000,숙박시설,펜션,78
18000,창고시설,감귤,78
03000,제1종근린생활시설,숙소,78
07000,판매시설,공동주택,78
Z8000,교육연구및복지시설,및,78
02000,공동주택,키즈스테이션,78
16000,위락시설,및,78
03000,제1종근린생활시설,농산물판매장,78
03000,제1종근린생활시설,근린생활시설및다가구주택,78
01000,단독주택,점포및,78
05000,문화및집회시설,사무실,78
01000,단독주택,관련시설,77
01000,단독주택,숙소,77
19000,위험물저장및처리시설,고압가스충전소,77
14000,업무시설,주거용,77
17000,공장,분석계기실,77
15000,숙박시설,부대시설,77
02000,공동주택,커뮤니티시설,77
18000,창고시설,펌프실,77
17000,공장,직원숙소,77
17000,공장,부속,77
27000,관광휴게시설,기타관광휴게시설,77
18000,창고시설,정미소,77
16000,위락시설,창고,77
04000,제2종근린생활시설,농기구수리점,77
01000,단독주택,제조장,77
17000,공장,자원순환관련시설,77
17000,공장,후생복지시설,77
01000,단독주택,지하대피소,77
21101,축사,축사,77
01000,단독주택,다가주주택,77
19000,위험물저장및처리시설,위험물창고,77
18000,창고시설,농업용창고시설,77
23000,교정및군사시설,정비시설,77
01000,단독주택,13호,77
03000,제1종근린생활시설,샤워실,76
02000,공동주택,12,76
16000,위락시설,판매시설,76
03000,제1종근린생활시설,세차장,76
02000,공동주택,입주자회의소,76
03000,제1종근린생활시설,예능계학원,76
14000,업무시설,원룸형,76
01000,단독주택,농업인,76
02000,공동주택,지하주차장1,76
04000,제2종근린생활시설,간이음식점,76
03000,제1종근린생활시설,점포주택,76
03000,제1종근린생활시설,찜질방,76
,,동물,76
01000,단독주택,지하차고,76
Z5000,문화및집회시설,마을회관,76
01000,단독주택,옥외화장실,76
01000,단독주택,당구장,76
01000,단독주택,노래연습장,76
17000,공장,운전실,76
01000,단독주택,주택시설,75
01000,단독주택,주택및사무실,75
01000,단독주택,15호,75
18000,창고시설,농기구보관창고,75
17000,공장,레미콘공장,75
27000,관광휴게시설,정자,75
01000,단독주택,본가,75
03000,제1종근린생활시설,생활,75
,,식물관련시설,75
03000,제1종근린생활시설,유선각,75
01000,단독주택,제1종및제2종근린생활시설,75
04000,제2종근린생활시설,생활편익시설,75
04000,제2종근린생활시설,예식장,75
13000,운동시설,테니스장,75
03000,제1종근린생활시설,공동변소,75
17000,공장,가스저장소,75
04000,제2종근린생활시설,옥탑,74
03000,제1종근린생활시설,체력단련장,74
21000,동물및식물관련시설,관리사및창고,74
02000,공동주택,지하주차장2,74
05000,문화및집회시설,교육연구및복지시설,74
10000,교육연구시설,다목적체육관,74
Z8000,교육연구및복지시설,학교,74
01000,단독주택,세면장,74
01000,단독주택,및단독주택,74
01000,단독주택,생시설,74
04000,제2종근린생활시설,근생및주택,74
01000,단독주택,다가구주택외1,74
03000,제1종근린생활시설,금융업소,74
10000,교육연구시설,특별교실,74
14000,업무시설,단지형다세대,74
02000,공동주택,재활용보관소,74
13000,운동시설,사무실,74
14000,업무시설,기숙사,74
11000,노유자시설,탁아소,73
04000,제2종근린생활시설,샤워실,73
02000,공동주택,기전실,73
20000,자동차관련시설,운수시설,73
18000,창고시설,창고시설외1,73
18000,창고시설,농업용저온저장고,73
21000,동물및식물관련시설,숙소,73
01000,단독주택,다가구주택및제1종근린생활시설,73
02000,공동주택,공용세탁실,73
02000,공동주택,관리노인정,73
01000,단독주택,다가구주택6가구,73
17000,공장,공작실,73
13000,운동시설,티하우스,73
04000,제2종근린생활시설,물탱크실,72
03000,제1종근린생활시설,근생및주택,72
17000,공장,외,72
03000,제1종근린생활시설,공동구판장,72
14000,업무시설,자치단체청사,72
03000,제1종근린생활시설,일반업무시설,72
03000,제1종근린생활시설,및주택,72
04000,제2종근린생활시설,기도원,72
21000,동물및식물관련시설,농수산물보관창고,72
02000,공동주택,시장,72
18000,창고시설,과수저장고,72
19000,위험물저장및처리시설,주유대,72
20000,자동차관련시설,차고지,72
18000,창고시설,주택및창고시설,72
02000,공동주택,재활용보관창고,72
18000,창고시설,마을회관,72
01000,단독주택,찜질방,71
,,농어가주택,71
06000,종교시설,외1,71
03000,제1종근린생활시설,물탱크실,71
23000,교정및군사시설,주거시설,71
21000,동물및식물관련시설,염소사육장,71
17000,공장,위험물저장,71
04000,제2종근린생활시설,기타,71
03000,제1종근린생활시설,마을창고,71
18000,창고시설,창고시설외,71
01000,단독주택,근린생활및주택,71
26000,묘지관련시설,화장실,71
03000,제1종근린생활시설,판매장,71
18000,창고시설,농어가창고,71
01000,단독주택,부동산중개사무소,71
11000,노유자시설,보일러실,71
02000,공동주택,지역편의시설,71
03000,제1종근린생활시설,다가구용,71
03000,제1종근린생활시설,공중목욕탕,71
04000,제2종근린생활시설,부대시설,71
17000,공장,폐기물보관장,71
02000,공동주택,분리수거장,71
02000,공동주택,계단,71
03000,제1종근린생활시설,공공근린시설,71
01000,단독주택,파고라,70
26000,묘지관련시설,납골당,70
04000,제2종근린생활시설,약국,70
02000,공동주택,2종근생,70
21000,동물및식물관련시설,계분장,70
21000,동물및식물관련시설,외,70
10000,교육연구시설,연구실,70
15000,숙박시설,숙박시설및근린생활시설,70
30000,자원순환관련시설,화장실,70
14000,업무시설,펌프실,70
21000,동물및식물관련시설,제1종근린생활시설,70
10000,교육연구시설,사무소,70
17000,공장,일반음식점,70
06000,종교시설,문화및,70
24000,방송통신시설,근린생활시설,70
07000,판매시설,지하주차장,70
17000,공장,정비공장,70
04000,제2종근린생활시설,표구점,70
01000,단독주택,복지시설,70
03000,제1종근린생활시설,근생시설,70
15000,숙박시설,유흥주점,70
11000,노유자시설,교육연구및,70
18000,창고시설,숙소,70
01000,단독주택,다가구주택2가구,70
Z5000,문화및집회시설,소매점,69
11000,노유자시설,노인복지주택,69
02000,공동주택,도서관,69
30000,자원순환관련시설,하수처리장,69
03000,제1종근린생활시설,오피스텔,69
03000,제1종근린생활시설,제1종근린생할시설,69
04000,제2종근린생활시설,1종근생,69
20000,자동차관련시설,경비실,69
21000,동물및식물관련시설,염소축사,69
14000,업무시설,전시시설,69
Z3000,근린생활시설,다방,69
01000,단독주택,제1종근린생활시설및다가구주택,69
17000,공장,건조장,69
04000,제2종근린생활시설,예능계강습소,69
24000,방송통신시설,촬영소,69
19000,위험물저장및처리시설,위험물저장창고,68
15000,숙박시설,근린생활시설및숙박시설,68
21000,동물및식물관련시설,양돈,68
06000,종교시설,유치원,68
04000,제2종근린생활시설,주방,68
19000,위험물저장및처리시설,숙소,68
01000,단독주택,다가구형단독주택,68
04000,제2종근린생활시설,식물관련시설,68
18000,창고시설,창고및관리사,68
05000,문화및집회시설,운동시설,68
23000,교정및군사시설,차양대,68
17000,공장,house,68
Z5000,문화및집회시설,법당,68
17000,공장,공동주택,68
01000,단독주택,식물,68
01000,단독주택,9호,68
17000,공장,석재가공공장,68
01000,단독주택,다가구형,68
05000,문화및집회시설,문화시설,68
03000,제1종근린생활시설,점,68
02000,공동주택,집회실,68
04000,제2종근린생활시설,제,68
20000,자동차관련시설,위험물저장및처리시설,68
15000,숙박시설,숙박시설외,68
10000,교육연구시설,숙소,67
06000,종교시설,문화집회시설,67
03000,제1종근린생활시설,발전실,67
02000,공동주택,근로자휴게시설,67
18000,창고시설,사과저장고,67
02000,공동주택,복지시설,67
14000,업무시설,업무,67
14000,업무시설,판매및영업시설,67
21000,동물및식물관련시설,기타동식물관련시설,67
15000,숙박시설,대피소,67
18000,창고시설,비료창고,67
04000,제2종근린생활시설,카센타,67
18000,창고시설,동식물관련시설,67
16000,위락시설,사무실,67
10000,교육연구시설,구령대,67
23000,교정및군사시설,공공용시설,67
01000,단독주택,잿간,66
04000,제2종근린생활시설,미용실,66
02000,공동주택,재활용품,66
10000,교육연구시설,대학,66
,,제2종,66
04000,제2종근린생활시설,건조장,66
04000,제2종근린생활시설,관사,66
14000,업무시설,다방,66
04000,제2종근린생활시설,생시설,66
02000,공동주택,도시형주택,66
05000,문화및집회시설,문화집회시설,66
14000,업무시설,식당,66
05000,문화및집회시설,교육연구시설,66
04000,제2종근린생활시설,농수산물가공처리시설,66
17000,공장,부속사무실,65
26000,묘지관련시설,봉안당,65
17000,공장,공장동,65
02000,공동주택,카페테리아,65
12000,수련시설,창고,65
02000,공동주택,바이크스테이션,65
17000,공장,복지시설,65
01000,단독주택,1호,65
12000,수련시설,청소년수련관,65
16000,위락시설,일반음식점,65
17000,공장,양생실,65
17000,공장,분뇨및쓰레기처리시설,65
Z5000,문화및집회시설,제실,65
21000,동물및식물관련시설,양봉,65
02000,공동주택,소포보관실,65
,,우사,65
03000,제1종근린생활시설,제1종근린생활시설및주택,65
03000,제1종근린생활시설,다중주택,65
06000,종교시설,종실,65
03000,제1종근린생활시설,마을공동농기계보관창고,65
01000,단독주택,약국,65
01000,단독주택,제2종근린생활시설외1,65
01000,단독주택,주방,65
02000,공동주택,다세대주택및제2종근린생활시설,65
04000,제2종근린생활시설,저온저장고,64
01000,단독주택,창고및보일러실,64
17000,공장,흡연장,64
02000,공동주택,주민편의시설,64
04000,제2종근린생활시설,공공용시설,64
22000,분뇨.쓰레기처리시설,하수종말처리시설,64
21000,동물및식물관련시설,펌프실,64
02000,공동주택,정화조,64
03000,제1종근린생활시설,통신시설,64
01000,단독주택,욕탕,64
04000,제2종근린생활시설,재2종근린생활시설,64
01000,단독주택,제2종근린생활시설및주택,64
02000,공동주택,2종,64
01000,단독주택,목조,64
Z3000,근린생활시설,근,64
02000,공동주택,d,64
21000,동물및식물관련시설,냉동창고,64
17000,공장,전시장,64
17000,공장,c,64
03000,제1종근린생활시설,취사장,64
01000,단독주택,보일러,64
01000,단독주택,일반창고,64
15000,숙박시설,휴게음식점,64
19000,위험물저장및처리시설,2종근린생활시설,64
17000,공장,전자변성기제조업,64
19000,위험물저장및처리시설,위험물처리및저장시설,63
03000,제1종근린생활시설,포,63
01000,단독주택,지층,63
07000,판매시설,외,63
03000,제1종근린생활시설,하수처리장,63
04000,제2종근린생활시설,농기구수리센타,63
02000,공동주택,경비초소,63
17000,공장,교육연구시설,63
01000,단독주택,제1종근린생활시설및단독주택,63
17000,공장,연결통로,63
01000,단독주택,샤워실,63
13000,운동시설,일반음식점,63
07000,판매시설,아파트,63
05000,문화및집회시설,종교집회장,63
11000,노유자시설,장애인복지시설,63
04000,제2종근린생활시설,목욕탕,63
01000,단독주택,제2근린생활시설,63
09000,의료시설,교육연구시설,63
04000,제2종근린생활시설,1건,63
30000,자원순환관련시설,공장,63
11000,노유자시설,노인복지회관,63
03000,제1종근린생활시설,1세대,63
18000,창고시설,공해공장,63
04000,제2종근린생활시설,종각,63
06000,종교시설,1,63
21000,동물및식물관련시설,어류축양장,63
02000,공동주택,모정,63
19000,위험물저장및처리시설,가스저장고,63
01000,단독주택,제1종근린생활시설외,62
01000,단독주택,주가,62
18000,창고시설,부속건물,62
18000,창고시설,외2,62
01000,단독주택,경로당,62
17000,공장,제재소,62
18000,창고시설,제품창고,62
01000,단독주택,7세대,62
03000,제1종근린생활시설,위험물저장,62
01000,단독주택,농생,62
01000,단독주택,다가구용단독,62
03000,제1종근린생활시설,교회,62
18000,창고시설,농산물저장고,62
11000,노유자시설,변소,62
02000,공동주택,연면적제외,62
17000,공장,경비초소,62
17000,공장,분석실,62
20000,자동차관련시설,기숙사,61
14000,업무시설,부대시설,61
02000,공동주택,식당,61
01000,단독주택,가구,61
05000,문화및집회시설,문화및,61
31000,야영장시설,창고,61
04000,제2종근린생활시설,식품제조업소,61
Z3000,근린생활시설,생,61
31000,야영장시설,제1종근린생활시설,61
01000,단독주택,농사용주택,61
04000,제2종근린생활시설,제2종근린생활시설외1용도,61
10000,교육연구시설,공동주택,61
04000,제2종근린생활시설,2용도,61
03000,제1종근린생활시설,제1종근린공공시설,61
01000,단독주택,2용도,61
14000,업무시설,2종,61
02000,공동주택,원룸형도시형생활주택,61
03000,제1종근린생활시설,근린생활시설외1용도,61
33000,"국방,군사시설",및,61
30000,자원순환관련시설,폐기물감량화시설,60
07000,판매시설,화장실,60
03000,제1종근린생활시설,마을공동회관,60
02000,공동주택,키즈룸,60
02000,공동주택,동전기실,60
19000,위험물저장및처리시설,휴게실,60
08000,운수시설,근린생활시설,60
01000,단독주택,위험물,60
06000,종교시설,주차장,60
01000,단독주택,제2종근린생활시설및,60
01000,단독주택,별채,60
20000,자동차관련시설,외,60
10000,교육연구시설,보일러실,60
01000,단독주택,차고지,60
02000,공동주택,물탱크실,60
03000,제1종근린생활시설,하수처리시설,60
17000,공장,흡연실,60
20000,자동차관련시설,수리점,60
21000,동물및식물관련시설,발전기실,60
04000,제2종근린생활시설,2종근린생활시설및주택,60
14000,업무시설,화장실,60
Z3000,근린생활시설,공장,60
20000,자동차관련시설,휴게실,60
17000,공장,일반,60
02000,공동주택,24세대,59
03000,제1종근린생활시설,가스공급시설,59
04000,제2종근린생활시설,예배당,59
21000,동물및식물관련시설,양송이재배사,59
06000,종교시설,보일러실,59
01000,단독주택,교육연구,59
18000,창고시설,돈사,59
02000,공동주택,수영장,59
04000,제2종근린생활시설,연립주택,59
02000,공동주택,휴게시설,59
04000,제2종근린생활시설,병원,59
03000,제1종근린생활시설,빗물펌프장,59
03000,제1종근린생활시설,간이주점,59
04000,제2종근린생활시설,캐노피,59
03000,제1종근린생활시설,주유소,59
27000,관광휴게시설,근린생활시설,59
13000,운동시설,실외체육시설,59
18000,창고시설,농가,59
05000,문화및집회시설,식물원,59
18000,창고시설,시설,59
04000,제2종근린생활시설,일반음식점및주택,59
01000,단독주택,9가구용,59
02000,공동주택,원룸형다세대주택,59
02000,공동주택,공동육아나눔터,59
18000,창고시설,건조기,59
11000,노유자시설,사무소,59
11000,노유자시설,문화및집회시설,59
01000,단독주택,어가주택,59
05000,문화및집회시설,전시관,59
18000,창고시설,창고및축사,59
03000,제1종근린생활시설,초소,59
03000,제1종근린생활시설,외1건,59
03000,제1종근린생활시설,공동창고,58
13000,운동시설,기계실,58
16000,위락시설,소매점,58
18000,창고시설,주차장,58
19000,위험물저장및처리시설,액화석유가스판매소,58
17000,공장,기사대기실,58
04000,제2종근린생활시설,실험실,58
12000,수련시설,야영장시설,58
02000,공동주택,엘리베이터,58
01000,단독주택,경비실,58
18000,창고시설,잠실,58
03000,제1종근린생활시설,공회당,58
14000,업무시설,다세대,58
02000,공동주택,동통신실,58
01000,단독주택,근리생활시설,58
20000,자동차관련시설,외1,58
20000,자동차관련시설,일반음식점,58
15000,숙박시설,가족호텔,58
01000,단독주택,15가구용,58
03000,제1종근린생활시설,일반목욕탕,58
04000,제2종근린생활시설,기타종교집회장,58
05000,문화및집회시설,회의실,58
08000,운수시설,여객자동차터미널,58
01000,단독주택,주택외1용도,58
09000,의료시설,외,58
03000,제1종근린생활시설,이용소,58
18000,창고시설,창고관련시설,58
02000,공동주택,제연실,57
05000,문화및집회시설,정자,57
17000,공장,옥내저장소,57
02000,공동주택,옥외엘리베이터,57
02000,공동주택,코인세탁실,57
24000,방송통신시설,제1종근린생활시설,57
19000,위험물저장및처리시설,위험물옥내저장소,57
17000,공장,저온저장고,57
19000,위험물저장및처리시설,수리점,57
01000,단독주택,다가구주택및근생,57
01000,단독주택,단둑주택,57
02000,공동주택,빗물저류조,57
06000,종교시설,부속사,57
02000,공동주택,임대아파트,57
17000,공장,창,57
15000,숙박시설,다가구주택,57
01000,단독주택,잡옥,57
11000,노유자시설,노인시설,57
18000,창고시설,관광휴게시설,57
17000,공장,고,57
13000,운동시설,업무시설,57
15000,숙박시설,근생,57
04000,제2종근린생활시설,4,57
01000,단독주택,2종근린생활시설및주택,57
Z3000,근린생활시설,숙박시설,57
03000,제1종근린생활시설,무기고,57
02000,공동주택,및제2종근린생활시설,57
01000,단독주택,제2종근린생할시설,57
05000,문화및집회시설,1,57
25000,발전시설,기계실,57
17000,공장,공해,57
13000,운동시설,수영장,57
17000,공장,싸이로,57
17000,공장,통로,57
Z3000,근린생활시설,영업소,57
02000,공동주택,근린시설,57
10000,교육연구시설,합숙소,57
07000,판매시설,대형점,57
13000,운동시설,휴게실,57
Z8000,교육연구및복지시설,교육연구,57
21000,동물및식물관련시설,염소사,56
03000,제1종근린생활시설,농산물직판장,56
02000,공동주택,승강기,56
04000,제2종근린생활시설,유기장,56
17000,공장,3,56
02000,공동주택,공동주택및근린생활시설,56
02000,공동주택,상가동,56
17000,공장,고로공장,56
12000,수련시설,청소년문화의집,56
06000,종교시설,숙소,56
02000,공동주택,사회복지시설,56
10000,교육연구시설,외2,56
21000,동물및식물관련시설,사슴사육장,56
21000,동물및식물관련시설,오양,56
06000,종교시설,예배당,56
02000,공동주택,스터디룸,56
03000,제1종근린생활시설,외1용도,56
01000,단독주택,농기구창고,56
04000,제2종근린생활시설,휴게소,56
01000,단독주택,농가용단독주택,56
04000,제2종근린생활시설,근린생활시설외1용도,56
11000,노유자시설,부속창고,56
04000,제2종근린생활시설,은행,56
18000,창고시설,창고및사무실,56
03000,제1종근린생활시설,제1근린생활시설,56
01000,단독주택,거가,56
04000,제2종근린생활시설,단독주택외,56
20000,자동차관련시설,주차전용건축물,56
03000,제1종근린생활시설,소형전화국,56
04000,제2종근린생활시설,전시시설,56
17000,공장,일반목재가구제조업,56
04000,제2종근린생활시설,생활시설,55
14000,업무시설,국가기관청사,55
01000,단독주택,다가구주택4가구,55
04000,제2종근린생활시설,작업실,55
04000,제2종근린생활시설,2종근린생활시설및단독주택,55
18000,창고시설,동물,55
21000,동물및식물관련시설,농가창고,55
17000,공장,목재건구,55
01000,단독주택,주택에부속된창고,55
20000,자동차관련시설,정비소,55
08000,운수시설,사무실,55
21000,동물및식물관련시설,식물관련,55
03000,제1종근린생활시설,판매,55
06000,종교시설,향교,55
Z6000,판매및영업시설,영업,55
01000,단독주택,2종근,55
13000,운동시설,주택,55
04000,제2종근린생활시설,테니스장,55
09000,의료시설,소매점,55
01000,단독주택,민박,55
08000,운수시설,역사,55
01000,단독주택,단독주택외2건,54
14000,업무시설,단지형다세대주택,54
03000,제1종근린생활시설,저온창고,54
20000,자동차관련시설,자동차매매장,54
03000,제1종근린생활시설,근린생활및주택,54
03000,제1종근린생활시설,발전기실,54
04000,제2종근린생활시설,어린이집,54
01000,단독주택,군사시설,54
14000,업무시설,숙박시설,54
05000,문화및집회시설,공연장,54
02000,공동주택,3호,54
19000,위험물저장및처리시설,취급소,54
,,제1종근린생활시설,54
Z3000,근린생활시설,근린공공시설,54
21000,동물및식물관련시설,사육장,54
01000,단독주택,생및주택,54
03000,제1종근린생활시설,지구대,54
03000,제1종근린생활시설,대중목욕탕,54
04000,제2종근린생활시설,사무실및창고,54
04000,제2종근린생활시설,비가림시설,54
12000,수련시설,야영장,54
15000,숙박시설,화장실,54
03000,제1종근린생활시설,전문음식점,54
02000,공동주택,자전거보관소,54
24000,방송통신시설,업무시설,54
01000,단독주택,및다가구주택,54
04000,제2종근린생활시설,연쇄점,53
10000,교육연구시설,판매시설,53
17000,공장,관리동,53
02000,공동주택,3가구,53
09000,의료시설,단독주택,53
04000,제2종근린생활시설,종교집회시설,53
11000,노유자시설,업무시설,53
03000,제1종근린생활시설,공동화장실,53
02000,공동주택,구매생활시설,53
03000,제1종근린생활시설,농기계보관창고,53
01000,단독주택,지하창고,53
02000,공동주택,주경비실,53
17000,공장,농가주택,53
13000,운동시설,궁도장,53
06107,제실,제실,53
20000,자동차관련시설,점포,53
02000,공동주택,폐기물보관소,53
13000,운동시설,외,53
18000,창고시설,창고및변소,53
03000,제1종근린생활시설,부동산중개사무소,53
04000,제2종근린생활시설,도시형공장,53
18000,창고시설,근린생활,53
21000,동물및식물관련시설,사슴,53
02000,공동주택,주민공동시설등,53
17000,공장,전시실,53
01000,단독주택,지하부속사,53
06000,종교시설,불당,53
14000,업무시설,업무시설및근린생활시설,53
11000,노유자시설,보육원,53
04000,제2종근린생활시설,세탁소,53
14000,업무시설,관람집회시설,53
17000,공장,tms,53
03000,제1종근린생활시설,기원,53
02000,공동주택,공부방,53
03000,제1종근린생활시설,집회시설,52
19000,위험물저장및처리시설,처리,52
04000,제2종근린생활시설,농기계간이수리소,52
17000,공장,콤푸레샤실,52
16000,위락시설,창고시설,52
03000,제1종근린생활시설,이발관,52
03000,제1종근린생활시설,동물및식물관련시설,52
19000,위험물저장및처리시설,위험물저장및처리,52
18000,창고시설,2,52
02000,공동주택,커뮤니티센타,52
11000,노유자시설,창고시설,52
21000,동물및식물관련시설,농가축사,52
01000,단독주택,연초건조실,52
15000,숙박시설,제2종근생,52
09000,의료시설,외1,52
02000,공동주택,4호,52
17000,공장,발전실,52
17000,공장,출하장,52
11000,노유자시설,교회,52
01000,단독주택,다가구주택7가구,52
01000,단독주택,단도주택,52
04000,제2종근린생활시설,서원,52
01000,단독주택,보일러실및창고,52
19000,위험물저장및처리시설,석유판매취급소,52
14000,업무시설,업무시설외2,52
06000,종교시설,예배실,52
02000,공동주택,커뮤니티,52
05000,문화및집회시설,전시실,52
16000,위락시설,부속,52
19000,위험물저장및처리시설,시설,52
01000,단독주택,제1종근린생활시설및주택,52
02000,공동주택,쓰레기집하장,52
01000,단독주택,목공소,52
09000,의료시설,주차장,51
19000,위험물저장및처리시설,외1,51
01000,단독주택,교습소,51
18000,창고시설,농업시설,51
03000,제1종근린생활시설,휴게소,51
Z3000,근린생활시설,대중음식점,51
01000,단독주택,병원,51
01000,단독주택,부설주차장,51
18000,창고시설,간이,51
15000,숙박시설,음식점,51
17000,공장,체력단련실,51
17000,공장,출하실,51
14000,업무시설,의원,51
04000,제2종근린생활시설,새마을금고,51
04000,제2종근린생활시설,이용원,51
21000,동물및식물관련시설,양계,51
02000,공동주택,da,51
01000,단독주택,근린생활시설외1용도,51
02000,공동주택,v,51
01000,단독주택,부속주택,51
02000,공동주택,부대,51
01000,단독주택,사랑채,51
17000,공장,등,51
15000,숙박시설,단란주점,51
02000,공동주택,15,51
01000,단독주택,주유소,51
21000,동물및식물관련시설,양잠,51
08000,운수시설,제1종근린생활시설,51
18000,창고시설,농수산물보관및가공관련시설,51
01000,단독주택,단독주택11가구용,51
21000,동물및식물관련시설,농산물보관창고,51
17000,공장,목욕탕,51
19000,위험물저장및처리시설,저장시설,50
17000,공장,운동시설,50
27000,관광휴게시설,휴게실,50
04000,제2종근린생활시설,샤워장,50
18000,창고시설,종교시설,50
04000,제2종근린생활시설,제사,50
18000,창고시설,숙직실,50
21000,동물및식물관련시설,양식장,50
01000,단독주택,10호,50
27000,관광휴게시설,제1종근린생활시설,50
21000,동물및식물관련시설,인큐베이터,50
01000,단독주택,제1종근린생활시설외1,50
27000,관광휴게시설,숙박시설,50
01000,단독주택,2호,50
01000,단독주택,제1ㆍ2종근린생활시설,50
04000,제2종근린생활시설,제1종근린생활시설외1,50
17000,공장,제조,50
01000,단독주택,농어촌민박,50
02000,공동주택,11,50
19000,위험물저장및처리시설,제1,50
03000,제1종근린생활시설,부동산중개업소,50
07000,판매시설,발전기실,50
05000,문화및집회시설,관광휴게시설,50
10000,교육연구시설,온실,50
02000,공동주택,종합방재실,50
03000,제1종근린생활시설,기술계학원,50
02000,공동주택,가스저장실,50
16000,위락시설,일반유흥음식점,50
15000,숙박시설,운동시설,50
17000,공장,사무실및기숙사,50
Z8000,교육연구및복지시설,근린생활시설,50
02000,공동주택,판매및영업시설,49
01000,단독주택,다구구주택,49
01000,단독주택,사당,49
04000,제2종근린생활시설,노인복지시설,49
21000,동물및식물관련시설,양어장관리사,49
04000,제2종근린생활시설,식품제조업,49
25000,발전시설,태양광발전시설,49
02000,공동주택,실내체육관,49
17000,공장,냉동기실,49
18000,창고시설,농기구창고,49
22000,분뇨.쓰레기처리시설,폐기물감량화시설,49
21000,동물및식물관련시설,동물식물관련시설,49
01000,단독주택,주택개량,49
13000,운동시설,1,49
03000,제1종근린생활시설,예식장,49
30000,자원순환관련시설,및,49
02000,공동주택,차고,49
Z5000,문화및집회시설,단독주택,49
04000,제2종근린생활시설,경비초소,49
02000,공동주택,멀티룸,49
18000,창고시설,임업용창고,49
02000,공동주택,주민공동시설1,49
03000,제1종근린생활시설,지하,49
04000,제2종근린생활시설,불당,49
06000,종교시설,묘지관련시설,49
19000,위험물저장및처리시설,점포,49
04000,제2종근린생활시설,전시장,49
14000,업무시설,3,49
04000,제2종근린생활시설,삼문,49
01000,단독주택,농,49
16000,위락시설,단란주점,49
18000,창고시설,선과장,49
01000,단독주택,근린생활시설외1,49
02000,공동주택,및다세대주택,48
03000,제1종근린생활시설,건조장,48
04000,제2종근린생활시설,회관,48
03000,제1종근린생활시설,경찰관파출소,48
17000,공장,축사,48
01000,단독주택,주택5가구,48
04000,제2종근린생활시설,점포및사무실,48
04000,제2종근린생활시설,목재건구제조업,48
13000,운동시설,볼링장,48
02000,공동주택,집회소,48
03000,제1종근린생활시설,5가구,48
15000,숙박시설,제1종,48
01000,단독주택,2근린생활시설,48
03000,제1종근린생활시설,위험물취급소,48
22000,분뇨.쓰레기처리시설,폐기물처리시설및폐기물감량화시설,48
17000,공장,위험물저장고,48
05000,문화및집회시설,노유자시설,48
03000,제1종근린생활시설,도시형생활주택,48
04000,제2종근린생활시설,체육도장,48
01000,단독주택,다용도,48
18000,창고시설,간이저온저장고,48
03000,제1종근린생활시설,염소투입실,48
01000,단독주택,관리실,48
01000,단독주택,곶감건조장,48
30000,자원순환관련시설,사무소,48
04000,제2종근린생활시설,노래방,48
04000,제2종근린생활시설,여인숙,48
02000,공동주택,가스저장고,48
,,종업원사택,48
14000,업무시설,학원,48
06000,종교시설,제1,48
01000,단독주택,및제1종근린생활시설,48
Z3000,근린생활시설,다가구주택,48
04000,제2종근린생활시설,제2종근리생활시설,48
02000,공동주택,제연팬룸,48
17000,공장,공장및부대시설,48
04000,제2종근린생활시설,원룸형,48
02000,공동주택,도서실,48
06000,종교시설,외,48
10000,교육연구시설,다가구주택,48
09000,의료시설,의원,48
17000,공장,곡물제분업,48
17000,공장,비,48
21000,동물및식물관련시설,점포,48
15000,숙박시설,문화및집회시설,48
17000,공장,휴계실,48
17000,공장,공조실,48
14000,업무시설,관리사,48
01000,단독주택,외3,48
14000,업무시설,휴게음식점,48
03000,제1종근린생활시설,청사,48
01000,단독주택,회관,48
02000,공동주택,지하주차장캐노피,48
11000,노유자시설,양로원,47
20000,자동차관련시설,식당,47
04000,제2종근린생활시설,6가구,47
04000,제2종근린생활시설,간이주점,47
,,화장실,47
04000,제2종근린생활시설,다용도실,47
17000,공장,강당,47
02000,공동주택,탁아소,47
10000,교육연구시설,교육연구시설및,47
01000,단독주택,재실,47
14000,업무시설,방송통신시설,47
02000,공동주택,다목적체육관,47
03000,제1종근린생활시설,근린생활시설및위락시설,47
10000,교육연구시설,점포,47
19000,위험물저장및처리시설,유류판매소,47
05000,문화및집회시설,근린공공시설,47
21000,동물및식물관련시설,마사,47
21000,동물및식물관련시설,착유장,47
08000,운수시설,및,47
02000,공동주택,스카이라운지,47
17000,공장,p,47
02000,공동주택,동호회실,47
16000,위락시설,외,47
03000,제1종근린생활시설,장옥,47
13000,운동시설,문화및집회시설,47
14000,업무시설,수위실,47
21000,동물및식물관련시설,친환경퇴비사,47
15000,숙박시설,기타숙박시설,47
01000,단독주택,감타래,47
01000,단독주택,아파트,47
21000,동물및식물관련시설,싸이로,47
02000,공동주택,티하우스,47
04000,제2종근린생활시설,화실,47
01000,단독주택,1층,47
02000,공동주택,14,47
16000,위락시설,유기장,47
29000,장례시설,제2종근린생활시설,47
21000,동물및식물관련시설,농기계보관창고,47
02000,공동주택,주민공동시설2,46
03000,제1종근린생활시설,업소,46
,,농촌주택,46
18000,창고시설,계사,46
23000,교정및군사시설,시설,46
04000,제2종근린생활시설,2종근린생활시설및,46
04000,제2종근린생활시설,노인정,46
01000,단독주택,농사용,46
01000,단독주택,주텍,46
01000,단독주택,단독형집합주택,46
16000,위락시설,휴게소,46
23000,교정및군사시설,군사,46
17000,공장,초소,46
20000,자동차관련시설,교육연구시설,46
01000,단독주택,주택및제1종근린생활시설,46
06000,종교시설,사무소,46
27000,관광휴게시설,공중화장실,46
03000,제1종근린생활시설,제조업,46
15000,숙박시설,방갈로,46
18000,창고시설,제2종,46
17000,공장,포장실,46
01000,단독주택,2종근린생활,46
18000,창고시설,산지유통시설,46
03000,제1종근린생활시설,예능계강습소,46
02000,공동주택,보관소,46
01000,단독주택,딘독주택,46
04000,제2종근린생활시설,주택및제2종근린생활시설,46
18000,창고시설,사료창고,46
06000,종교시설,대문,46
,,잠실,46
02000,공동주택,공동작업장,46
02000,공동주택,정화조관리층,46
02000,공동주택,무인택배보관함,46
Z8000,교육연구및복지시설,초등학교,46
14000,업무시설,공공용시설,46
21000,동물및식물관련시설,축분처리장,46
01000,단독주택,다가구11가구,46
10000,교육연구시설,매점,46
20000,자동차관련시설,문화및집회시설,46
04000,제2종근린생활시설,지하,46
31000,야영장시설,취사시설,46
13000,운동시설,관리동,46
21000,동물및식물관련시설,볏집창고,46
01000,단독주택,하숙,46
01000,단독주택,다가구주택8가구,46
17000,공장,해태건조장,46
17000,공장,미곡종합처리장,46
04000,제2종근린생활시설,비각,46
03000,제1종근린생활시설,2종근린생활시설및주택,46
18000,창고시설,과일저장고,46
17000,공장,보이라실,46
11000,노유자시설,노인의료복지시설,46
02000,공동주택,원룸,45
03000,제1종근린생활시설,보이라실,45
03000,제1종근린생활시설,4,45
04000,제2종근린생활시설,유치원,45
04000,제2종근린생활시설,위험물저장및,45
17000,공장,공장및기숙사,45
10000,교육연구시설,일반음식점,45
04000,제2종근린생활시설,철공소,45
17000,공장,무기고,45
27000,관광휴게시설,자연휴양림,45
01000,단독주택,서재,45
02000,공동주택,5가구,45
02000,공동주택,취미실,45
01000,단독주택,8세대,45
17000,공장,b,45
03000,제1종근린생활시설,단독,45
Z8000,교육연구및복지시설,주택,45
01000,단독주택,고,45
17000,공장,송풍기실,45
04000,제2종근린생활시설,공해공장,45
03000,제1종근린생활시설,침술원,45
17000,공장,쓰레기처리장,45
22000,분뇨.쓰레기처리시설,자원순환관련시설,45
15000,숙박시설,차고,45
18000,창고시설,물품보관창고,45
18000,창고시설,노유자시설,45
01000,단독주택,간이주점,45
21000,동물및식물관련시설,건초창고,45
Z7001,축사,축사,45
21000,동물및식물관련시설,돈분처리장,45
01000,단독주택,주택용,45
01000,단독주택,다가가주택,45
22000,분뇨.쓰레기처리시설,전기실,45
22000,분뇨.쓰레기처리시설,변소,45
03000,제1종근린생활시설,마을공동이용시설,45
17000,공장,목재가구제조업,45
Z8000,교육연구및복지시설,경로당,44
06000,종교시설,교회당,44
27000,관광휴게시설,시설,44
33000,"국방,군사시설",교정,44
02000,공동주택,16,44
19000,위험물저장및처리시설,주유소캐노피,44
03000,제1종근린생활시설,홀,44
11000,노유자시설,의료시설,44
17000,공장,냉동공장,44
Z3000,근린생활시설,판매시설,44
Z3000,근린생활시설,일용품소매점,44
06000,종교시설,창고시설,44
03000,제1종근린생활시설,체육관,44
03000,제1종근린생활시설,저온저장고,44
15000,숙박시설,다중생활시설,44
03000,제1종근린생활시설,잎담배공동건조장,44
16000,위락시설,1,44
14000,업무시설,위험물저장및처리시설,44
03000,제1종근린생활시설,전시시설,44
04000,제2종근린생활시설,위락,44
10000,교육연구시설,제1종,44
18000,창고시설,농업용시설,44
04000,제2종근린생활시설,주택및점포,44
03000,제1종근린생활시설,잠수탈의장,44
02000,공동주택,외부엘리베이터,44
05000,문화및집회시설,사찰,44
01000,단독주택,모정,44
03000,제1종근린생활시설,건축자재소매점,44
01000,단독주택,단독주택및점포,44
19000,위험물저장및처리시설,액화가스취급소,44
27000,관광휴게시설,공원부수시설,44
04000,제2종근린생활시설,근린생활시설및창고,44
04000,제2종근린생활시설,일반,44
14000,업무시설,외3,44
02000,공동주택,폐기물보관시설,44
18000,창고시설,물류센타,44
02000,공동주택,원룸형아파트,44
21000,동물및식물관련시설,농가용축사,44
17000,공장,변전소,44
01000,단독주택,다가구주택12가구,44
19000,위험물저장및처리시설,가스공급시설,44
02000,공동주택,부경비실,44
02000,공동주택,28세대,43
02000,공동주택,문고등,43
11000,노유자시설,학원,43
18000,창고시설,공장시설,43
06000,종교시설,기도실,43
07000,판매시설,사무소,43
18000,창고시설,농,43
21000,동물및식물관련시설,벼육묘장,43
02000,공동주택,사우나기계실,43
Z9000,공공용시설,공공용시설,43
14000,업무시설,1종근린생활시설,43
04000,제2종근린생활시설,농기계,43
17000,공장,제2종,43
14000,업무시설,근린생활,43
01000,단독주택,주택및근생,43
17000,공장,원료창고,43
Z3000,근린생활시설,부속사,43
04000,제2종근린생활시설,농산물,43
19000,위험물저장및처리시설,창고시설,43
04000,제2종근린생활시설,단독주택외1,43
04000,제2종근린생활시설,택,43
20000,자동차관련시설,검차장,43
04000,제2종근린생활시설,강당,43
03000,제1종근린생활시설,물치장,43
21000,동물및식물관련시설,굼벵이사육장,43
01000,단독주택,주택및일반음식점,43
18000,창고시설,마을공동,43
04000,제2종근린생활시설,제2종근린생황시설,43
01000,단독주택,연초건조장,43
12000,수련시설,교육연구시설,43
27000,관광휴게시설,전망대,43
01000,단독주택,다가구주택9가구,43
18000,창고시설,물류터미널,43
03000,제1종근린생활시설,제조장,43
17000,공장,농수산물가공처리시설,43
01000,단독주택,제1종근린생활시설및,43
04000,제2종근린생활시설,주,43
02000,공동주택,의원,43
10000,교육연구시설,물탱크실,43
07000,판매시설,장옥,43
01000,단독주택,생및,43
01000,단독주택,건,43
18000,창고시설,판매시설,43
03000,제1종근린생활시설,간이,42
03000,제1종근린생활시설,물탱크,42
03000,제1종근린생활시설,비상급수시설,42
01000,단독주택,점포주택,42
02000,공동주택,피난안전구역,42
02000,공동주택,변전실,42
Z3000,근린생활시설,2가구,42
18000,창고시설,농수산물보관및관리관련시설,42
03000,제1종근린생활시설,2용도,42
21000,동물및식물관련시설,양봉사,42
01000,단독주택,78년,42
24000,방송통신시설,방송,42
04000,제2종근린생활시설,동,42
04000,제2종근린생활시설,제당,42
17000,공장,자전거보관소,42
13000,운동시설,체력단련장,42
04000,제2종근린생활시설,근리생활시설,42
01000,단독주택,이용소,42
12000,수련시설,청소년,42
27000,관광휴게시설,산막,42
02000,공동주택,제2종근린생활시설및다세대주택,42
16000,위락시설,외1,42
25000,발전시설,창고,42
10000,교육연구시설,관리실,42
01000,단독주택,부,42
04000,제2종근린생활시설,자동차,42
21000,동물및식물관련시설,약품창고,42
15000,숙박시설,근린시설,42
01000,단독주택,2종근린생활시설및단독주택,42
21000,동물및식물관련시설,조사료창고,42
Z5000,문화및집회시설,근린생활시설,42
03000,제1종근린생활시설,작업실,42
03000,제1종근린생활시설,다목적회관,42
17000,공장,콤퓨레샤실,42
02000,공동주택,19,42
01000,단독주택,창,42
18000,창고시설,문화및집회시설,42
18000,창고시설,수리점,42
01000,단독주택,오양간,42
10000,교육연구시설,휴게음식점,42
23000,교정및군사시설,병영생활관,42
19000,위험물저장및처리시설,1,42
07000,판매시설,의료시설,42
01000,단독주택,요사체,42
06000,종교시설,제당,42
01000,단독주택,주택및우사,42
27000,관광휴게시설,휴양시설,42
17000,공장,폐기물저장소,42
27000,관광휴게시설,및,42
02000,공동주택,휘트니스센타,42
04000,제2종근린생활시설,생활,42
17000,공장,원단편조업,42
02000,공동주택,근린생활시설및공동주택,41
17000,공장,mcc,41
01000,단독주택,블록형,41
03000,제1종근린생활시설,건가시설,41
17000,공장,대피실,41
27000,관광휴게시설,부수되는,41
01000,단독주택,제,41
04000,제2종근린생활시설,인쇄소,41
01000,단독주택,버섯재배사,41
01000,단독주택,석유판매소,41
10000,교육연구시설,학생회관,41
03000,제1종근린생활시설,시장,41
17000,공장,정비고,41
10000,교육연구시설,연결복도,41
06000,종교시설,사원,41
Z3000,근린생활시설,근생,41
21000,동물및식물관련시설,선별장,41
14000,업무시설,소방서,41
03000,제1종근린생활시설,건강관리실,41
01000,단독주택,융자,41
24000,방송통신시설,제2종근린생활시설,41
04000,제2종근린생활시설,카센터,41
01000,단독주택,행,41
03000,제1종근린생활시설,다용도실,41
20000,자동차관련시설,자동차검사장,41
01000,단독주택,유흥주점,41
02000,공동주택,경비원휴게실,41
15000,숙박시설,숙박시설및,41
01000,단독주택,제2종근린생활시설외,41
05000,문화및집회시설,판매시설,41
27000,관광휴게시설,관리사무소,41
01000,단독주택,창고및축사,41
21000,동물및식물관련시설,퇴비저장실,41
10000,교육연구시설,골프연습장,41
21000,동물및식물관련시설,축산시설,41
01000,단독주택,사설강습소,41
02000,공동주택,전기기계실,41
20000,자동차관련시설,전기실,41
17000,공장,부속사,41
02000,공동주택,관리층,41
Z8000,교육연구및복지시설,숙직실,41
02000,공동주택,주민복리시설,41
13000,운동시설,휴게소,41
23000,교정및군사시설,일반창고,41
01000,단독주택,96,41
14000,업무시설,제2종,41
19000,위험물저장및처리시설,저장및,41
01000,단독주택,위험물저장및,41
03000,제1종근린생활시설,제2종근린생활시설외,41
17000,공장,경,41
02000,공동주택,도시형생활주택단지형다세대주택,41
04000,제2종근린생활시설,마을회관,41
02000,공동주택,주민상담실,41
06000,종교시설,차고,41
14000,업무시설,제1종근생,40
01000,단독주택,생산시설,40
18000,창고시설,창고시설및단독주택,40
06000,종교시설,강당,40
01000,단독주택,소매점및주택,40
24000,방송통신시설,전화국,40
11000,노유자시설,정자,40
14000,업무시설,기계,40
Z3000,근린생활시설,제1종,40
17000,공장,목공소,40
10000,교육연구시설,교육연구시설외,40
06000,종교시설,삼성각,40
14000,업무시설,회의실,40
07000,판매시설,판매장,40
17000,공장,봉제공장,40
03000,제1종근린생활시설,제1종근생시설,40
01000,단독주택,랑,40
21000,동물및식물관련시설,농림수산업용시설,40
01000,단독주택,다가구주택11가구,40
01000,단독주택,다가구주택및일반음식점,40
30000,자원순환관련시설,자연순환관련시설,40
02000,공동주택,라운지,40
01000,단독주택,농업주택,40
17000,공장,검사실,40
04000,제2종근린생활시설,제과점,40
01000,단독주택,원두막,40
21000,동물및식물관련시설,농막,40
04000,제2종근린생활시설,단독주택및제2종근린생활시설,40
23000,교정및군사시설,저장시설,40
06000,종교시설,수도장,40
15000,숙박시설,일반유흥음식점,40
06000,종교시설,부속창고,40
23000,교정및군사시설,간부숙소,40
02000,공동주택,근생시설,40
18000,창고시설,운동시설,40
20000,자동차관련시설,자동차수리점,40
18000,창고시설,창고및단독주택,40
01000,단독주택,다가구4가구,40
01000,단독주택,퇴비장,40
20000,자동차관련시설,부속창고,40
01000,단독주택,농가생산시설,40
17000,공장,분뇨,40
17000,공장,영업소,40
03000,제1종근린생활시설,노인당,40
21000,동물및식물관련시설,계분건조장,40
17000,공장,면회실,40
05000,문화및집회시설,기타문화및집회시설,40
21000,동물및식물관련시설,농기계창고,39
18000,창고시설,물탱크실,39
11000,노유자시설,영,39
21000,동물및식물관련시설,토끼사육장,39
18000,창고시설,생산물저장창고,39
17000,공장,일반창고,39
01000,단독주택,94,39
18000,창고시설,관리사및창고,39
21000,동물및식물관련시설,자돈사,39
03000,제1종근린생활시설,간이집하장,39
07000,판매시설,영업용,39
Z3000,근린생활시설,자동차관련시설,39
17000,공장,벤처집적시설,39
14000,업무시설,관리실,39
17000,공장,세면장,39
24000,방송통신시설,방송국,39
10000,교육연구시설,본관,39
07000,판매시설,외1,39
02000,공동주택,외3,39
02003,다세대주택,다세대주택,39
02000,공동주택,우수조,39
22000,분뇨.쓰레기처리시설,제1종근린생활시설,39
Z5000,문화및집회시설,창고,39
04000,제2종근린생활시설,무도학원,39
01000,단독주택,공공용시설,39
14000,업무시설,부속창고,39
17000,공장,쓰레기장,39
02000,공동주택,돌봄센터,39
18000,창고시설,수산물창고,39
17000,공장,소결공장,39
02000,공동주택,집적소,39
01000,단독주택,숙직실,39
01000,단독주택,점,39
03000,제1종근린생활시설,제1종근린생활시설및,39
,,돈사,39
02000,공동주택,우수펌프실,39
Z3000,근린생활시설,교육연구및복지시설,39
18000,창고시설,마을공동농기계보관창고,39
18000,창고시설,건조기창고,39
04000,제2종근린생활시설,업무,39
13000,운동시설,노유자시설,39
06000,종교시설,절,39
03000,제1종근린생활시설,산후조리원,39
18000,창고시설,냉동,39
03000,제1종근린생활시설,매표소,39
01000,단독주택,방아간,39
10000,교육연구시설,시험소,39
19000,위험물저장및처리시설,고압가스저장소,39
04000,제2종근린생활시설,2종근생시설,39
02000,공동주택,재활용품보관시설,39
02000,공동주택,재활용품선별보관창고,39
17000,공장,탱크,39
03000,제1종근린생활시설,부락공동시설,39
03000,제1종근린생활시설,구매생활시설,39
17000,공장,해태가공공장,39
03000,제1종근린생활시설,리사무소,39
04000,제2종근린생활시설,방재실,38
17000,공장,연사제조,38
04000,제2종근린생활시설,일반창고,38
12000,수련시설,청소년야영장,38
Z5000,문화및집회시설,종교집회장,38
18000,창고시설,시장,38
01000,단독주택,18호,38
06000,종교시설,요사,38
02000,공동주택,여성친화공간,38
04000,제2종근린생활시설,아파트,38
06000,종교시설,교회사택,38
05000,문화및집회시설,창고시설,38
03000,제1종근린생활시설,관리소,38
02000,공동주택,휘트니스클럽,38
20000,자동차관련시설,공동주택,38
13000,운동시설,마사,38
03000,제1종근린생활시설,분기국사,38
11000,노유자시설,회관,38
10000,교육연구시설,학교교사,38
01000,단독주택,농용창고,38
04000,제2종근린생활시설,교육연구및,38
02000,공동주택,휴게음식점,38
11000,노유자시설,소매점,38
01000,단독주택,농산물,38
22000,분뇨.쓰레기처리시설,폐수처리시설,38
21000,동물및식물관련시설,발전실,38
13000,운동시설,경비실,38
03000,제1종근린생활시설,관리동,38
02000,공동주택,도시형다세대주택,38
01000,단독주택,근린시설및주택,38
02000,공동주택,쓰레기,38
01000,단독주택,농업시설,38
11000,노유자시설,다가구주택,38
05000,문화및집회시설,제실,38
03000,제1종근린생활시설,마을공동,38
16000,위락시설,간이주점,38
10000,교육연구시설,관리사,38
06000,종교시설,종교관련시설,38
21000,동물및식물관련시설,착유사,38
07000,판매시설,일반음식점,38
21000,동물및식물관련시설,저장시설,38
04000,제2종근린생활시설,구매시설,38
14000,업무시설,보건소,38
03000,제1종근린생활시설,제,38
01000,단독주택,주택및근린시설,38
17000,공장,수,38
03000,제1종근린생활시설,통신기계실,38
02000,공동주택,숙소,38
21000,동물및식물관련시설,오리사육장,38
05000,문화및집회시설,공회당,38
06000,종교시설,망실,38
01000,단독주택,주거용시설,38
14000,업무시설,주민공동시설,38
01000,단독주택,위험물저장처리시설,38
21000,동물및식물관련시설,톱밥돈사,38
14000,업무시설,종교시설,38
01000,단독주택,합숙소,38
19000,위험물저장및처리시설,shelter,37
01000,단독주택,근린생활및,37
21000,동물및식물관련시설,분만사,37
03000,제1종근린생활시설,상여보관소,37
17000,공장,폐기물창고,37
03000,제1종근린생활시설,2종근린생활,37
03000,제1종근린생활시설,식물관련시설,37
09000,의료시설,기숙사,37
06000,종교시설,제2종,37
18000,창고시설,친환경퇴비사,37
01000,단독주택,주택3가구,37
03000,제1종근린생활시설,태권도장,37
27000,관광휴게시설,공원에,37
21000,동물및식물관련시설,염소사육사,37
04000,제2종근린생활시설,교회사택,37
27000,관광휴게시설,소매점,37
02000,공동주택,공방,37
21000,동물및식물관련시설,오리축사,37
01000,단독주택,농촌,37
19000,위험물저장및처리시설,주유소사무실,37
19000,위험물저장및처리시설,가스저장실,37
30000,자원순환관련시설,공공하수처리시설,37
01000,단독주택,12가구용,37
18000,창고시설,광,37
01000,단독주택,융자주택,37
07000,판매시설,경비실,37
17000,공장,공구실,37
03000,제1종근린생활시설,약품투입실,37
10000,교육연구시설,어린이집,37
01000,단독주택,세차장,37
04000,제2종근린생활시설,교회당,37
02000,공동주택,주민공동,37
06000,종교시설,복지시설,37
09000,의료시설,교육연구및복지시설,37
02000,공동주택,사원아파트,37
01000,단독주택,창고변소,37
04000,제2종근린생활시설,의약품판매소,37
02000,공동주택,공용창고,37
21000,동물및식물관련시설,톱밥발효돈사,37
21000,동물및식물관련시설,건초장,37
21000,동물및식물관련시설,휴게실,37
13000,운동시설,야구장,37
04000,제2종근린생활시설,제2종근린생화시설,37
Z5000,문화및집회시설,집회시설,37
01000,단독주택,방갈로,37
01000,단독주택,주택창고,37
18000,창고시설,전기실,37
10000,교육연구시설,의료시설,37
22000,분뇨.쓰레기처리시설,분뇨처리장,37
18000,창고시설,기타,37
03000,제1종근린생활시설,방송통신시설,37
10000,교육연구시설,근생,37
31000,야영장시설,및,37
17000,공장,위,37
03000,제1종근린생활시설,제1종근리생활시설,37
03000,제1종근린생활시설,근린공공,37
02000,공동주택,캐노피,37
01000,단독주택,부속정자,37
05000,문화및집회시설,외,36
04000,제2종근린생활시설,위험물취급소,36
10000,교육연구시설,위락시설,36
02000,공동주택,직원휴게실,36
21000,동물및식물관련시설,작물,36
22000,분뇨.쓰레기처리시설,동물및식물관련시설,36
04000,제2종근린생활시설,근린생활시설외2,36
17000,공장,직원식당,36
,,기숙사,36
18000,창고시설,농기계보관용,36
02000,공동주택,상무아파트,36
06000,종교시설,종교집회시설,36
08000,운수시설,대합실,36
21000,동물및식물관련시설,사슴장,36
21000,동물및식물관련시설,농업용시설,36
11000,노유자시설,기계실,36
04000,제2종근린생활시설,정비공장,36
03000,제1종근린생활시설,제2종근,36
18000,창고시설,구판장,36
17000,공장,제강공장,36
10000,교육연구시설,변전실,36
19000,위험물저장및처리시설,판매소,36
18000,창고시설,관리사무실,36
17000,공장,비가림시설,36
04000,제2종근린생활시설,청소년전자유기장,36
02000,공동주택,문화및집회시설,36
21000,동물및식물관련시설,분뇨및쓰레기처리시설,36
01000,단독주택,장독대,36
02000,공동주택,연회장,36
23000,교정및군사시설,행정시설,36
16000,위락시설,근린생활,36
04000,제2종근린생활시설,제2종근린생활시설외1건,36
04000,제2종근린생활시설,근린생활및주택,36
Z8000,교육연구및복지시설,유치원,36
10000,교육연구시설,전문대학,36
03000,제1종근린생활시설,문화,36
04000,제2종근린생활시설,강습소,36
01000,단독주택,다가구3가구,36
18000,창고시설,제1종,36
04000,제2종근린생활시설,향교,36
01000,단독주택,다가구주택14가구,36
03000,제1종근린생활시설,골프연습장,36
01000,단독주택,기존,36
18000,창고시설,농어가주택,36
17000,공장,농수산물가공공장,36
18000,창고시설,주택부속창고,36
15000,숙박시설,고시원,36
03000,제1종근린생활시설,1건,36
03000,제1종근린생활시설,새마을,36
04000,제2종근린생활시설,제2종근생활시설,36
02000,공동주택,다세대주택10세대,36
17000,공장,기타목재가구제조업,36
01000,단독주택,근린시설및,36
13000,운동시설,창고시설,36
19000,위험물저장및처리시설,고압가스판매소,36
02000,공동주택,옥외elev,36
01000,단독주택,주택부,36
Z5000,문화및집회시설,및,36
18000,창고시설,감자저장고,36
01000,단독주택,9세대,35
13000,운동시설,식당,35
14000,업무시설,영업소,35
17000,공장,저수조,35
17000,공장,냉장창고,35
01000,단독주택,단독주택및소매점,35
21000,동물및식물관련시설,유리온실,35
01000,단독주택,태양열주택,35
04000,제2종근린생활시설,안마시술소,35
21000,동물및식물관련시설,퇴비사및창고,35
Z3000,근린생활시설,3가구,35
01000,단독주택,농업인창고,35
04000,제2종근린생활시설,방아간,35
03000,제1종근린생활시설,노래방,35
02000,공동주택,단지형다세대10세대,35
01000,단독주택,주택및근린생활,35
01000,단독주택,부속건축물,35
21000,동물및식물관련시설,비육사,35
02000,공동주택,지하주차장3,35
18000,창고시설,샤워실,35
17000,공장,연구동,35
03000,제1종근린생활시설,부대시설,35
15000,숙박시설,객실,35
05000,문화및집회시설,집회장,35
02000,공동주택,약국,35
01000,단독주택,어린이집,35
17000,공장,작업실,35
01000,단독주택,포,35
18000,창고시설,정자,35
04000,제2종근린생활시설,8가구,35
18000,창고시설,농사용저온창고,35
15000,숙박시설,바베큐장,35
18000,창고시설,단독주택외,35
03000,제1종근린생활시설,방아간,35
03000,제1종근린생활시설,체험장,35
21000,동물및식물관련시설,짚창고,35
,,71,35
04000,제2종근린생활시설,절,35
17000,공장,수전실,35
02000,공동주택,복지관,35
16000,위락시설,업무시설,35
01000,단독주택,건조기,35
04000,제2종근린생활시설,저장고,35
04000,제2종근린생활시설,근생및,35
03000,제1종근린생활시설,운수시설,35
02000,공동주택,근로자휴게소,35
17000,공장,쓰레기처리시설,35
02000,공동주택,체력단련장,35
17000,공장,석재공장,35
01000,단독주택,창고및단독주택,35
16000,위락시설,주점,35
04000,제2종근린생활시설,판매장,35
07000,판매시설,1,35
17000,공장,도장실,35
14000,업무시설,보일러실,35
03000,제1종근린생활시설,대합실,35
27000,관광휴게시설,매표소,35
02000,공동주택,13,35
18000,창고시설,농산물저온저장창고,35
03000,제1종근린생활시설,생시설,35
02000,공동주택,외부elev,34
18000,창고시설,양곡보관창고,34
Z5000,문화및집회시설,사택,34
18000,창고시설,농협창고,34
03000,제1종근린생활시설,방갈로,34
Z3000,근린생활시설,노유자시설,34
,,재실,34
02000,공동주택,골프연습실,34
01000,단독주택,다가구3,34
21000,동물및식물관련시설,저장소,34
04000,제2종근린생활시설,도서실,34
27000,관광휴게시설,관광농원,34
07000,판매시설,교육연구및복지시설,34
03000,제1종근린생활시설,도시가스배관시설,34
03000,제1종근린생활시설,1종근린생활,34
18000,창고시설,냉장,34
17000,공장,기타방적업,34
18000,창고시설,기타창고,34
01000,단독주택,주거용주택,34
14000,업무시설,제2종근생,34
03000,제1종근린생활시설,사진관,34
06000,종교시설,노인복지시설,34
Z8000,교육연구및복지시설,변소,34
21000,동물및식물관련시설,전복축양장,34
17000,공장,복지동,34
27000,관광휴게시설,기계실,34
18000,창고시설,농가용저온창고,34
18000,창고시설,어업용,34
25000,발전시설,집단에너지공급시설,34
18000,창고시설,작업실,34
11000,노유자시설,제1종근생,34
10000,교육연구시설,체육창고,34
17000,공장,소각장,34
18000,창고시설,공동,34
04000,제2종근린생활시설,생및주택,34
21000,동물및식물관련시설,쓰레기처리시설,34
22000,분뇨.쓰레기처리시설,창고시설,34
24000,방송통신시설,초소,34
01000,단독주택,정각,34
03000,제1종근린생활시설,다세대,34
01000,단독주택,농어가창고,34
02000,공동주택,공동세탁실,34
30000,자원순환관련시설,제2종근린생활시설,34
21000,동물및식물관련시설,분뇨,34
03000,제1종근린생활시설,마을복지회관,34
01000,단독주택,농업창고,34
17000,공장,공기압축기실,34
24000,방송통신시설,무인기지국,34
22000,분뇨.쓰레기처리시설,제2종근린생활시설,34
17000,공장,4,34
04000,제2종근린생활시설,제2종근린생활시설및다가구주택,34
02000,공동주택,인포넷실,33
11000,노유자시설,교육연구시설및복지시설,33
03000,제1종근린생활시설,2종근린생활시설및단독주택,33
15000,숙박시설,영업소,33
01000,단독주택,2종근생시설,33
02000,공동주택,멀티미디어실,33
13000,운동시설,탁구장,33
04000,제2종근린생활시설,주택외,33
18000,창고시설,농산물간이저장고,33
03000,제1종근린생활시설,제2종근린생활,33
03000,제1종근린생활시설,다과점,33
01000,단독주택,다가구2세대,33
01000,단독주택,16호,33
31000,야영장시설,관리실,33
02000,공동주택,경비실4,33
02000,공동주택,4가구,33
01000,단독주택,19세대,33
09000,의료시설,1,33
27000,관광휴게시설,사무실,33
04000,제2종근린생활시설,위험물,33
03000,제1종근린생활시설,주택외,33
03000,제1종근린생활시설,농촌지도소,33
04000,제2종근린생활시설,놀이형시설,33
01000,단독주택,근린생화시설,33
03000,제1종근린생활시설,중대본부,33
04000,제2종근린생활시설,농산물가공,33
02000,공동주택,스파,33
Z3000,근린생활시설,식당,33
11000,노유자시설,숙소,33
02000,공동주택,다세대임대주택,33
02000,공동주택,생활부업실,33
01000,단독주택,3층,33
04000,제2종근린생활시설,위험물처리시설,33
17000,공장,비상발전기실,33
03000,제1종근린생활시설,영업시설,33
03000,제1종근린생활시설,주방,33
04000,제2종근린생활시설,속셈학원,33
16000,위락시설,대중음식점,33
Z5000,문화및집회시설,요사체,33
13000,운동시설,배드민턴장,33
01000,단독주택,위험물처리시설,33
03000,제1종근린생활시설,쉼터,33
02000,공동주택,경비원,33
05000,문화및집회시설,마을회관,33
22000,분뇨.쓰레기처리시설,공공용시설,33
18000,창고시설,간이저장고,33
02000,공동주택,복리동,33
04000,제2종근린생활시설,주점영업,33
21000,동물및식물관련시설,액비저장조,33
02000,공동주택,7가구,33
18000,창고시설,제1종근생,33
01000,단독주택,샤워장,33
04000,제2종근린생활시설,건강원,33
04000,제2종근린생활시설,묘지관련시설,33
02000,공동주택,대세대주택,33
11000,노유자시설,유아보육시설,33
03000,제1종근린생활시설,가압펌프장,33
04000,제2종근린생활시설,등,33
17000,공장,농업생산시설,33
11000,노유자시설,근로복지시설,33
01000,단독주택,협동주택,33
21000,동물및식물관련시설,농생,33
01000,단독주택,일반유흥음식점,33
18000,창고시설,1종근린생활시설,33
03000,제1종근린생활시설,부속건물,33
10000,교육연구시설,학교교육시설,33
01000,단독주택,물치고,33
04000,제2종근린생활시설,상점,32
17000,공장,정비실,32
17000,공장,후생복리시설,32
21000,동물및식물관련시설,개방형축사,32
01000,단독주택,일용품,32
17000,공장,보관창고,32
,,헛간,32
13000,운동시설,그늘집,32
03000,제1종근린생활시설,무도학원,32
11000,노유자시설,회의실,32
21000,동물및식물관련시설,농업용,32
21000,동물및식물관련시설,농산물창고,32
18000,창고시설,처리시설,32
02000,공동주택,및업무시설,32
03000,제1종근린생활시설,재1종근린생활시설,32
02000,공동주택,단지형다세대8세대,32
04000,제2종근린생활시설,요사,32
02000,공동주택,집중구내통신실,32
12000,수련시설,및,32
14000,업무시설,집회시설,32
05000,문화및집회시설,매표소,32
11000,노유자시설,식당,32
03000,제1종근린생활시설,헬스크럽,32
03000,제1종근린생활시설,근린생활시설외2,32
11000,노유자시설,기숙사,32
16000,위락시설,외2,32
05000,문화및집회시설,관리사,32
21000,동물및식물관련시설,가축시장,32
11000,노유자시설,사회복지관,32
17000,공장,직원휴게실,32
04000,제2종근린생활시설,영유아보육시설,32
01000,단독주택,2층,32
01000,단독주택,19호,32
21000,동물및식물관련시설,축사및주택,32
04000,제2종근린생활시설,문화집회시설,32
03000,제1종근린생활시설,마을쉼터,32
21000,동물및식물관련시설,2,32
19000,위험물저장및처리시설,세차시설,32
Z8000,교육연구및복지시설,관리사,32
18000,창고시설,영업소,32
Z5000,문화및집회시설,화장실,32
18000,창고시설,부속화장실,32
18000,창고시설,부속시설,32
17000,공장,골재야적장,32
21000,동물및식물관련시설,식물및동물관련시설,32
03000,제1종근린생활시설,제1종근생활시설,32
06000,종교시설,휴게음식점,32
02000,공동주택,경비동,32
12000,수련시설,제1종근린생활시설,32
09000,의료시설,휴게음식점,32
04000,제2종근린생활시설,제분소,32
02000,공동주택,공동주택및업무시설,32
17000,공장,배전실,32
02000,공동주택,재활용품보관실,32
17000,공장,물탱크,32
21000,동물및식물관련시설,농업생산,32
17000,공장,방풍실,32
18000,창고시설,정비고,32
15000,숙박시설,기타일반숙박시설,32
01000,단독주택,축사및창고,32
01000,단독주택,제1종근린생할시설,32
01000,단독주택,다가구10가구,32
20000,자동차관련시설,자동차운전학원,32
02000,공동주택,미화원휴게실,32
Z5000,문화및집회시설,대중음식점,32
,,동물및식물관련시설,32
01000,단독주택,다가구주택10가구,32
19000,위험물저장및처리시설,p,31
03000,제1종근린생활시설,도서실,31
02000,공동주택,체육시설,31
04000,제2종근린생활시설,탈의실,31
04000,제2종근린생활시설,다중,31
14000,업무시설,근린생활시설및업무시설,31
17000,공장,창고및사무실,31
04000,제2종근린생활시설,교육시설,31
04000,제2종근린생활시설,2종근린생활시설외1,31
17000,공장,공장관련시설,31
,,식당,31
02000,공동주택,e,31
03000,제1종근린생활시설,일반소매점,31
03000,제1종근린생활시설,무인기지국,31
10000,교육연구시설,실습장,31
02000,공동주택,방재센타,31
23000,교정및군사시설,취사식당,31
01000,단독주택,농가형주택,31
17000,공장,도자기,31
04000,제2종근린생활시설,근린생활시설1,31
01000,단독주택,5호,31
04000,제2종근린생활시설,기타운동시설,31
11000,노유자시설,노인여가복지시설,31
,,경비실,31
15000,숙박시설,산막,31
02000,공동주택,보이라실,31
20000,자동차관련시설,관리실,31
11000,노유자시설,주차장,31
21000,동물및식물관련시설,조사,31
01000,단독주택,단독주택1가구,31
03000,제1종근린생활시설,새마을창고,31
27000,관광휴게시설,매점,31
01000,단독주택,차고및창고,31
03000,제1종근린생활시설,위판장,31
01000,단독주택,20호,31
15000,숙박시설,숙박시설외1,31
01000,단독주택,물탱크,31
03000,제1종근린생활시설,일용품,31
01000,단독주택,집회시설,31
18000,창고시설,수산물,31
08000,운수시설,도시철도역사,31
10000,교육연구시설,특수학교,31
02000,공동주택,공동주택및,31
04000,제2종근린생활시설,마을금고,31
01000,단독주택,단독주택2가구,31
17000,공장,창고동,31
19000,위험물저장및처리시설,l,31
03000,제1종근린생활시설,주민자치센터,31
02000,공동주택,지역아동센터,31
04000,제2종근린생활시설,기타제2종근린생활시설,31
19000,위험물저장및처리시설,옥내저장소,31
20000,자동차관련시설,변소,31
17000,공장,지하실,31
01000,단독주택,위험물저장시설,31
02000,공동주택,제조업소,31
15000,숙박시설,대피실,31
10000,교육연구시설,교육연구복지시설,31
04000,제2종근린생활시설,슈퍼마켓,31
04000,제2종근린생활시설,판매,31
03000,제1종근린생활시설,교육및연구시설,31
15000,숙박시설,변소,31
02000,공동주택,생활편익,31
21000,동물및식물관련시설,톱밥발효축사,31
17000,공장,no,31
01000,단독주택,고시원,31
Z3000,근린생활시설,1,31
02000,공동주택,및제1종근린생활시설,31
02000,공동주택,의료,31
02000,공동주택,팬룸,31
10000,교육연구시설,근린공공시설,31
12000,수련시설,청소년시설,30
02000,공동주택,숙직실,30
21000,동물및식물관련시설,사무소,30
18000,창고시설,근생,30
01000,단독주택,및창고,30
19000,위험물저장및처리시설,유류취급소,30
04000,제2종근린생활시설,제1종근린생활시설외2,30
05000,문화및집회시설,2,30
02000,공동주택,부속건축물,30
27000,관광휴게시설,공원,30
17000,공장,관리사무실,30
17000,공장,교육장,30
04000,제2종근린생활시설,오락실,30
Z3000,근린생활시설,운동시설,30
01000,단독주택,다락,30
17000,공장,유해공장,30
02000,공동주택,빗물저류조관리층,30
02000,공동주택,주거용,30
02000,공동주택,옥외,30
17000,공장,운전원대기실,30
03000,제1종근린생활시설,6가구,30
Z8000,교육연구및복지시설,기숙사,30
04000,제2종근린생활시설,외국어학원,30
02000,공동주택,주거,30
04000,제2종근린생활시설,제조,30
Z8000,교육연구및복지시설,단독주택,30
22000,분뇨.쓰레기처리시설,펌프실,30
19000,위험물저장및처리시설,고압가스,30
05000,문화및집회시설,사무소,30
,,다가구주택,30
21000,동물및식물관련시설,동물관련,30
20000,자동차관련시설,카센타,30
10000,교육연구시설,도서실,30
20000,자동차관련시설,군사시설,30
11000,노유자시설,1종근린생활시설,30
06000,종교시설,기숙사,30
02000,공동주택,설비실,30
09000,의료시설,종합의료시설,30
17000,공장,a,30
20000,자동차관련시설,제2종근생,30
04000,제2종근린생활시설,집회장,30
24000,방송통신시설,데이터센터,30
21000,동물및식물관련시설,톱밥,30
25000,발전시설,원자력발전소,30
21000,동물및식물관련시설,일반음식점,30
02000,공동주택,자원봉사자실,30
07000,판매시설,일반게임제공업의시설,30
24000,방송통신시설,분기국사,30
21000,동물및식물관련시설,정미소,30
02000,공동주택,주민복지시설,30
17000,공장,농산물가공,30
16000,위락시설,매점,30
15000,숙박시설,생,30
30000,자원순환관련시설,하수등,30
02000,공동주택,미용원,30
22000,분뇨.쓰레기처리시설,수위실,30
05000,문화및집회시설,문화재,30
04000,제2종근린생활시설,교육및연구시설,30
01000,단독주택,2건,30
19000,위험물저장및처리시설,경비실,30
05000,문화및집회시설,일반음식점,30
10000,교육연구시설,직업훈련원,30
31000,야영장시설,개수대,30
Z3000,근린생활시설,1가구,30
22000,분뇨.쓰레기처리시설,계단실,30
03000,제1종근린생활시설,일반공장,30
21000,동물및식물관련시설,한우축사,30
03000,제1종근린생활시설,영유아보육시설,30
20000,자동차관련시설,부대시설,30
17000,공장,해태공장,30
01000,단독주택,제1종근생시설,30
04000,제2종근린생활시설,한옥체험업,30
22000,분뇨.쓰레기처리시설,우분장,30
04000,제2종근린생활시설,헬스크럽,29
01000,단독주택,생활,29
01000,단독주택,단독다가구,29
11000,노유자시설,2,29
18000,창고시설,마을공동시설,29
18000,창고시설,단독주택및창고시설,29
01000,단독주택,다가구및근생,29
11000,노유자시설,관리사무소,29
17000,공장,위험물저장시설,29
01000,단독주택,산신각,29
27000,관광휴게시설,관광휴게실,29
09000,의료시설,운동시설,29
17000,공장,소방차고,29
21000,동물및식물관련시설,분뇨처리장,29
21000,동물및식물관련시설,새우양식장,29
01000,단독주택,주택및공장,29
18000,창고시설,창고및헛간,29
02000,공동주택,다세대주택외1,29
18000,창고시설,다가구주택,29
17000,공장,제조소,29
03000,제1종근린생활시설,시정,29
Z6000,판매및영업시설,근린생활시설,29
19000,위험물저장및처리시설,기계식세차설비,29
01000,단독주택,농촌개량주택,29
01000,단독주택,주택및지하부속사,29
01000,단독주택,영유아보육시설,29
Z3000,근린생활시설,2종,29
02000,공동주택,제어감시실,29
06000,종교시설,휴게실,29
01000,단독주택,농막,29
04000,제2종근린생활시설,부대,29
Z3000,근린생활시설,영업,29
12000,수련시설,청소년수련의집,29
07000,판매시설,자동차관련시설,29
02000,공동주택,2개소,29
01000,단독주택,다가구주택15가구,29
03000,제1종근린생활시설,욕실,29
30000,자원순환관련시설,폐기물,29
08000,운수시설,영업시설,29
01000,단독주택,펌프실,29
02000,공동주택,소화가스실,29
03000,제1종근린생활시설,제2종근린생활시설외1,29
01000,단독주택,근생및단독주택,29
17000,공장,가스저장고,29
01000,단독주택,단독주택및부속창고,29
10000,교육연구시설,전기실,29
02000,공동주택,발전실,29
15000,숙박시설,노래연습장,29
,,사택,29
03000,제1종근린생활시설,건강원,29
04000,제2종근린생활시설,다세대,29
04000,제2종근린생활시설,사무실및주택,29
07000,판매시설,방재실,29
01000,단독주택,다가구2가구,29
02000,공동주택,주민휴게실,29
17000,공장,근생,29
01000,단독주택,홀,29
07000,판매시설,생활시설,29
01000,단독주택,정육점,29
03000,제1종근린생활시설,건축자재,29
21000,동물및식물관련시설,창고및관리사,29
17000,공장,콤프실,29
15000,숙박시설,제2종,29
03000,제1종근린생활시설,생및주택,29
04000,제2종근린생활시설,관광숙박시설,29
14000,업무시설,대중음식점,29
14000,업무시설,기계전기실,29
14000,업무시설,연구소,29
17000,공장,부속화장실,29
22000,분뇨.쓰레기처리시설,사무소,29
17000,공장,수처리실,29
01000,단독주택,외2용도,29
01000,단독주택,지원개량,29
03000,제1종근린생활시설,마을공동체험장,29
13000,운동시설,판매시설,29
03000,제1종근린생활시설,세면장,29
06000,종교시설,관사,29
27000,관광휴게시설,운동시설,29
17000,공장,휴게소,29
11000,노유자시설,고아원,29
17000,공장,폐수처리기계실,29
05000,문화및집회시설,비각,28
17000,공장,김가공공장,28
10000,교육연구시설,중,28
05000,문화및집회시설,기타전시장,28
02000,공동주택,자동차관련시설,28
11000,노유자시설,관리실,28
02000,공동주택,공동변소,28
03000,제1종근린생활시설,탈의장,28
01000,단독주택,다가주택,28
17000,공장,e,28
18000,창고시설,판매및영업시설,28
02000,공동주택,용역휴게실,28
17000,공장,공장및주택,28
01000,단독주택,외부화장실,28
04000,제2종근린생활시설,분뇨및쓰레기처리시설,28
20000,자동차관련시설,공영주차장,28
17000,공장,제2종근생,28
04000,제2종근린생활시설,청소년게임제공업소,28
27000,관광휴게시설,취사장,28
03000,제1종근린생활시설,냉동창고,28
01000,단독주택,단독주태,28
02000,공동주택,6호,28
20000,자동차관련시설,관리사무소,28
Z5000,문화및집회시설,사무실,28
03000,제1종근린생활시설,교육시설,28
10000,교육연구시설,양궁장,28
02000,공동주택,전기발전기실,28
10000,교육연구시설,샤워실,28
15000,숙박시설,부속창고,28
17000,공장,농산물가공처리시설,28
13000,운동시설,외1,28
02000,공동주택,29세대,28
19000,위험물저장및처리시설,유류창고,28
01000,단독주택,주택및화장실,28
07000,판매시설,백화점,28
10000,교육연구시설,위험물저장소,28
10000,교육연구시설,3,28
01000,단독주택,저온저장창고,28
02000,공동주택,g,28
14000,업무시설,영업,28
05000,문화및집회시설,외1,28
21000,동물및식물관련시설,동물및식물관련,28
17000,공장,인쇄업,28
05000,문화및집회시설,점포,28
19000,위험물저장및처리시설,숙직실,28
04000,제2종근린생활시설,피아노학원,28
19000,위험물저장및처리시설,외,28
02000,공동주택,옥내주차장,28
07000,판매시설,관리사무소,28
04000,제2종근린생활시설,매점,28
02000,공동주택,근로자,28
14000,업무시설,우체국,28
11000,노유자시설,강당,28
18000,창고시설,생,28
04000,제2종근린생활시설,공공업무시설,28
22000,분뇨.쓰레기처리시설,폐기물,28
18000,창고시설,욕실,28
03000,제1종근린생활시설,마을정각,28
03000,제1종근린생활시설,공판장,28
18000,창고시설,공공업무시설,28
02000,공동주택,실내골프장,28
21000,동물및식물관련시설,우사및,28
03000,제1종근린생활시설,검문소,28
01000,단독주택,식품위생시설,27
01000,단독주택,예능계강습소,27
01000,단독주택,떡방앗간,27
01000,단독주택,다가구2,27
02000,공동주택,주차관리실,27
21000,동물및식물관련시설,건초사,27
04000,제2종근린생활시설,공장시설,27
14000,업무시설,문화,27
03000,제1종근린생활시설,마을,27
18000,창고시설,농자재보관창고,27
04000,제2종근린생활시설,근린생활시설2,27
21000,동물및식물관련시설,기숙사,27
18000,창고시설,단독주택및,27
15000,숙박시설,1종근린생활시설,27
02000,공동주택,정화조관리실,27
01000,단독주택,부속동,27
03000,제1종근린생활시설,지하대피소,27
01000,단독주택,그린생활시설,27
03000,제1종근린생활시설,제1종근린생활시설외1건,27
04000,제2종근린생활시설,일반음식점및단독주택,27
17000,공장,집진기실,27
19000,위험물저장및처리시설,보일러실,27
03000,제1종근린생활시설,상수도,27
02000,공동주택,1층,27
03000,제1종근린생활시설,경비초소,27
20000,자동차관련시설,펌프실,27
10000,교육연구시설,교육및복지시설,27
21000,동물및식물관련시설,축사창고,27
03000,제1종근린생활시설,소매점및단독주택,27
07000,판매시설,시장장옥,27
03000,제1종근린생활시설,노유자,27
03000,제1종근린생활시설,승강장,27
13000,운동시설,2,27
04000,제2종근린생활시설,통로,27
04000,제2종근린생활시설,일반음식점및사무소,27
17000,공장,분리수거장,27
02000,공동주택,도시형원룸,27
02000,공동주택,공용화장실,27
15000,숙박시설,교육연구시설,27
02000,공동주택,건강증진센터,27
21000,동물및식물관련시설,창고및축사,27
01000,단독주택,95,27
04000,제2종근린생활시설,1가구용,27
02000,공동주택,종교시설,27
17000,공장,가공,27
16000,위락시설,2,27
30000,자원순환관련시설,휴게실,27
Z8000,교육연구및복지시설,사택,27
09000,의료시설,입원실,27
22000,분뇨.쓰레기처리시설,업무시설,27
03000,제1종근린생활시설,2종근,27
02000,공동주택,다세대형,27
02000,공동주택,택배보관함,27
04000,제2종근린생활시설,제1종근,27
04000,제2종근린생활시설,보이라실,27
21000,동물및식물관련시설,우사및창고,27
19000,위험물저장및처리시설,휴게음식점,27
18000,창고시설,농수산물저장창고,27
03000,제1종근린생활시설,일용소매점,27
11000,노유자시설,노유자시설외1,27
03000,제1종근린생활시설,근린생활시설및업무시설,27
15000,숙박시설,2종,27
17000,공장,제조실,27
01000,단독주택,교회사택,27
Z3000,근린생활시설,의원,27
01000,단독주택,개량곳간,27
15000,숙박시설,오피스텔,27
17000,공장,폐기물보관창고,27
03000,제1종근린생활시설,근생및,27
04000,제2종근린생활시설,동식물관련시설,27
06000,종교시설,종대,27
10000,교육연구시설,청소년수련시설,27
13000,운동시설,부속창고,27
17000,공장,후생시설,27
02000,공동주택,주,27
18000,창고시설,사택,27
10000,교육연구시설,경비동,27
01000,단독주택,다가구5가구,27
17000,공장,부속시설,27
27000,관광휴게시설,휴게시설,27
02000,공동주택,도시형생활형주택,27
01000,단독주택,탁구장,27
17000,공장,t,27
17000,공장,기타,27
01000,단독주택,단독주택3가구,27
20000,자동차관련시설,숙소,27
01000,단독주택,다가구3세대,26
21000,동물및식물관련시설,농가용주택,26
17000,공장,휴게음식점,26
Z5000,문화및집회시설,성당,26
13000,운동시설,기숙사,26
06000,종교시설,외2,26
Z5000,문화및집회시설,문화,26
18000,창고시설,복지시설,26
Z3000,근린생활시설,정미소,26
17000,공장,폐수처리실,26
Z5000,문화및집회시설,제각,26
17000,공장,보관소,26
04000,제2종근린생활시설,위험물저장처리시설,26
17000,공장,컴프레샤실,26
14000,업무시설,다중주택,26
21000,동물및식물관련시설,꿩사육장,26
11000,노유자시설,양노당,26
01000,단독주택,문화,26
11000,노유자시설,노인요양원,26
18000,창고시설,감귤선과장,26
04000,제2종근린생활시설,관리동,26
02000,공동주택,제1종근린생활시설및다세대주택,26
01000,단독주택,슈퍼마켓,26
19000,위험물저장및처리시설,변소,26
04000,제2종근린생활시설,암자,26
03000,제1종근린생활시설,종교집회장,26
03000,제1종근린생활시설,양수실,26
09000,의료시설,사무실,26
04000,제2종근린생활시설,위험물저장소,26
01000,단독주택,직원숙소,26
02000,공동주택,27세대,26
19000,위험물저장및처리시설,화약류저장소,26
05000,문화및집회시설,휴게음식점,26
03000,제1종근린생활시설,이,26
19000,위험물저장및처리시설,가스저장창고,26
18000,창고시설,농자재창고,26
01000,단독주택,다가구용단독주택4가구,26
03000,제1종근린생활시설,점포외,26
02000,공동주택,감시제어반,26
13000,운동시설,관리실,26
01000,단독주택,공동취사장,26
31000,야영장시설,취사장,26
17000,공장,원료처리공장,26
21000,동물및식물관련시설,육상어류축양장,26
02000,공동주택,2동,26
04000,제2종근린생활시설,종근린생활시설,26
31000,야영장시설,기타야영장시설,26
17000,공장,미곡처리장,26
01000,단독주택,2호연립주택,26
10000,교육연구시설,연립사택,26
19000,위험물저장및처리시설,식당,26
04000,제2종근린생활시설,기도실,26
08000,운수시설,여객터미널,26
02000,공동주택,광원사택,26
04000,제2종근린생활시설,태권도장,26
01000,단독주택,창고및차고,26
04000,제2종근린생활시설,농업용창고,26
01000,단독주택,부속사창고,26
02000,공동주택,다새대주택,26
07000,판매시설,2,26
03000,제1종근린생활시설,농촌체험장,26
18000,창고시설,무기고,26
31000,야영장시설,바베큐장,26
14000,업무시설,연쇄점,26
10000,교육연구시설,샤워장,26
01000,단독주택,제분소,26
04000,제2종근린생활시설,2건,26
22000,분뇨.쓰레기처리시설,오수처리장,26
10000,교육연구시설,지킴이실,26
03000,제1종근린생활시설,동각,26
02000,공동주택,22세대,26
20000,자동차관련시설,제1종,26
17000,공장,저장창고,26
04000,제2종근린생활시설,외삼문,26
02000,공동주택,합숙소,26
18000,창고시설,다용도실,26
04000,제2종근린생활시설,2종근린시설,26
19000,위험물저장및처리시설,펌프실,26
04000,제2종근린생활시설,헛간,26
12000,수련시설,취사장,26
04000,제2종근린생활시설,제2종근린생활시,26
18000,창고시설,창고및근린생활시설,26
03000,제1종근린생활시설,위험물판매취급소,26
01000,단독주택,냉장창고,26
01000,단독주택,제사,26
18999,기타창고시설,창고시설,26
04000,제2종근린생활시설,근린생활시설및업무시설,26
15000,숙박시설,외3,26
02000,공동주택,위락시설,26
15000,숙박시설,위락,26
14000,업무시설,관리사무실,26
Z8000,교육연구및복지시설,제2종근린생활시설,26
09000,의료시설,판매시설,26
18000,창고시설,농수산물저온창고,26
14000,업무시설,제연휀룸,26
02000,공동주택,정자,26
02000,공동주택,재활용,26
02000,공동주택,판매,26
01000,단독주택,근린및주택,26
14000,업무시설,mdf,26
06000,종교시설,목사관,26
18000,창고시설,잎담배건조장,26
01000,단독주택,주택1가구,26
04000,제2종근린생활시설,기타시설,26
04000,제2종근린생활시설,관련시설,26
18000,창고시설,건조창고,26
17000,공장,시멘트싸이로,26
03000,제1종근린생활시설,및단독주택,26
02000,공동주택,점포및주택,26
02000,공동주택,m,25
01000,단독주택,2종근린생활시설및다가구주택,25
03000,제1종근린생활시설,어린이집,25
03000,제1종근린생활시설,동,25
04000,제2종근린생활시설,제1종근린생활,25
19000,위험물저장및처리시설,기계식세차장,25
03000,제1종근린생활시설,유상각,25
06000,종교시설,교육연구,25
03000,제1종근린생활시설,2층,25
03000,제1종근린생활시설,제1종근린생활시설외1용도,25
01000,단독주택,부속시설,25
04000,제2종근린생활시설,일반음식점및,25
13000,운동시설,휴게음식점,25
04000,제2종근린생활시설,정각,25
02000,공동주택,다세대주택외,25
05000,문화및집회시설,소매점,25
03000,제1종근린생활시설,공공청사,25
04000,제2종근린생활시설,옥외화장실,25
02000,공동주택,한의원,25
02000,공동주택,아파트및근린생활시설,25
18000,창고시설,비가림시설,25
01000,단독주택,단독주택10가구용,25
17000,공장,위험물보관소,25
04000,제2종근린생활시설,주택및부속사,25
19000,위험물저장및처리시설,사무동,25
17000,공장,유독물창고,25
04000,제2종근린생활시설,근린생활시설2종,25
06000,종교시설,종교,25
03000,제1종근린생활시설,탈의실,25
03000,제1종근린생활시설,다가구주택및근린생활시설,25
17000,공장,식당동,25
17000,공장,사무실및식당,25
03000,제1종근린생활시설,기계,25
02000,공동주택,보관창고,25
23000,교정및군사시설,교도소,25
17000,공장,공장및근린생활시설,25
02000,공동주택,지상,25
02000,공동주택,에듀센터,25
06000,종교시설,유아원,25
Z3000,근린생활시설,기숙사,25
05000,문화및집회시설,기계실,25
11000,노유자시설,재가노인복지시설,25
20000,자동차관련시설,대기실,25
21000,동물및식물관련시설,차고,25
01000,단독주택,부속축사,25
10000,교육연구시설,교욱연구시설,25
17000,공장,가스저장,25
Z3000,근린생활시설,근린생활시설및,25
17000,공장,파고라,25
21000,동물및식물관련시설,퇴비저장고,25
01000,단독주택,일반공장,25
21000,동물및식물관련시설,분뇨처리시설,25
23000,교정및군사시설,지하주차장,25
22000,분뇨.쓰레기처리시설,소각장,25
02000,공동주택,다세대주택9세대,25
03000,제1종근린생활시설,퇴비사,25
05000,문화및집회시설,위락시설,25
22000,분뇨.쓰레기처리시설,폐수종말처리장,25
18000,창고시설,위험물저장소,25
01000,단독주택,단독주,25
17000,공장,저장,25
21000,동물및식물관련시설,과원퇴비사,25
02000,공동주택,골프클럽,25
03000,제1종근린생활시설,창고및변소,25
04000,제2종근린생활시설,수녀원,25
13000,운동시설,사무소,25
04000,제2종근린생활시설,실내골프연습장,25
10000,교육연구시설,시험실,25
03000,제1종근린생활시설,강습소,25
03000,제1종근린생활시설,공동목욕탕,25
21000,동물및식물관련시설,축사관리사,25
14000,업무시설,2종근생,25
10000,교육연구시설,교회,25
18000,창고시설,공장창고,25
14000,업무시설,계단실,25
18000,창고시설,1용도,25
18000,창고시설,자재보관창고,25
03000,제1종근린생활시설,근린생활시설및창고,25
08000,운수시설,전철차량기지,25
13000,운동시설,소매점,25
03000,제1종근린생활시설,종근린생활시설,25
01000,단독주택,단독주책,25
02000,공동주택,카페,25
14000,업무시설,기타공공업무시설,25
03000,제1종근린생활시설,잡화점,25
17000,공장,케노피,25
27000,관광휴게시설,관망탑,25
03000,제1종근린생활시설,점포및근린생활시설,25
17000,공장,콤프레셔실,25
01000,단독주택,사진관,24
06000,종교시설,명부전,24
11000,노유자시설,공동주택,24
17000,공장,저장고,24
02000,공동주택,대피호,24
17000,공장,기타건축용목재품제조업,24
17000,공장,폐기물,24
11000,노유자시설,점포,24
02000,공동주택,무인택배,24
10000,교육연구시설,2종,24
01000,단독주택,제2종근린시설,24
03000,제1종근린생활시설,연구시설,24
08000,운수시설,화물터미널,24
03000,제1종근린생활시설,수퍼마켓,24
21000,동물및식물관련시설,가축용,24
21000,동물및식물관련시설,공항시설,24
01000,단독주택,평가건주택,24
01000,단독주택,다가구및근린생활시설,24
18000,창고시설,농수산물보관,24
21000,동물및식물관련시설,근린공공시설,24
18000,창고시설,농기계수리점,24
20000,자동차관련시설,휴게음식점,24
21000,동물및식물관련시설,식당,24
20000,자동차관련시설,처리시설,24
17000,공장,정수장,24
17000,공장,기관실,24
15000,숙박시설,관광휴게시설,24
30000,자원순환관련시설,자원순환,24
18000,창고시설,농가용저온저장고,24
02000,공동주택,단지형도시형생활주택,24
27000,관광휴게시설,숲속의집,24
14000,업무시설,통신실,24
02000,공동주택,맘스존,24
04000,제2종근린생활시설,물탱크,24
07000,판매시설,농산물판매장,24
19000,위험물저장및처리시설,lpg충전소,24
21000,동물및식물관련시설,행랑,24
20000,자동차관련시설,2,24
04000,제2종근린생활시설,구판장,24
02000,공동주택,직원아파트,24
05000,문화및집회시설,모자요,24
18000,창고시설,회의실,24
04000,제2종근린생활시설,사무실및,24
17000,공장,제어실,24
21000,동물및식물관련시설,사료보관창고,24
08000,운수시설,집배송시설,24
07000,판매시설,업무,24
18000,창고시설,변전실,24
15000,숙박시설,근린생활시설및,24
04000,제2종근린생활시설,2세대,24
17000,공장,가스실,24
04000,제2종근린생활시설,2종근린생활시설외,24
21000,동물및식물관련시설,판매및영업시설,24
09000,의료시설,외2,24
18000,창고시설,감귤저장,24
01000,단독주택,다가구주택18가구,24
04000,제2종근린생활시설,부속건물,24
15000,숙박시설,숙박업,24
30000,자원순환관련시설,분뇨처리시설,24
02000,공동주택,우수저류조관리층,24
,,주거시설,24
14000,업무시설,판매,24
23000,교정및군사시설,경비실,24
03000,제1종근린생활시설,기타제1종근린생활시설,24
30000,자원순환관련시설,창고시설,24
04000,제2종근린생활시설,제종근린생활시설,24
19000,위험물저장및처리시설,근린공공시설,24
17000,공장,2고로공장,24
02000,공동주택,연립주택및근린생활시설,24
04000,제2종근린생활시설,제2종근린생활시설및창고,24
07000,판매시설,대규모점포,24
09000,의료시설,부속창고,24
02000,공동주택,사택,24
17000,공장,펌프장,24
01000,단독주택,일반단독주택,24
02000,공동주택,라운지카페,24
02000,공동주택,문주,24
03000,제1종근린생활시설,옥외화장실,24
20000,자동차관련시설,시설,24
18000,창고시설,위험물창고,24
02000,공동주택,실외기실,24
17000,공장,d,24
03000,제1종근린생활시설,도서관,24
18000,창고시설,관리,24
,,일반음식점,24
21000,동물및식물관련시설,식물관려시설,24
01000,단독주택,다가구용단독주택3가구,24
02000,공동주택,다가구,24
25000,발전시설,기타발전시설,24
04000,제2종근린생활시설,취사장,24
08000,운수시설,판매,24
04000,제2종근린생활시설,가구제조업,24
18000,창고시설,농산물산지유통시설,24
06000,종교시설,부속,24
01000,단독주택,조적조,24
01000,단독주택,수영장,24
21000,동물및식물관련시설,농업용관리사,24
01000,단독주택,주택부속,24
02000,공동주택,샤워실,24
11000,노유자시설,제1종,24
08000,운수시설,제2종근린생활시설,24
02000,공동주택,공용,24
19000,위험물저장및처리시설,액화가스,24
03000,제1종근린생활시설,근린시설및주택,24
01000,단독주택,2종근린생활시설및,24
17000,공장,b동,24
10000,교육연구시설,강의동,24
02000,공동주택,12가구,24
03000,제1종근린생활시설,제1종및2종근린생활시설,24
22000,분뇨.쓰레기처리시설,근린공공시설,24
02000,공동주택,휴게공간,24
21000,동물및식물관련시설,제조업소,24
07000,판매시설,집회시설,24
04000,제2종근린생활시설,근생및다가구주택,24
01000,단독주택,피아노교습소,24
23000,교정및군사시설,초소,24
16000,위락시설,위락시설외,24
21000,동물및식물관련시설,물관련시설,24
02000,공동주택,마을회관,24
21000,동물및식물관련시설,물탱크,24
01000,단독주택,다가구5,24
14000,업무시설,기계식주차장,24
02000,공동주택,다세대주택7세대,24
18000,창고시설,과실품질관리시설,24
20000,자동차관련시설,세차장사무실,24
03000,제1종근린생활시설,2세대,24
18000,창고시설,저온저장,24
04000,제2종근린생활시설,기계,24
,,작업장,24
03000,제1종근린생활시설,게임제공업소,24
22000,분뇨.쓰레기처리시설,관리동,24
21000,동물및식물관련시설,잠사,24
31000,야영장시설,아영장시설,24
20000,자동차관련시설,자동차학원,24
11000,노유자시설,외2,24
Z3000,근린생활시설,공동주택,24
05000,문화및집회시설,전시,24
04000,제2종근린생활시설,떡방앗간,24
03000,제1종근린생활시설,군사시설,24
02000,공동주택,데크,24
04000,제2종근린생활시설,부속차고,24
17000,공장,폐기물처리시설,24
18000,창고시설,부대시설,24
17000,공장,열연공장,24
22000,분뇨.쓰레기처리시설,폐기물처리장,24
01000,단독주택,소,23
21000,동물및식물관련시설,관리사및축사,23
13000,운동시설,실내체육관,23
21000,동물및식물관련시설,계분처리장,23
02000,공동주택,키즈클럽,23
02000,공동주택,정압실,23
07000,판매시설,관람집회시설,23
21000,동물및식물관련시설,우,23
Z3000,근린생활시설,외1,23
03000,제1종근린생활시설,인터넷컴퓨터게임시설제공업소,23
17000,공장,목재건구제조업,23
02000,공동주택,다세대주택및제1종근린생활시설,23
04000,제2종근린생활시설,위험물저장시설,23
09000,의료시설,사무소,23
02000,공동주택,교육연구,23
21000,동물및식물관련시설,돈,23
04000,제2종근린생활시설,배드민턴장,23
18000,창고시설,사료저장고,23
19000,위험물저장및처리시설,판매시설,23
02000,공동주택,시설,23
21000,동물및식물관련시설,농수산물창고,23
06000,종교시설,천주교회,23
18000,창고시설,공동작업장,23
18000,창고시설,잎담배,23
07000,판매시설,운수시설,23
21000,동물및식물관련시설,소독시설,23
04000,제2종근린생활시설,경로당,23
01000,단독주택,제2종근생및다가구주택,23
04010,학원,영업소,23
04000,제2종근린생활시설,동물,23
,,공해공장,23
17000,공장,인쇄,23
02000,공동주택,휴게소,23
04000,제2종근린생활시설,농기구,23
01000,단독주택,저장,23
11000,노유자시설,물탱크실,23
02000,공동주택,공동주택아파트,23
03000,제1종근린생활시설,등,23
,,숙박시설,23
21000,동물및식물관련시설,조류사육장,23
02000,공동주택,무인택배함,23
02000,공동주택,gx,23
15000,숙박시설,1용도,23
07000,판매시설,숙박시설,23
17000,공장,농산물가공시설,23
18000,창고시설,잎담배저장창고,23
04000,제2종근린생활시설,일반숙박시설,23
01000,단독주택,2세대다가구,23
02000,공동주택,빗물저수조,23
03000,제1종근린생활시설,파고라,23
21000,동물및식물관련시설,농산시설,23
04000,제2종근린생활시설,객실,23
19000,위험물저장및처리시설,세차기,23
Z5000,문화및집회시설,재실,23
01000,단독주택,공중화장실,23
01000,단독주택,13가구용,23
02000,공동주택,재활용폐기물보관소,23
02000,공동주택,외부,23
04000,제2종근린생활시설,mdf실,23
17000,공장,공장외,23
02000,공동주택,쓰레기분리수거장,23
01000,단독주택,주택외2,23
03000,제1종근린생활시설,제각,23
03000,제1종근린생활시설,교습소,23
04000,제2종근린생활시설,제1종및2종근린생활시설,23
04000,제2종근린생활시설,컴퓨터학원,23
02000,공동주택,공용홀,23
18000,창고시설,분뇨및쓰레기처리시설,23
22000,분뇨.쓰레기처리시설,쓰레기처리장,23
17000,공장,공장설비동,23
01000,단독주택,주택및농업용창고,23
01001,단독주택,단독주택,23
17000,공장,control,23
31000,야영장시설,소매점,23
03000,제1종근린생활시설,1종근,23
12000,수련시설,숙박시설,23
,,계사,23
14000,업무시설,생,23
02000,공동주택,택,23
04000,제2종근린생활시설,단독주택및,23
15000,숙박시설,숙사,23
21000,동물및식물관련시설,과수원관리사,23
02000,공동주택,14가구,23
03000,제1종근린생활시설,단독주택외,23
06000,종교시설,선방,23
17000,공장,판매시설,23
07000,판매시설,기계,23
23000,교정및군사시설,기계실,23
10000,교육연구시설,조례대,23
16000,위락시설,주점영업,23
,,부속사,23
04000,제2종근린생활시설,운수시설,23
10000,교육연구시설,차양,23
17000,공장,체력단련장,23
14000,업무시설,청사,23
04000,제2종근린생활시설,대기실,23
21000,동물및식물관련시설,생육실,23
23000,교정및군사시설,교육장,23
04000,제2종근린생활시설,단독주택및근린생활시설,23
32000,교정시설,교정시설,23
01000,단독주택,단란주점,23
07000,판매시설,문화,23
03000,제1종근린생활시설,1가구용,23
05000,문화및집회시설,향교,23
01000,단독주택,체육관,23
03000,제1종근린생활시설,주택및소매점,23
18000,창고시설,농기계공동창고,23
01000,단독주택,말소,23
05000,문화및집회시설,원두막,23
17000,공장,흡연소,23
27000,관광휴게시설,제2종근린생활시설,23
18000,창고시설,창고및저온저장고,23
04000,제2종근린생활시설,숙사,23
27000,관광휴게시설,주유소,23
04000,제2종근린생활시설,욕실,23
01000,단독주택,시장,23
04000,제2종근린생활시설,노래연습실,22
01000,단독주택,부속1호,22
01000,단독주택,단독주택및제1,22
01000,단독주택,부대시설,22
04000,제2종근린생활시설,체육관,22
21000,동물및식물관련시설,농가용,22
04000,제2종근린생활시설,서점,22
19000,위험물저장및처리시설,제조소,22
17000,공장,산업시설,22
Z8000,교육연구및복지시설,관사,22
01000,단독주택,1종근린생활,22
04000,제2종근린생활시설,근린생활시설및위락시설,22
01000,단독주택,주택및제1,22
30000,자원순환관련시설,부속창고,22
04000,제2종근린생활시설,5,22
02000,공동주택,아파트및,22
Z5000,문화및집회시설,사당,22
01000,단독주택,다가구주택및사무소,22
04000,제2종근린생활시설,제2종린생활시설,22
24000,방송통신시설,무인전화국,22
11000,노유자시설,1가구,22
03000,제1종근린생활시설,복리시설,22
04000,제2종근린생활시설,제2종근린새활시설,22
17000,공장,변압기실,22
17000,공장,군사시설,22
01000,단독주택,다가구용단독주택5가구,22
14000,업무시설,주민센터,22
,,주,22
01000,단독주택,사점,22
,,법당,22
15000,숙박시설,근,22
04000,제2종근린생활시설,연구시설,22
17000,공장,자재보관창고,22
03000,제1종근린생활시설,방범초소,22
02000,공동주택,세탁실,22
02000,공동주택,주민휴게소,22
14000,업무시설,숙직실,22
01000,단독주택,바베큐장,22
03000,제1종근린생활시설,제1종근린생황시설,22
17000,공장,탱크실,22
10000,교육연구시설,집회시설,22
21000,동물및식물관련시설,비가림시설,22
07000,판매시설,펌프실,22
10000,교육연구시설,조리실,22
17000,공장,사무실및창고,22
18000,창고시설,창고및퇴비사,22
03000,제1종근린생활시설,의용소방대,22
06000,종교시설,기계실,22
03000,제1종근린생활시설,휴계음식점,22
21000,동물및식물관련시설,작업통로,22
07000,판매시설,제1종,22
04000,제2종근린생활시설,제2종그린생활시설,22
02000,공동주택,대중음식점,22
08000,운수시설,공공용시설,22
21000,동물및식물관련시설,부속관리사,22
11000,노유자시설,새마을유아원,22
15000,숙박시설,경비실,22
23000,교정및군사시설,무기고,22
07000,판매시설,연립주택,22
01000,단독주택,목욕실,22
10000,교육연구시설,자동차관련시설,22
04000,제2종근린생활시설,계단,22
13000,운동시설,장비창고,22
17000,공장,레미콘제조업,22
01000,단독주택,제1근린생활시설,22
17000,공장,농산물,22
JY,,단독주택,22
21000,동물및식물관련시설,굼뱅이사육장,22
17000,공장,비공해,22
10000,교육연구시설,교육연구및복지시설외,22
03000,제1종근린생활시설,야영장시설,22
01000,단독주택,다가구주택및소매점,22
08000,운수시설,경비실,22
,,택,22
02000,공동주택,프로그램실,22
20000,자동차관련시설,아파트,22
01000,단독주택,이발관,22
03000,제1종근린생활시설,그린생활시설,22
27000,관광휴게시설,유원지,22
16000,위락시설,제2종근생,22
17000,공장,도장장,22
17000,공장,도장공장,22
18000,창고시설,양곡,22
03000,제1종근린생활시설,마을회관및경로당,22
19000,위험물저장및처리시설,출하대,22
17000,공장,탁구장,22
02000,공동주택,1종근생,22
18000,창고시설,농산물선별장,22
17000,공장,첨단산업공장,22
15000,숙박시설,휴게실,22
21000,동물및식물관련시설,곤충사,22
01000,단독주택,주택및변소,22
01000,단독주택,생및다가구주택,22
06000,종교시설,칠성각,22
21000,동물및식물관련시설,주택및,22
21000,동물및식물관련시설,부대시설,22
19000,위험물저장및처리시설,위험물저장고,22
19000,위험물저장및처리시설,무기고,22
18000,창고시설,농생,22
18000,창고시설,냉장고,22
21000,동물및식물관련시설,동물사육시설,22
19000,위험물저장및처리시설,tms,22
03000,제1종근린생활시설,은행,22
13000,운동시설,교육연구및복지시설,22
21000,동물및식물관련시설,사슴사육사,22
17000,공장,저장조,22
23000,교정및군사시설,교정및,22
10000,교육연구시설,차양막,22
22000,분뇨.쓰레기처리시설,관리사,22
05000,문화및집회시설,공중화장실,22
03000,제1종근린생활시설,교육연구및,22
02000,공동주택,미화원,22
16000,위락시설,주차장,22
01000,단독주택,단독형,22
03001,소매점,소매점,22
13000,운동시설,수위실,22
20000,자동차관련시설,수위실,22
02000,공동주택,8호,22
03000,제1종근린생활시설,119안전센터,22
20000,자동차관련시설,공공업무시설,22
03000,제1종근린생활시설,위락,22
04000,제2종근린생활시설,동물미용실,22
17000,공장,식품제조공장,22
02000,공동주택,아파트상가,22
03000,제1종근린생활시설,사점,22
04000,제2종근린생활시설,주조장,22
04000,제2종근린생활시설,사무실및점포,22
01000,단독주택,증축,22
01000,단독주택,주택2가구,22
02000,공동주택,업무,21
03000,제1종근린생활시설,동물관련시설,21
03000,제1종근린생활시설,건조실,21
02000,공동주택,b,21
21000,동물및식물관련시설,동물사육장,21
02000,공동주택,종합감시실,21
18000,창고시설,농가주택및,21
10000,교육연구시설,공공도서관,21
17000,공장,식당및기숙사,21
07000,판매시설,노유자시설,21
01000,단독주택,c,21
02000,공동주택,다목적홀,21
08000,운수시설,창고시설,21
02000,공동주택,아파트용,21
04000,제2종근린생활시설,서당,21
04000,제2종근린생활시설,유아원,21
05000,문화및집회시설,부속창고,21
19000,위험물저장및처리시설,유류저장고,21
18000,창고시설,창고시설및,21
04000,제2종근린생활시설,외2용도,21
18000,창고시설,격납고,21
17000,공장,다용도실,21
Z3000,근린생활시설,상가,21
03000,제1종근린생활시설,단독주택외1,21
21000,동물및식물관련시설,방역실,21
,,기계실,21
11000,노유자시설,경비실,21
03000,제1종근린생활시설,새마을구판장,21
02000,공동주택,초소,21
09000,의료시설,진료소,21
18000,창고시설,퇴비창고,21
02000,공동주택,탈의실,21
15000,숙박시설,관리실,21
19000,위험물저장및처리시설,관리사,21
05000,문화및집회시설,극장,21
03000,제1종근린생활시설,점포및창고,21
22000,분뇨.쓰레기처리시설,분뇨및,21
03000,제1종근린생활시설,방재실,21
01000,단독주택,근린생활시설및단독주택5가구용,21
04000,제2종근린생활시설,부속식당,21
19000,위험물저장및처리시설,가스판매소,21
17000,공장,자동화창고,21
Z3000,근린생활시설,사택,21
05000,문화및집회시설,시설,21
04000,제2종근린생활시설,근린생활시설및교육연구시설,21
02000,공동주택,근생및,21
02000,공동주택,21세대,21
07000,판매시설,구매시설,21
30000,자원순환관련시설,숙소,21
02000,공동주택,관리소등,21
02000,공동주택,중간관리층,21
21000,동물및식물관련시설,농가용창고,21
20000,자동차관련시설,외2,21
15000,숙박시설,정자,21
21000,동물및식물관련시설,농산물,21
03000,제1종근린생활시설,2종근린생활시설및,21
03000,제1종근린생활시설,동사무실,21
01000,단독주택,농촌주택개량사업,21
02000,공동주택,오수정화조,21
13000,운동시설,스타트하우스,21
01000,단독주택,농기계수리점,21
01000,단독주택,주택4가구,21
01000,단독주택,부속변소,21
01000,단독주택,주택및동물관련시설,21
10000,교육연구시설,의원,21
Z3000,근린생활시설,여관,21
30000,자원순환관련시설,시설,21
26000,묘지관련시설,제실,21
02000,공동주택,다세대8세대,21
20000,자동차관련시설,주차관리실,21
16000,위락시설,주,21
,,정미소,21
18000,창고시설,재활용창고,21
01000,단독주택,단독주택11가구,21
21000,동물및식물관련시설,동물및식물,21
17000,공장,상차장,21
21000,동물및식물관련시설,곤충재배사,21
04000,제2종근린생활시설,부속사무실,21
11000,노유자시설,주간보호센터,21
04000,제2종근린생활시설,매매장,21
21000,동물및식물관련시설,관리사및,21
01000,단독주택,6호,21
17000,공장,복지관,21
20000,자동차관련시설,주유소,21
21000,동물및식물관련시설,콩나물,21
19000,위험물저장및처리시설,액화가스충전소,21
17000,공장,아파트형,21
14000,업무시설,휴게실,21
04000,제2종근린생활시설,제2종근생및단독주택,21
10000,교육연구시설,서원,21
01000,단독주택,자동차수리점,21
Z3000,근린생활시설,근린시설,21
19000,위험물저장및처리시설,액화석유가스저장소,21
17000,공장,분쇄실,21
06000,종교시설,행랑,21
30000,자원순환관련시설,하수종말처리시설,21
15000,숙박시설,계단실,21
17000,공장,관리사무소,21
11000,노유자시설,운동시설,21
17000,공장,동물관련시설,21
17000,공장,새마을공장,21
03000,제1종근린생활시설,제분소,21
18000,창고시설,임산물보관창고,21
01000,단독주택,스레트,21
03000,제1종근린생활시설,경로회관,21
02000,공동주택,천창,21
03000,제1종근린생활시설,근린운동시설,21
04000,제2종근린생활시설,제2종근린생횔시설,21
14000,업무시설,변소,21
06000,종교시설,어린이집,21
04000,제2종근린생활시설,제2종근린시설,21
04000,제2종근린생활시설,사무동,21
04000,제2종근린생활시설,해태건조장,21
14000,업무시설,주유소,21
19000,위험물저장및처리시설,관리실,21
08000,운수시설,승강장,21
01000,단독주택,제1종근린생활시설외2,21
17000,공장,해태종합처리장,21
03000,제1종근린생활시설,보육시설,21
17000,공장,a동,21
05000,문화및집회시설,영화관,21
17000,공장,동물및식물관련시설,21
17000,공장,교육실,21
03000,제1종근린생활시설,기계식주차장,21
Z3000,근린생활시설,학원,21
02000,공동주택,생활폐기물보관소,21
17000,공장,공장외1,21
01000,단독주택,기술계학원,20
02000,공동주택,여,20
03000,제1종근린생활시설,공동,20
,,2종근린생활시설,20
01000,단독주택,대웅전,20
03000,제1종근린생활시설,주차타워,20
02000,공동주택,밸브실,20
17000,공장,욕실,20
02000,공동주택,남,20
03000,제1종근린생활시설,유치원,20
01000,단독주택,3호,20
01000,단독주택,방가로,20
03000,제1종근린생활시설,제2종근생시설,20
18000,창고시설,1가구,20
17000,공장,인쇄공장,20
01000,단독주택,2가구주택,20
02000,공동주택,음식물자원화시설보관실,20
10000,교육연구시설,제2종근생,20
02000,공동주택,19가구,20
17000,공장,공무실,20
01000,단독주택,8호,20
21000,동물및식물관련시설,퇴비건조장,20
19000,위험물저장및처리시설,lpg,20
10000,교육연구시설,정자,20
20000,자동차관련시설,위험물저장,20
02000,공동주택,공공주택,20
04000,제2종근린생활시설,공중화장실,20
19000,위험물저장및처리시설,유류판매취급소,20
25000,발전시설,변전실,20
06000,종교시설,다가구주택,20
01000,단독주택,a동,20
03000,제1종근린생활시설,대기실,20
10000,교육연구시설,시설,20
16000,위락시설,영업소,20
04000,제2종근린생활시설,다가구용,20
01000,단독주택,도시형공장,20
13000,운동시설,관리사,20
04000,제2종근린생활시설,문화및,20
17000,공장,부품창고,20
19000,위험물저장및처리시설,교육연구시설,20
01000,단독주택,사랑방,20
23000,교정및군사시설,복지시설,20
08000,운수시설,제1,20
17000,공장,가스저장실,20
06000,종교시설,업무시설,20
19000,위험물저장및처리시설,화약고,20
19000,위험물저장및처리시설,직원숙소,20
21000,동물및식물관련시설,벼,20
25000,발전시설,태양광발전소,20
17000,공장,동력실,20
01000,단독주택,단독주택14가구용,20
02000,공동주택,커뮤니티공간,20
11000,노유자시설,영유아,20
05000,문화및집회시설,주차장,20
18000,창고시설,건어물창고,20
20000,자동차관련시설,자동차관련시설외,20
Z3000,근린생활시설,작업장,20
18000,창고시설,과실저장고,20
19000,위험물저장및처리시설,액화석유가스,20
18000,창고시설,벼건조장,20
04000,제2종근린생활시설,관리소,20
05000,문화및집회시설,경비실,20
04000,제2종근린생활시설,대문채,20
01000,단독주택,양송이사,20
01000,단독주택,농가주택및농업용창고,20
15200,관광숙박시설,관광숙박시설,20
17000,공장,문화및집회시설,20
17000,공장,수리점,20
01000,단독주택,전시장,20
17000,공장,노유자시설,20
01000,단독주택,곡간,20
17000,공장,양조장,20
03000,제1종근린생활시설,위험물,20
04000,제2종근린생활시설,제2종근린,20
03000,제1종근린생활시설,근린생화시설,20
29000,장례시설,의료시설,20
13000,운동시설,주차장,20
18000,창고시설,기자재보관창고,20
15000,숙박시설,지하실,20
17000,공장,사장실,20
21000,동물및식물관련시설,사슴사,20
18000,창고시설,농업용건조장,20
18000,창고시설,방,20
01000,단독주택,창고및욕실,20
03000,제1종근린생활시설,농촌체험관,20
12000,수련시설,산막,20
03000,제1종근린생활시설,도시형공장,20
01000,단독주택,1종근,20
09000,의료시설,제1종,20
27000,관광휴게시설,공원에부수되는시설,20
02000,공동주택,분리보관소,20
01000,단독주택,불당,20
24000,방송통신시설,송신소,20
,,제실,20
17000,공장,자동차부품제조업,20
15000,숙박시설,자동차관련시설,20
03000,제1종근린생활시설,창고및화장실,20
03000,제1종근린생활시설,생및,20
03000,제1종근린생활시설,운전보안시설,20
17000,공장,정자,20
17000,공장,공장창고,20
04000,제2종근린생활시설,자원순환관련시설,20
17000,공장,위험물처리시설,20
30000,자원순환관련시설,기숙사,20
Z8000,교육연구및복지시설,화장실,20
05000,문화및집회시설,운동장,20
17000,공장,판넬실,20
11000,노유자시설,원사,20
02000,공동주택,공유오피스,20
18000,창고시설,2종근생,20
03000,제1종근린생활시설,전시장,20
11000,노유자시설,휴게실,20
26000,묘지관련시설,창고,20
01000,단독주택,요사채,20
04000,제2종근린생활시설,7가구,20
01000,단독주택,근린생활시설주택,20
20000,자동차관련시설,기계식주차장,20
27000,관광휴게시설,돔,20
04000,제2종근린생활시설,근생제조장,20
04000,제2종근린생활시설,교육장,20
12000,수련시설,복지시설,20
08000,운수시설,2종근린생활시설,20
11000,노유자시설,마을경로당,20
17000,공장,보일러,20
12000,수련시설,기타자연권수련시설,20
17000,공장,집진실,20
18000,창고시설,저장,20
18000,창고시설,곡물창고,20
04000,제2종근린생활시설,현장사무실,20
22000,분뇨.쓰레기처리시설,경비실,20
02000,공동주택,보육원,20
01000,단독주택,다가구7가구,20
01000,단독주택,연속저층단독주택,20
18000,창고시설,주민공동이용시설,20
27000,관광휴게시설,일반음식점,20
,,1,20
21000,동물및식물관련시설,자재창고,20
04000,제2종근린생활시설,칠성각,20
01000,단독주택,단독주택및부속사,20
01000,단독주택,w,20
,,영업소,20
01000,단독주택,유기장,20
03000,제1종근린생활시설,문화시설,20
21000,동물및식물관련시설,천문동,20
01000,단독주택,창고시설및단독주택,20
17000,공장,위험물보관창고,20
04000,제2종근린생활시설,미장원,20
11000,노유자시설,일반음식점,20
07000,판매시설,mdf실,20
17000,공장,제1종근생,20
14000,업무시설,비주거,20
16000,위락시설,화장실,20
05000,문화및집회시설,체험장,20
01000,단독주택,대문채,20
19000,위험물저장및처리시설,공공용시설,20
15000,숙박시설,보이라실,19
17000,공장,폐기물재활용시설,19
03000,제1종근린생활시설,욕탕,19
01000,단독주택,수위실,19
04000,제2종근린생활시설,시장,19
17000,공장,발전시설,19
02000,공동주택,40세대,19
07000,판매시설,일반게임제공업,19
18000,창고시설,농가창고및주택,19
03000,제1종근린생활시설,외국어학원,19
18000,창고시설,건창고,19
14000,업무시설,1가구,19
,,사무소,19
20000,자동차관련시설,발전기실,19
20000,자동차관련시설,부품창고,19
02000,공동주택,연립주택및,19
01000,단독주택,마을회관,19
06000,종교시설,군사시설,19
18000,창고시설,농가부속사창고,19
Z6000,판매및영업시설,공항시설,19
03000,제1종근린생활시설,계단,19
18000,창고시설,창고시설및제2종근린생활시설,19
02000,공동주택,보육,19
17000,공장,복도,19
04000,제2종근린생활시설,연구소,19
04000,제2종근린생활시설,기계전기실,19
01000,단독주택,쉼터,19
01000,단독주택,일반,19
03000,제1종근린생활시설,제2근린생활시설,19
25000,발전시설,발전기실,19
18000,창고시설,숙박시설,19
05000,문화및집회시설,사당,19
03000,제1종근린생활시설,제2종근린생할시설,19
21000,동물및식물관련시설,농기계보관시설,19
01000,단독주택,수해주택,19
02000,공동주택,근린공공시설,19
01000,단독주택,제2종근생활시설,19
17000,공장,현장사무실,19
01000,단독주택,단독주택및근생,19
03000,제1종근린생활시설,마을노인회관,19
05000,문화및집회시설,과학관,19
09000,의료시설,점포,19
02000,공동주택,48세대,19
03000,제1종근린생활시설,방송국,19
04000,제2종근린생활시설,자재창고,19
17000,공장,판매장,19
03000,제1종근린생활시설,합숙소,19
18000,창고시설,농기구,19
01000,단독주택,청소년전자유기장,19
15000,숙박시설,관광농원,19
01000,단독주택,주태,19
18000,창고시설,농수산자재보관창고,19
18000,창고시설,배창고,19
05000,문화및집회시설,전통문화체험,19
13000,운동시설,기타운동시설,19
02000,공동주택,목욕탕,19
03000,제1종근린생활시설,이용실,19
Z3000,근린생활시설,수위실,19
01000,단독주택,스라브,19
10000,교육연구시설,2종근생,19
14000,업무시설,전기,19
02000,공동주택,다세대주택12세대,19
09000,의료시설,정신병원,19
02000,공동주택,주택및점포,19
24000,방송통신시설,중계소,19
13000,운동시설,비영리,19
09000,의료시설,2,19
17000,공장,방앗간,19
04000,제2종근린생활시설,직업훈련소,19
01000,단독주택,인터넷컴퓨터게임시설제공업소,19
01000,단독주택,식육점,19
23000,교정및군사시설,정비고,19
04000,제2종근린생활시설,저장,19
02000,공동주택,어린이도서관,19
05000,문화및집회시설,휴게소,19
17000,공장,냉동실,19
19000,위험물저장및처리시설,기숙사,19
03000,제1종근린생활시설,식품위생시설,19
01000,단독주택,농어촌,19
27000,관광휴게시설,위험물저장및처리시설,19
18000,창고시설,어구보관창고,19
02000,공동주택,공동시설,19
04000,제2종근린생활시설,정비고,19
01000,단독주택,다가구주택3,19
20000,자동차관련시설,노외주차장,19
01000,단독주택,제2종근린생황시설,19
04000,제2종근린생활시설,망루,19
04000,제2종근린생활시설,종교관련시설,19
10000,교육연구시설,교육연구및복지지설,19
04000,제2종근린생활시설,모정,19
06000,종교시설,재각,19
17000,공장,계근실,19
03000,제1종근린생활시설,부녀회관,19
04000,제2종근린생활시설,사설학원,19
02000,공동주택,지하층,19
Z3000,근린생활시설,음식점,19
27000,관광휴게시설,식당,19
01000,단독주택,2종근린시설,19
17000,공장,공장부속시설,19
01000,단독주택,보관창고,19
01000,단독주택,양수장,19
10000,교육연구시설,시청각실,19
01000,단독주택,납가,19
02000,공동주택,저수조관리실,19
14000,업무시설,업무시설외3,19
02000,공동주택,근린생활시설및아파트,19
17000,공장,고철장,19
21000,동물및식물관련시설,이동통로,19
17000,공장,곡물도정업,19
29000,장례시설,2종근린생활시설,19
19000,위험물저장및처리시설,저장고,19
06000,종교시설,종무소,19
17000,공장,굴박신장,19
10000,교육연구시설,분리수거장,19
07000,판매시설,외2,19
02000,공동주택,다세대주택및근생,19
01000,단독주택,외부변소,19
17000,공장,석유화학공장,19
01000,단독주택,공장창고,19
21000,동물및식물관련시설,외2,19
10000,교육연구시설,1가구,19
03000,제1종근린생활시설,단독주택및근린생활시설,19
11000,노유자시설,모정,19
04000,제2종근린생활시설,매표소,19
01000,단독주택,단독주택5가구,19
03000,제1종근린생활시설,마을구판장,19
30000,자원순환관련시설,폐수처리시설,19
01000,단독주택,세탁실,19
13000,운동시설,관람집회시설,19
03000,제1종근린생활시설,중계펌프장,19
27000,관광휴게시설,간이휴게소,19
03000,제1종근린생활시설,체력단련실,19
11000,노유자시설,노인복지지설,19
19000,위험물저장및처리시설,제2종근생,19
01000,단독주택,주부,19
17000,공장,s,19
04000,제2종근린생활시설,부속용도,19
03000,제1종근린생활시설,원두막,19
15000,숙박시설,기숙사,19
14000,업무시설,영업용,19
Z8000,교육연구및복지시설,청소년수련시설,19
01000,단독주택,주차장및창고,19
04000,제2종근린생활시설,직원숙소,19
20000,자동차관련시설,대피소,19
18000,창고시설,대피소,19
20000,자동차관련시설,교육연구및복지시설,19
02000,공동주택,택지1,19
17000,공장,blower,19
10000,교육연구시설,독서실,19
02000,공동주택,및공동주택,19
01000,단독주택,11세대,19
21000,동물및식물관련시설,연초건조실,19
17000,공장,탈수기실,19
01000,단독주택,다가구9가구,19
04000,제2종근린생활시설,실내낚시터,19
02000,공동주택,공용엘리베이터,19
18000,창고시설,관련시설,19
17000,공장,부속동,19
02000,공동주택,기타공용,19
14000,업무시설,주차타워,19
06000,종교시설,관리실,19
05000,문화및집회시설,외삼문,19
10000,교육연구시설,지하주차장,19
02000,공동주택,다목적실내체육관,19
01000,단독주택,변,19
10000,교육연구시설,관리소,19
04000,제2종근린생활시설,인터넷컴퓨터게임시설제공업,19
02000,공동주택,스포츠센터,19
01000,단독주택,취급소,19
04000,제2종근린생활시설,9가구,19
26000,묘지관련시설,제각,19
24000,방송통신시설,경비실,19
21000,동물및식물관련시설,양수장,18
02000,공동주택,f실,18
01000,단독주택,전시시설,18
20000,자동차관련시설,소방차고,18
01000,단독주택,3가구주택,18
02000,공동주택,30세대,18
03000,제1종근린생활시설,자재창고,18
02000,공동주택,다방,18
02000,공동주택,가스실,18
21000,동물및식물관련시설,소축사,18
15000,숙박시설,1가구,18
01000,단독주택,기타사무소,18
01000,단독주택,b동,18
17000,공장,5,18
03000,제1종근린생활시설,식육점,18
04000,제2종근린생활시설,의약품도매점,18
03000,제1종근린생활시설,농막,18
21000,동물및식물관련시설,관리동,18
02000,공동주택,재활용품분리보관소,18
21000,동물및식물관련시설,농어가주택,18
04402,사무소,제2종근린생활시설,18
02000,공동주택,60세대,18
21000,동물및식물관련시설,사육사,18
,,근린공공시설,18
14000,업무시설,숙소,18
03000,제1종근린생활시설,위험물처리시설,18
02000,공동주택,수영장기계실,18
06000,종교시설,주방,18
19000,위험물저장및처리시설,lpg저장소,18
02000,공동주택,5호,18
02000,공동주택,로비,18
04000,제2종근린생활시설,삼성각,18
01000,단독주택,의료시설,18
01000,단독주택,주택부수창고,18
03000,제1종근린생활시설,외4,18
01000,단독주택,다가구18가구,18
04000,제2종근린생활시설,물치장,18
02000,공동주택,근생및아파트,18
14000,업무시설,전시장,18
10000,교육연구시설,유류창고,18
13000,운동시설,휴게시설,18
18000,창고시설,공동농기계보관창고,18
23000,교정및군사시설,기타시설,18
04000,제2종근린생활시설,가공시설,18
03000,제1종근린생활시설,mdf실,18
14000,업무시설,제조업소,18
04000,제2종근린생활시설,체험장,18
17000,공장,탈수실,18
03000,제1종근린생활시설,농산물판매시설,18
21000,동물및식물관련시설,목장관리사,18
06000,종교시설,집회실,18
Z6000,판매및영업시설,업무시설,18
02000,공동주택,x룸,18
04000,제2종근린생활시설,일반대중음식점,18
01000,단독주택,재2종근린생활시설,18
21000,동물및식물관련시설,직원숙소,18
03000,제1종근린생활시설,충전소,18
07000,판매시설,공장,18
04000,제2종근린생활시설,건조실,18
02000,공동주택,부속동,18
21000,동물및식물관련시설,우사및관리사,18
18000,창고시설,단독주택외1,18
02000,공동주택,도시형생할주택,18
18000,창고시설,관리사무소,18
Z8000,교육연구및복지시설,교육시설,18
17000,공장,소방밸브실,18
11000,노유자시설,근생,18
Z8000,교육연구및복지시설,노인복지시설,18
03000,제1종근린생활시설,위험물저장처리시설,18
30000,자원순환관련시설,식당,18
10000,교육연구시설,교육연구시설외1,18
10000,교육연구시설,종축장,18
22000,분뇨.쓰레기처리시설,폐수종말처리시설,18
03000,제1종근린생활시설,전망대,18
14000,업무시설,업무시설및,18
19000,위험물저장및처리시설,근생,18
04000,제2종근린생활시설,관련제품제조업,18
,,교회,18
02000,공동주택,17,18
01000,단독주택,농수산물보관창고,18
09000,의료시설,일반음식점,18
01000,단독주택,7호,18
04000,제2종근린생활시설,연구실,18
04000,제2종근린생활시설,2종근린생할시설,18
17000,공장,작업자대기실,18
02000,공동주택,기타복리시설,18
01000,단독주택,단독형다가구주택,18
13000,운동시설,물놀이형시설,18
04000,제2종근린생활시설,사점,18
,,농가창고,18
18000,창고시설,농가주택및농가창고,18
17000,공장,근린생활,18
17000,공장,식당및사무실,18
17000,공장,제1종,18
03000,제1종근린생활시설,떡방앗간,18
03000,제1종근린생활시설,교육,18
04000,제2종근린생활시설,일반음식점및소매점,18
21000,동물및식물관련시설,작업실,18
03000,제1종근린생활시설,경찰서,18
31000,야영장시설,매점,18
01000,단독주택,통로,18
13000,운동시설,외2,18
04000,제2종근린생활시설,멸막,18
02000,공동주택,문화센터,18
05000,문화및집회시설,복지시설,18
03000,제1종근린생활시설,가구점,18
30000,자원순환관련시설,전기실,18
17000,공장,기숙사및식당,18
17000,공장,연구시설,18
01000,단독주택,다가구주택및제2종근생,18
03000,제1종근린생활시설,농어가주택,18
11000,노유자시설,영육아보육시설,18
04000,제2종근린생활시설,내삼문,18
04000,제2종근린생활시설,사무실및숙소,18
05000,문화및집회시설,강당,18
02000,공동주택,댜세대주택,18
23000,교정및군사시설,발전기실,18
03000,제1종근린생활시설,선구점,18
14000,업무시설,상점,18
02000,공동주택,근생및공동주택,18
06000,종교시설,전통사찰,18
18000,창고시설,관리관련시설,18
01000,단독주택,ㅡ,18
17000,공장,관련제품제조업,18
12000,수련시설,제2종근린생활시설,18
03000,제1종근린생활시설,영업장,18
08000,운수시설,업무시설,18
01000,단독주택,일반소매점,18
22000,분뇨.쓰레기처리시설,펌프장,18
04000,제2종근린생활시설,체육시설,18
18000,창고시설,농산물건조창고,18
17000,공장,외2,18
20000,자동차관련시설,노유자시설,18
18000,창고시설,대중음식점,18
,,주차장,18
03000,제1종근린생활시설,헬스클럽,18
01000,단독주택,퇴비,18
17000,공장,c동,18
02000,공동주택,복합상가,18
10000,교육연구시설,문화,18
04000,제2종근린생활시설,관리사및창고,18
Z3000,근린생활시설,숙직실,18
01000,단독주택,주택및차고,18
04000,제2종근린생활시설,해태처리장,18
21000,동물및식물관련시설,및퇴비사,18
02000,공동주택,주상복합,18
15000,숙박시설,영업용,18
22000,분뇨.쓰레기처리시설,단독주택,18
04000,제2종근린생활시설,예배실,18
01000,단독주택,과수저장고,18
06000,종교시설,관음전,18
17000,공장,기계,18
06000,종교시설,정자,18
03000,제1종근린생활시설,대피호,18
20000,자동차관련시설,관련,18
04000,제2종근린생활시설,실외체육시설,18
13000,운동시설,다목적체육관,18
02000,공동주택,차량대기소,18
01000,단독주택,위험물저장소,18
01000,단독주택,78년농촌주택개량,18
15000,숙박시설,2종근생,18
10000,교육연구시설,다방,18
,,관리실,18
17000,공장,배전반및자동제어반제조업,18
21000,동물및식물관련시설,및식물관련시설,18
18000,창고시설,농산물보관용창고,18
02000,공동주택,근생및도시형생활주택,18
03000,제1종근린생활시설,발전소,18
03000,제1종근린생활시설,소방창고,18
02000,공동주택,헬스클럽,18
15000,숙박시설,관람집회시설,18
27000,관광휴게시설,휴게음식점,18
12000,수련시설,샤워실,18
03000,제1종근린생활시설,7가구,18
23000,교정및군사시설,전기실,18
19000,위험물저장및처리시설,관광휴게시설,18
17000,공장,쉘타,18
12000,수련시설,자연권,18
03000,제1종근린생활시설,직판장,18
02000,공동주택,키즈센터,18
03000,제1종근린생활시설,오수중계펌프장,18
03000,제1종근린생활시설,일반숙박시설,18
01000,단독주택,78농촌주택개량,18
17000,공장,미역가공공장,18
02000,공동주택,아파트부대시설,18
29000,장례시설,제1,18
01000,단독주택,유류판매소,18
02000,공동주택,새싹정류장,18
18000,창고시설,농가형창고,18
18000,창고시설,어장막,18
18000,창고시설,어막,18
02000,공동주택,2단지,17
JY,,공장,17
26000,묘지관련시설,관리사,17
01000,단독주택,4호,17
05000,문화및집회시설,종각,17
01000,단독주택,부속2호,17
17000,공장,해태처리장,17
17000,공장,두부공장,17
,,제1,17
01000,단독주택,개량곡간,17
17000,공장,소독실,17
21000,동물및식물관련시설,저온저장창고,17
21000,동물및식물관련시설,산란계사,17
18000,창고시설,제조업,17
,,일반공장,17
20000,자동차관련시설,오피스텔,17
04000,제2종근린생활시설,농기구수리소,17
11000,노유자시설,차고,17
02000,공동주택,물품보관실,17
17000,공장,고로,17
15000,숙박시설,숙박동,17
17000,공장,공무동,17
21000,동물및식물관련시설,정화조,17
09000,의료시설,기계실,17
02000,공동주택,공동작업실,17
03000,제1종근린생활시설,취수펌프장,17
02000,공동주택,2가구,17
17000,공장,전실,17
10000,교육연구시설,출입통제실,17
Z8000,교육연구및복지시설,연구시설,17
21000,동물및식물관련시설,실험실,17
17000,공장,해태가공처리장,17
18000,창고시설,저장실,17
18000,창고시설,경비동,17
21000,동물및식물관련시설,종균배양실,17
10000,교육연구시설,목욕탕,17
22000,분뇨.쓰레기처리시설,분뇨및폐기물처리시설,17
20000,자동차관련시설,종교시설,17
17000,공장,처리장,17
10000,교육연구시설,사설강습소,17
03000,제1종근린생활시설,소매점및,17
03000,제1종근린생활시설,농업용창고,17
11000,노유자시설,제2종근생,17
18000,창고시설,부속사무실,17
07000,판매시설,외3,17
18000,창고시설,창고외,17
17000,공장,근린공공시설,17
18000,창고시설,단독주택외1용도,17
17000,공장,가구공장,17
03000,제1종근린생활시설,소매점및사무소,17
02000,공동주택,장비반입구,17
18000,창고시설,제조장,17
04000,제2종근린생활시설,영업시설,17
30000,자원순환관련시설,관련,17
03000,제1종근린생활시설,사설학원,17
01000,단독주택,다가구16가구,17
01000,단독주택,석유판매취급소,17
04000,제2종근린생활시설,야영장시설,17
03000,제1종근린생활시설,농산물판매점,17
03000,제1종근린생활시설,농산물건조장,17
06000,종교시설,제사,17
17000,공장,운전자대기실,17
10000,교육연구시설,기타교육연구시설,17
21000,동물및식물관련시설,대기실,17
10000,교육연구시설,사격장,17
17000,공장,compressor,17
21000,동물및식물관련시설,감귤관리사,17
02000,공동주택,근린,17
11000,노유자시설,노인복지관,17
04000,제2종근린생활시설,곡물제분업,17
21000,동물및식물관련시설,축사용,17
02000,공동주택,공동주택외1건,17
23000,교정및군사시설,국방시설본부,17
03000,제1종근린생활시설,마을공동체험시설,17
03000,제1종근린생활시설,근린시설및,17
01000,단독주택,주택6가구,17
01000,단독주택,게임제공업소,17
17000,공장,계단,17
04000,제2종근린생활시설,철문및관련제품제조업,17
02000,공동주택,근린생할시설,17
04000,제2종근린생활시설,궁도장,17
10000,교육연구시설,보육시설,17
04000,제2종근린생활시설,10가구,17
04000,제2종근린생활시설,외2건,17
01000,단독주택,주택및영업소,17
11000,노유자시설,관리소,17
03000,제1종근린생활시설,농업용양수장,17
01000,단독주택,농가주택지원,17
21000,동물및식물관련시설,농가주택및축사,17
01000,단독주택,및근생,17
06000,종교시설,교육원,17
13000,운동시설,관람석,17
20000,자동차관련시설,관리사무실,17
,,교육연구시설,17
04000,제2종근린생활시설,서재,17
10000,교육연구시설,아동관련시설,17
02000,공동주택,사원임대아파트,17
01000,단독주택,농가구주택,17
02000,공동주택,공동주택및제2종근린생활시설,17
15000,숙박시설,산장,17
14000,업무시설,근린시설,17
01000,단독주택,철공소,17
Z3000,근린생활시설,영업용,17
09000,의료시설,2종근생,17
09000,의료시설,기계식주차장,17
15000,숙박시설,숙박시설외2,17
04000,제2종근린생활시설,주택외1,17
19000,위험물저장및처리시설,주유취급소,17
17000,공장,사무실및,17
07000,판매시설,학원,17
01000,단독주택,근린생황시설,17
14000,업무시설,주거용오피스텔,17
02000,공동주택,원룸형16세대,17
02000,공동주택,임대주택,17
29000,장례시설,일반음식점,17
04000,제2종근린생활시설,전도관,17
21000,동물및식물관련시설,발효돈사,17
17000,공장,시멘트제조,17
04000,제2종근린생활시설,주택및일반음식점,17
18000,창고시설,운수시설,17
01000,단독주택,공동생활가정,17
01000,단독주택,초가,17
04000,제2종근린생활시설,주택및창고,17
01000,단독주택,사과저장고,17
Z3000,근린생활시설,대피소,17
06000,종교시설,기타종교시설,17
16000,위락시설,사무소,17
01000,단독주택,피아노학원,17
10000,교육연구시설,관리동,17
21000,동물및식물관련시설,관리용건축물,17
10000,교육연구시설,배움터지킴이실,17
02000,공동주택,복리,17
18000,창고시설,김건조장,17
30000,자원순환관련시설,재활용시설,17
14000,업무시설,운전보안시설,17
21000,동물및식물관련시설,농산물집하장,17
01000,단독주택,다가구주택16가구,17
18000,창고시설,위험물저장,17
11000,노유자시설,종교집회장,17
17000,공장,소방호스보관소,17
01000,단독주택,소매점및,17
20000,자동차관련시설,공영차고지,17
04000,제2종근린생활시설,원두막,17
03000,제1종근린생활시설,소매점및사무실,17
18000,창고시설,일반저장고,17
03000,제1종근린생활시설,제1종근린생활시설및제2종근린생활시설,17
02000,공동주택,빗물저류조펌프실,17
04000,제2종근린생활시설,농가용주택,17
20000,자동차관련시설,축사,17
27000,관광휴게시설,숙소,17
04000,제2종근린생활시설,볼링장,17
03000,제1종근린생활시설,한약방,17
21000,동물및식물관련시설,버섯재배,17
01000,단독주택,예능계,17
21000,동물및식물관련시설,곤충사육,17
01000,단독주택,10세대,17
10000,교육연구시설,부속시설,17
18000,창고시설,개량곳간,17
01000,단독주택,다가구6가구,17
03000,제1종근린생활시설,업무,17
02000,공동주택,디세대주택,17
01000,단독주택,주민공동시설,17
01000,단독주택,96농가주택,17
01000,단독주택,두지,17
02000,공동주택,주민공동시설3,17
21000,동물및식물관련시설,계분창고,17
01000,단독주택,연립,17
03000,제1종근린생활시설,비가림시설,17
02000,공동주택,16가구,17
15200,관광숙박시설,방가로,17
18000,창고시설,농가창고및농가주택,17
05000,문화및집회시설,외2,17
04000,제2종근린생활시설,근린생활시설및사무실,17
23000,교정및군사시설,보육시설,17
17000,공장,접견실,17
17000,공장,옥외저장소,17
03000,제1종근린생활시설,헛간,17
04000,제2종근린생활시설,식품가공공장,17
01000,단독주택,다독주택,17
02000,공동주택,폐기물보관창고,17
13000,운동시설,대피소,17
15000,숙박시설,전기실,17
03000,제1종근린생활시설,2종근린생활시설외,17
20000,자동차관련시설,2종,17
02000,공동주택,슈퍼마켓,17
18000,창고시설,과수저온저장고,17
04000,제2종근린생활시설,2종근생및주택,17
15000,숙박시설,3,17
02000,공동주택,그린카페,17
03000,제1종근린생활시설,해녀탈의장,17
02000,공동주택,근린생활시설및주택,17
13000,운동시설,파고라,17
04000,제2종근린생활시설,우사,17
13000,운동시설,숙소,17
20000,자동차관련시설,1종근린생활시설,17
10000,교육연구시설,외3,17
01000,단독주택,제거식화장실,17
17000,공장,첨단업종,17
08000,운수시설,화장실,17
09000,의료시설,수위실,17
09000,의료시설,창고시설,17
02000,공동주택,근린생활시설및연립주택,17
11000,노유자시설,노유자시설외,17
21000,동물및식물관련시설,농장관리사,17
17000,공장,일반공장시설,17
21000,동물및식물관련시설,식물관리시설,16
01000,단독주택,우사및창고,16
02000,공동주택,클럽하우스,16
18000,창고시설,개량저장고,16
20000,자동차관련시설,근린공공시설,16
21000,동물및식물관련시설,육우,16
17000,공장,실험동,16
,,처리시설,16
01000,단독주택,다가구15가구,16
27000,관광휴게시설,팔각정,16
03000,제1종근린생활시설,모,16
04000,제2종근린생활시설,선박수리시설,16
17000,공장,일반제재업,16
17000,공장,대중음식점,16
,,대중음식점,16
19000,위험물저장및처리시설,자동세차장,16
20000,자동차관련시설,근생,16
01000,단독주택,정주권,16
,,농산물창고,16
01000,단독주택,근생및다가구용단독주택,16
Z3000,근린생활시설,물치,16
03000,제1종근린생활시설,고속도로영업소,16
09000,의료시설,식당,16
15000,숙박시설,소형호텔,16
02000,공동주택,종합복지관,16
03000,제1종근린생활시설,슈퍼,16
03000,제1종근린생활시설,망루,16
11000,노유자시설,마을공회당,16
14000,업무시설,등,16
21000,동물및식물관련시설,복도,16
20000,자동차관련시설,정비실,16
01000,단독주택,다가구주택13가구,16
21000,동물및식물관련시설,주택외,16
21000,동물및식물관련시설,축사외,16
02000,공동주택,스카이커뮤니티,16
22000,분뇨.쓰레기처리시설,분뇨폐기물처리시설,16
01000,단독주택,몸,16
21000,동물및식물관련시설,축사용창고,16
02000,공동주택,정압기실,16
20000,자동차관련시설,판매및영업시설,16
02000,공동주택,우수조관리층,16
17000,공장,골재적치장,16
02000,공동주택,방재,16
02000,공동주택,체육관,16
02000,공동주택,데크주차장,16
23000,교정및군사시설,경로당,16
01000,단독주택,2종근생및다가구주택,16
22000,분뇨.쓰레기처리시설,관리실,16
17000,공장,레미콘,16
02000,공동주택,11가구,16
17000,공장,식품가공,16
13000,운동시설,펌프실,16
04000,제2종근린생활시설,스크린골프연습장,16
07000,판매시설,공판장,16
21000,동물및식물관련시설,변전실,16
18000,창고시설,다목적창고,16
04000,제2종근린생활시설,아동관련시설,16
01000,단독주택,잡화점,16
17000,공장,후생동,16
29000,장례시설,창고,16
19000,위험물저장및처리시설,용기보관실,16
17000,공장,매점,16
12000,수련시설,생활관,16
02000,공동주택,주민공동시설4,16
04000,제2종근린생활시설,목사관,16
01000,단독주택,도자기공장,16
04000,제2종근린생활시설,제2종근린생활시설및창고시설,16
17000,공장,측정기실,16
01000,단독주택,현관,16
03000,제1종근린생활시설,일반창고,16
13000,운동시설,샤워실,16
18000,창고시설,싸이로,16
19000,위험물저장및처리시설,생,16
10000,교육연구시설,연수,16
23000,교정및군사시설,작전,16
25000,발전시설,태양광발전,16
18000,창고시설,마늘건가창고,16
05000,문화및집회시설,변소,16
18000,창고시설,경로당,16
17000,공장,폐수처리장기계실,16
18000,창고시설,농산물보관저온창고,16
Z8000,교육연구및복지시설,유아원,16
10000,교육연구시설,정화조기계실,16
03000,제1종근린생활시설,지서,16
20000,자동차관련시설,2종근생,16
21000,동물및식물관련시설,돈분건조장,16
02000,공동주택,원룸형8세대,16
17000,공장,골재저장소,16
20000,자동차관련시설,제2종,16
Z3000,근린생활시설,주차장,16
01000,단독주택,근랜생활시설,16
01000,단독주택,주택및보일러실,16
04000,제2종근린생활시설,음식점및주택,16
05000,문화및집회시설,제각,16
18000,창고시설,사과창고,16
21000,동물및식물관련시설,원두막,16
01000,단독주택,창고및주차장,16
24000,방송통신시설,통신촬영시설,16
14000,업무시설,1용도,16
10000,교육연구시설,실습동,16
17000,공장,물품보관창고,16
02000,공동주택,취미교실,16
02000,공동주택,편익시설,16
04000,제2종근린생활시설,출판사,16
02000,공동주택,노인정및관리사무소,16
17000,공장,옥외화장실,16
18000,창고시설,과원퇴비사,16
10000,교육연구시설,공공용시설,16
01000,단독주택,재래식화장실,16
17000,공장,관련제품,16
17000,공장,air,16
06000,종교시설,집회장,16
03000,제1종근린생활시설,5,16
Z8000,교육연구및복지시설,노인정,16
23000,교정및군사시설,고가초소,16
16000,위락시설,제1종,16
01000,단독주택,채양,16
05000,문화및집회시설,체육관,16
11000,노유자시설,휴게음식점,16
01000,단독주택,제1종및2종근린생활시설,16
01000,단독주택,절,16
01000,단독주택,차양,16
21000,동물및식물관련시설,동식물,16
03000,제1종근린생활시설,정육점,16
17000,공장,식물관련시설,16
Z3000,근린생활시설,사설강습소,16
Z9000,공공용시설,근린공공시설,16
04000,제2종근린생활시설,수산물가공시설,16
03000,제1종근린생활시설,제2종근린생활시설외2,16
02000,공동주택,56세대,16
13000,운동시설,국궁장,16
01000,단독주택,휴게시설,16
05000,문화및집회시설,제2종,16
03000,제1종근린생활시설,위험물저장및,16
01000,단독주택,18세대,16
18000,창고시설,농업용냉동창고,16
02000,공동주택,스쿨스테이션,16
01000,단독주택,소매점및다가구주택,16
21000,동물및식물관련시설,소매점,16
Z3000,근린생활시설,점포및주택,16
01000,단독주택,제2종근리생활시설,16
31000,야영장시설,물탱크실,16
19000,위험물저장및처리시설,부속창고,16
04000,제2종근린생활시설,농수산물,16
17000,공장,예열실,16
01000,단독주택,제과점,16
11000,노유자시설,복리시설,16
04000,제2종근린생활시설,종교집회,16
13000,운동시설,자동차관련시설,16
18000,창고시설,건조저장시설,16
03000,제1종근린생활시설,유산각,16
18000,창고시설,퇴비장,16
18000,창고시설,냉동실,16
02000,공동주택,도시형생활주택단지형연립주택,16
21000,동물및식물관련시설,동물및관련시설,16
17000,공장,오폐수처리장,16
04000,제2종근린생활시설,시험실,16
18000,창고시설,실험실,16
01000,단독주택,양계장,16
20000,자동차관련시설,주차타워,16
07000,판매시설,근생,16
03000,제1종근린생활시설,내무반,16
03000,제1종근린생활시설,농촌체험시설,16
21000,동물및식물관련시설,우사및우분장,16
01000,단독주택,소매점및단독주택,16
17000,공장,전철차량기지,16
17000,공장,위험물일반취급소,16
21000,동물및식물관련시설,등,16
01000,단독주택,우물,16
03000,제1종근린생활시설,전기,16
17000,공장,일반목재가구,16
Z8000,교육연구및복지시설,제1종근린생활시설,16
01000,단독주택,근린생활및다가구주택,16
03000,제1종근린생활시설,정,16
30000,자원순환관련시설,하수종말처리장,16
Z3000,근린생활시설,의료시설,16
22000,분뇨.쓰레기처리시설,근린생활시설,16
02000,공동주택,1종,16
01000,단독주택,분뇨및쓰레기처리시설,16
04000,제2종근린생활시설,헬스클럽,16
18000,창고시설,농업용보관창고,16
14000,업무시설,군사시설,16
17000,공장,동,16
07000,판매시설,관리실,16
03000,제1종근린생활시설,지하수관정,16
17000,공장,외부계단,16
19000,위험물저장및처리시설,영업장,16
04000,제2종근린생활시설,제2종근생및주택,16
14000,업무시설,교육연구,16
01000,단독주택,단독주택다가구,16
15000,숙박시설,간이주점,16
02000,공동주택,주출입구,16
21000,동물및식물관련시설,개사육장,16
04000,제2종근린생활시설,종교,16
01000,단독주택,교육시설,16
06000,종교시설,점포,16
18000,창고시설,농산물퇴비장,16
03000,제1종근린생활시설,환경위생시설,16
17000,공장,농가,16
17000,공장,주택및공장,16
03000,제1종근린생활시설,근린생활시설및교육연구시설,16
03000,제1종근린생활시설,마을우산각,16
04000,제2종근린생활시설,천주교회,16
02000,공동주택,원룸형9세대,16
03000,제1종근린생활시설,부설주차장,16
02000,공동주택,승강기홀,16
03000,제1종근린생활시설,제2종근린생활시설및단독주택,16
14000,업무시설,기타일반업무시설,16
03000,제1종근린생활시설,작업소,16
01000,단독주택,다가용단독주택,16
21000,동물및식물관련시설,주택및창고,16
04000,제2종근린생활시설,사원,16
18000,창고시설,도정공장,16
19000,위험물저장및처리시설,차고,16
02000,공동주택,공동화장실,16
03000,제1종근린생활시설,연쇄상가,16
01000,단독주택,다가구용단독주택및근린생활시설,16
01000,단독주택,다가구19가구,16
17000,공장,자동차부품제조,16
18000,창고시설,탈의실,15
03000,제1종근린생활시설,검수구실,15
24000,방송통신시설,창고,15
21000,동물및식물관련시설,농림수산업용,15
02000,공동주택,연결통로,15
21000,동물및식물관련시설,발효우사,15
01000,단독주택,숙사,15
01000,단독주택,근린및,15
21000,동물및식물관련시설,동물및식물관리시설,15
19000,위험물저장및처리시설,탄약고,15
21000,동물및식물관련시설,종묘장,15
17000,공장,온실,15
02000,공동주택,1건,15
17000,공장,2고로,15
03000,제1종근린생활시설,외2건,15
01000,단독주택,화실,15
02000,공동주택,부동산중개사무소,15
17000,공장,공작물,15
13000,운동시설,본부석,15
20000,자동차관련시설,자동차정비사업장,15
,,노인정,15
18000,창고시설,연쇄점,15
10000,교육연구시설,소규모체육관,15
03000,제1종근린생활시설,동물,15
17000,공장,물류창고,15
03000,제1종근린생활시설,교육연구시설및복지시설,15
03000,제1종근린생활시설,근랜생활시설,15
03000,제1종근린생활시설,상여집,15
12000,수련시설,교육연구,15
01000,단독주택,다가구주택19가구,15
01000,단독주택,단독주택5가구용,15
23000,교정및군사시설,생활관,15
04000,제2종근린생활시설,우체국,15
20000,자동차관련시설,일반공장,15
04000,제2종근린생활시설,농산물창고,15
02000,공동주택,수변전실,15
18000,창고시설,농촌주택,15
11000,노유자시설,공장,15
03000,제1종근린생활시설,캐노피,15
17000,공장,침구,15
20000,자동차관련시설,자동차관련시설외1,15
17000,공장,임산물종합처리장,15
13000,운동시설,공중화장실,15
18000,창고시설,근,15
13000,운동시설,예지물창고,15
14000,업무시설,단지형연립주택,15
17000,공장,유독물저장소,15
03000,제1종근린생활시설,공용화장실,15
04000,제2종근린생활시설,가공,15
03000,제1종근린생활시설,기존,15
03000,제1종근린생활시설,주택및창고,15
02000,공동주택,가스정압기실,15
03000,제1종근린생활시설,근린생활시설및점포,15
17000,공장,도정,15
01000,단독주택,주택농가,15
01000,단독주택,다가구주택외2,15
02000,공동주택,18가구,15
01000,단독주택,물,15
18000,창고시설,세차장,15
18000,창고시설,일반주택,15
02000,공동주택,노인정및,15
05000,문화및집회시설,문화관,15
01000,단독주택,주택및근,15
15000,숙박시설,모텔,15
02000,공동주택,23세대,15
08000,운수시설,도시철도차량기지,15
16000,위락시설,r,15
03000,제1종근린생활시설,제1종근린생활시,15
21000,동물및식물관련시설,경비실,15
02000,공동주택,근린생활시설및도시형생활주택,15
04000,제2종근린생활시설,일반사무소,15
23000,교정및군사시설,통합막사,15
16000,위락시설,위락,15
,,농업용창고,15
04000,제2종근린생활시설,발전실,15
21000,동물및식물관련시설,육계,15
18000,창고시설,공동건조장,15
03000,제1종근린생활시설,1층,15
21000,동물및식물관련시설,창고및,15
04000,제2종근린생활시설,돈사,15
02000,공동주택,종합보육센터,15
11000,노유자시설,복지관,15
18000,창고시설,농업생산,15
Z3000,근린생활시설,다세대주택,15
01000,단독주택,15세대,15
02000,공동주택,연료전지실,15
04000,제2종근린생활시설,동사무소,15
14000,업무시설,공중화장실,15
08000,운수시설,초소,15
21000,동물및식물관련시설,교육연구및복지시설,15
02000,공동주택,다세대주댁,15
25000,발전시설,사무실,15
14000,업무시설,대피소,15
17000,공장,화,15
04000,제2종근린생활시설,공중변소,15
03000,제1종근린생활시설,2종근생시설,15
04000,제2종근린생활시설,농산물가공제조업소,15
02000,공동주택,diy공방,15
04000,제2종근린생활시설,농기계수리센터,15
03000,제1종근린생활시설,기타시설,15
17000,공장,흡연부스,15
02000,공동주택,다세대원룸형,15
17000,공장,목재가공,15
17000,공장,공장사무실,15
04000,제2종근린생활시설,기관실,15
20000,자동차관련시설,자동자관련시설,15
01000,단독주택,단독주택외2용도,15
17000,공장,검사장,15
18000,창고시설,저장시설,15
04000,제2종근린생활시설,제조소,15
15000,숙박시설,공장,15
16000,위락시설,a,15
02000,공동주택,관리사,15
18000,창고시설,저온냉동창고,15
01000,단독주택,관광휴게시설,15
21000,동물및식물관련시설,동물시설,15
13000,운동시설,체육도장,15
19000,위험물저장및처리시설,휴게소,15
14000,업무시설,12호,15
21000,동물및식물관련시설,2종근린생활시설,15
10000,교육연구시설,다목적,15
18000,창고시설,대기실,15
14000,업무시설,근생시설,15
04000,제2종근린생활시설,수도장,15
25000,발전시설,변전소,15
04000,제2종근린생활시설,구내식당,15
26000,묘지관련시설,관리사무소,15
02000,공동주택,숙사,15
25000,발전시설,발전소보안시설,15
27000,관광휴게시설,관광휴계시설,15
17000,공장,쓰레기,15
19000,위험물저장및처리시설,주유시설,15
04000,제2종근린생활시설,케노피,15
19000,위험물저장및처리시설,대피소,15
Z8000,교육연구및복지시설,사무실,15
04000,제2종근린생활시설,다과점,15
17000,공장,생산시설,15
06000,종교시설,일주문,15
17000,공장,폐수처리동,15
04000,제2종근린생활시설,아동복지시설,15
10000,교육연구시설,씨름장,15
21000,동물및식물관련시설,유우사,15
18000,창고시설,마늘건조장,15
22000,분뇨.쓰레기처리시설,공공하수처리시설,15
15000,숙박시설,관광펜션,15
15000,숙박시설,민박,15
09000,의료시설,치과병원,15
02000,공동주택,상점,15
14000,업무시설,2호,15
27000,관광휴게시설,관광안내소,15
04000,제2종근린생활시설,입시학원,15
02000,공동주택,1단지,15
14000,업무시설,오피스텔및다세대주택,15
Z8000,교육연구및복지시설,사회복지시설,15
10000,교육연구시설,무기고,15
01000,단독주택,캐노피,15
10000,교육연구시설,원,15
21000,동물및식물관련시설,톱밥깔짚우사,15
01000,단독주택,농가주택및축사,15
03000,제1종근린생활시설,사회복지시설,15
03000,제1종근린생활시설,아동시설,15
27000,관광휴게시설,1,15
03000,제1종근린생활시설,조산원,15
03000,제1종근린생활시설,간이상수도,15
04000,제2종근린생활시설,주점,15
30000,자원순환관련시설,퇴비사,15
04000,제2종근린생활시설,제2종근린샐활시설,15
03000,제1종근린생활시설,농산물보관창고,15
18000,창고시설,축사및창고,15
10000,교육연구시설,동식물관련시설,15
03000,제1종근린생활시설,유량계실,15
08000,운수시설,공장,15
17000,공장,폐기물집하장,15
04000,제2종근린생활시설,방송통신시설,15
21000,동물및식물관련시설,증축,15
21000,동물및식물관련시설,집하장,15
19000,위험물저장및처리시설,근,15
18000,창고시설,관리동,15
19000,위험물저장및처리시설,위험물저장및처리시설외,15
01000,단독주택,비가림,15
22000,분뇨.쓰레기처리시설,주택,15
04000,제2종근린생활시설,온실,15
19000,위험물저장및처리시설,위험물저장및처리시설외1,15
05000,문화및집회시설,동물관련시설,15
22000,분뇨.쓰레기처리시설,식당,15
04000,제2종근린생활시설,휴계실,15
04000,제2종근린생활시설,농산물보관창고,15
,,위락시설,15
04000,제2종근린생활시설,퇴비사,15
03000,제1종근린생활시설,여과지,15
17000,공장,1종근린생활시설,15
06000,종교시설,제2종근생,15
04000,제2종근린생활시설,숙박,15
03000,제1종근린생활시설,안마원,15
01000,단독주택,농가주택외,15
03000,제1종근린생활시설,제1종및,15
18000,창고시설,임항창고,15
03000,제1종근린생활시설,하수종말처리시설,15
18000,창고시설,캐노피,15
20000,자동차관련시설,캐노피,15
02000,공동주택,중앙공급동,15
01000,단독주택,야영장시설,15
17000,공장,철공소,15
02000,공동주택,공둥주택,15
03000,제1종근린생활시설,휴게시설,15
06000,종교시설,교,15
18000,창고시설,농가창고시설,15
18000,창고시설,사료보관창고,15
27000,관광휴게시설,공원관리사무소,15
02000,공동주택,58세대,15
06000,종교시설,교리실,15
04000,제2종근린생활시설,수도원,15
15000,숙박시설,미용실,15
22000,분뇨.쓰레기처리시설,축사,15
16000,위락시설,노래연습장,15
03000,제1종근린생활시설,및제2종근린생활시설,15
17000,공장,곡물도정공장,15
18000,창고시설,개량곡간,15
03000,제1종근린생활시설,농산물간이,15
01000,단독주택,5가구주택,15
02000,공동주택,주택및근린생활시설,15
04000,제2종근린생활시설,농산물제조업소,15
03000,제1종근린생활시설,제실,15
01000,단독주택,가구주택,15
15000,숙박시설,전문음식점,15
04000,제2종근린생활시설,교육,15
21000,동물및식물관련시설,기존,15
02000,공동주택,구매및생활시설,15
10000,교육연구시설,탈의실,15
11000,노유자시설,양로당,15
01000,단독주택,주택및상가,15
02000,공동주택,세미나실,15
18000,창고시설,위락시설,15
17000,공장,골재창고,15
02000,공동주택,지상주차장,15
21000,동물및식물관련시설,농업용축사,15
09000,의료시설,2종,15
21000,동물및식물관련시설,톱밥발효,14
17000,공장,가구제조업,14
02000,공동주택,숙박시설,14
21000,동물및식물관련시설,출하대,14
19000,위험물저장및처리시설,일반음식점,14
02000,공동주택,105동,14
04000,제2종근린생활시설,생및,14
04000,제2종근린생활시설,호스텔,14
04000,제2종근린생활시설,수리소,14
04000,제2종근린생활시설,창고및화장실,14
03000,제1종근린생활시설,공동건조장,14
03000,제1종근린생활시설,주민운동시설,14
18000,창고시설,제2종근,14
17000,공장,농기계수리점,14
24000,방송통신시설,사무실,14
10000,교육연구시설,조회대,14
10000,교육연구시설,부대시설,14
01000,단독주택,다가구13가구,14
21000,동물및식물관련시설,보관창고,14
21000,동물및식물관련시설,사료저장창고,14
04000,제2종근린생활시설,소극장,14
17000,공장,출하대,14
10000,교육연구시설,1종근린생활시설,14
18000,창고시설,저온저장고및창고,14
20000,자동차관련시설,차고지사무실,14
18000,창고시설,농가용저온저장창고,14
15000,숙박시설,근린,14
02000,공동주택,다세대주택1세대,14
Z6000,판매및영업시설,운동시설,14
01000,단독주택,감귤저장고,14
14000,업무시설,작업장,14
02000,공동주택,실내운동시설,14
14000,업무시설,시설,14
11000,노유자시설,요양시설,14
17000,공장,제품출하장,14
17000,공장,석가공공장,14
17000,공장,농업용,14
17000,공장,정미공장,14
17000,공장,조선소,14
01000,단독주택,영업장,14
02000,공동주택,생시설,14
17000,공장,154kv,14
04000,제2종근린생활시설,농기계창고,14
21000,동물및식물관련시설,냉각실,14
12000,수련시설,사무실,14
02000,공동주택,지하주차장계단실,14
04000,제2종근린생활시설,냉장창고,14
04000,제2종근린생활시설,농업용,14
01000,단독주택,97,14
04000,제2종근린생활시설,사,14
02000,공동주택,소화펌프실,14
01000,단독주택,잠사,14
02000,공동주택,지하1층주차장,14
01000,단독주택,우산각,14
01000,단독주택,주택외1건,14
02000,공동주택,재활용분리수거장,14
02000,공동주택,방재숙직실,14
,,상가,14
21000,동물및식물관련시설,폐수처리장,14
02000,공동주택,유아원,14
18000,창고시설,창고및차고,14
03000,제1종근린생활시설,체험관,14
21000,동물및식물관련시설,농사용창고,14
03000,제1종근린생활시설,전기자동차,14
21000,동물및식물관련시설,분뇨쓰레기처리시설,14
04000,제2종근린생활시설,식품제조시설,14
Z3000,근린생활시설,3,14
10000,교육연구시설,학생안전보호실,14
10000,교육연구시설,교실동,14
02000,공동주택,공조실,14
01000,단독주택,강당,14
02000,공동주택,파티룸,14
02000,공동주택,공유주방,14
17000,공장,유자가공공장,14
01000,단독주택,근린생활시설및다가구,14
04000,제2종근린생활시설,농산물유통가공시설,14
18000,창고시설,자원순환관련시설,14
02000,공동주택,지하2층주차장,14
19000,위험물저장및처리시설,주유소및주택,14
21000,동물및식물관련시설,정자,14
17000,공장,쓰레기집하장,14
18000,창고시설,야적장,14
01000,단독주택,환경위생시설,14
01000,단독주택,교육연구및,14
01000,단독주택,2종근린생할시설,14
02000,공동주택,사랑채,14
03000,제1종근린생활시설,공원관리소,14
03000,제1종근린생활시설,관리사택,14
02000,공동주택,구내통신실,14
10000,교육연구시설,교육장,14
04000,제2종근린생활시설,2층,14
21000,동물및식물관련시설,양생실,14
04000,제2종근린생활시설,근린생화시설,14
19000,위험물저장및처리시설,출하장,14
21000,동물및식물관련시설,1용도,14
21000,동물및식물관련시설,계류장,14
26000,묘지관련시설,비각,14
03000,제1종근린생활시설,노인여가복지시설,14
04000,제2종근린생활시설,제1종근린생활시설및단독주택,14
17000,공장,컴프레셔실,14
01000,단독주택,거실,14
04000,제2종근린생활시설,일반게임제공업의시설,14
Z3000,근린생활시설,당구장,14
04000,제2종근린생활시설,및제2종근린생활시설,14
07000,판매시설,비가림시설,14
01000,단독주택,주택7가구,14
17000,공장,용역동,14
,,펌프실,14
20000,자동차관련시설,부설주차장,14
13000,운동시설,실내수영장,14
02000,공동주택,단지형다세대12세대,14
06000,종교시설,물탱크실,14
04000,제2종근린생활시설,제조업소및사무소,14
14000,업무시설,10호,14
03000,제1종근린생활시설,방공호,14
01000,단독주택,회의실,14
18000,창고시설,염전창고,14
02000,공동주택,및도시형생활주택,14
06000,종교시설,극락전,14
Z3000,근린생활시설,기계실,14
20000,자동차관련시설,자동차정비소,14
12000,수련시설,수련원,14
04000,제2종근린생활시설,작업소,14
04000,제2종근린생활시설,농기계수리시설,14
01000,단독주택,주택겸점포,14
04000,제2종근린생활시설,보육시설,14
27000,관광휴게시설,부속창고,14
02000,공동주택,상가아파트,14
,,제1종,14
03000,제1종근린생활시설,근린생활및,14
09000,의료시설,요양소,14
04000,제2종근린생활시설,부설주차장,14
02000,공동주택,일용품소매점,14
04000,제2종근린생활시설,양생실,14
10000,교육연구시설,주거시설,14
04000,제2종근린생활시설,복지회관,14
01000,단독주택,가동,14
05000,문화및집회시설,사슴사,14
05000,문화및집회시설,식당,14
04000,제2종근린생활시설,교회교육관,14
21000,동물및식물관련시설,녹사,14
04000,제2종근린생활시설,일주문,14
20000,자동차관련시설,기타자동차관련시설,14
01000,단독주택,연탄창고,14
11000,노유자시설,기타노유자시설,14
04000,제2종근린생활시설,치과의원,14
01000,단독주택,제2종근생및단독주택,14
04000,제2종근린생활시설,교육실,14
04000,제2종근린생활시설,예체능계학원,14
15000,숙박시설,영업,14
18000,창고시설,일반,14
15000,숙박시설,물탱크실,14
02000,공동주택,2층,14
30000,자원순환관련시설,기타자원순환관련시설,14
03000,제1종근린생활시설,에너지공급시설,14
20000,자동차관련시설,통제실,14
01000,단독주택,광부사택,14
04000,제2종근린생활시설,농기계보관창고,14
04000,제2종근린생활시설,복리시설,14
31000,야영장시설,글램핑,14
17000,공장,사료공장,14
17000,공장,위험물옥외저장소,14
18000,창고시설,주거시설,14
01000,단독주택,단독주택3가구용,14
02000,공동주택,쓰레기보관소,14
02000,공동주택,옥탑,14
17000,공장,선광장,14
10000,교육연구시설,학생식당,14
05000,문화및집회시설,숙소,14
03000,제1종근린생활시설,휴계실,14
04000,제2종근린생활시설,근생및단독주택,14
02000,공동주택,대피시설,14
03000,제1종근린생활시설,팔각정,14
14000,업무시설,동사무소,14
02000,공동주택,집하장,14
01000,단독주택,객실,14
03000,제1종근린생활시설,리사무실,14
03000,제1종근린생활시설,마을공동쉼터,14
04000,제2종근린생활시설,보관창고,14
Z3000,근린생활시설,제조장,14
04000,제2종근린생활시설,미술학원,14
04000,제2종근린생활시설,방가로,14
02000,공동주택,물품보관소,14
01000,단독주택,제1종근생및다가구주택,14
04000,제2종근린생활시설,묘각,14
31000,야영장시설,휴게실,14
18000,창고시설,농기계격납고,14
07000,판매시설,판매시설용,14
04000,제2종근린생활시설,아동시설,14
03000,제1종근린생활시설,농산물가공시설,14
17000,공장,정비동,14
,,판매시설,14
22000,분뇨.쓰레기처리시설,기숙사,14
02000,공동주택,다목적회의실,14
18000,창고시설,유류창고,14
07000,판매시설,산업용품,14
01000,단독주택,운동시설,14
23000,교정및군사시설,화장실,14
04000,제2종근린생활시설,사회복지시설,14
18000,창고시설,정부양곡보관창고,14
04000,제2종근린생활시설,곡물건조장,14
03000,제1종근린생활시설,등기소,14
17000,공장,기타건축용목제품제조업,14
15000,숙박시설,차양막지붕,14
17000,공장,후문경비실,14
21000,동물및식물관련시설,92무허가축사추인조치건,14
02000,공동주택,경노당,14
01000,단독주택,놀이방,14
02000,공동주택,열람실,14
10000,교육연구시설,수련시설,14
03000,제1종근린생활시설,보관창고,14
22000,분뇨.쓰레기처리시설,오수중계펌프장,14
17000,공장,쇼트장,14
04000,제2종근린생활시설,국내산농수산물가공처리시설,14
15000,숙박시설,이용원,14
14000,업무시설,변전실,14
05000,문화및집회시설,회관,14
10000,교육연구시설,기타학교,14
02000,공동주택,경비실5,14
10000,교육연구시설,체력단련실,14
02000,공동주택,c,14
01000,단독주택,17실,14
16000,위락시설,무도유흥음식점,14
01000,단독주택,단독주택및사무실,14
21000,동물및식물관련시설,관광휴게시설,14
09000,의료시설,경비실,14
09000,의료시설,직원숙소,14
10000,교육연구시설,향교,14
01000,단독주택,15실,14
10000,교육연구시설,체육시설,14
21000,동물및식물관련시설,동물관리시설,14
Z5000,문화및집회시설,수녀원,14
21000,동물및식물관련시설,발효사,14
02000,공동주택,전기실외,14
01000,단독주택,근생및다가구,14
18000,창고시설,창고동,14
19000,위험물저장및처리시설,위험물저정및처리시설,14
07000,판매시설,공조실,14
Z8000,교육연구및복지시설,교육연구및,14
10000,교육연구시설,목공실,14
27000,관광휴게시설,관광,14
17000,공장,복합화력발전소,14
07000,판매시설,부대편익시설,14
17000,공장,부속실,14
02000,공동주택,생활체육시설,14
17000,공장,냉동,14
10000,교육연구시설,노인복지시설,14
Z5000,문화및집회시설,관람집회시설,14
04000,제2종근린생활시설,근린생활시설3,14
23000,교정및군사시설,종교시설,14
02000,공동주택,18,14
31000,야영장시설,제2종근린생활시설,14
Z8000,교육연구및복지시설,강당,14
01000,단독주택,벌크,14
03000,제1종근린생활시설,제종근린생활시설,14
18000,창고시설,벼,14
04000,제2종근린생활시설,2종근린생활시설및다가구주택,14
01000,단독주택,단독주택다가구주택,14
01000,단독주택,농가용주택및,14
21000,동물및식물관련시설,전복양식장,14
19000,위험물저장및처리시설,유류고,14
03000,제1종근린생활시설,마을공동농기계창고,14
04000,제2종근린생활시설,파고라,14
03000,제1종근린생활시설,상가동,14
17000,공장,유류창고,14
21000,동물및식물관련시설,2동,13
05000,문화및집회시설,공장,13
19000,위험물저장및처리시설,자동차,13
04000,제2종근린생활시설,원사,13
15000,숙박시설,세탁실,13
03000,제1종근린생활시설,한문학원,13
03000,제1종근린생활시설,게이트볼장,13
06000,종교시설,문화시설,13
03000,제1종근린생활시설,감시초소,13
02000,공동주택,클린하우스,13
21000,동물및식물관련시설,발전시설,13
10000,교육연구시설,공공업무시설,13
19000,위험물저장및처리시설,유독물저장소,13
17000,공장,8,13
,,전기실,13
04000,제2종근린생활시설,제1종근린생할시설,13
17000,공장,식품제조업,13
,,주유소,13
Z8000,교육연구및복지시설,급식소,13
10000,교육연구시설,숙사,13
04000,제2종근린생활시설,복도,13
02000,공동주택,보관시설,13
02000,공동주택,복합커뮤니티센터,13
07000,판매시설,3,13
04000,제2종근린생활시설,감말랭이작업장,13
01000,단독주택,기와,13
01000,단독주택,문,13
16000,위락시설,고객지원,13
10000,교육연구시설,생,13
03000,제1종근린생활시설,변소및창고,13
01000,단독주택,다가구용단독주택및,13
04000,제2종근린생활시설,식품제조,13
08000,운수시설,검수고,13
01000,단독주택,주택및식당,13
01000,단독주택,다가구4가구용,13
,,사,13
04000,제2종근린생활시설,정육점,13
02000,공동주택,공동세탁장,13
03000,제1종근린생활시설,차고지,13
02000,공동주택,문화교실,13
21000,동물및식물관련시설,가축분뇨처리시설,13
10000,교육연구시설,연구,13
04000,제2종근린생활시설,제연휀룸,13
13000,운동시설,풋살장,13
01000,단독주택,1동,13
26000,묘지관련시설,화장장,13
01000,단독주택,건강원,13
17000,공장,식품제조,13
23000,교정및군사시설,숙소,13
21000,동물및식물관련시설,퇴비사및,13
10000,교육연구시설,수영장,13
17000,공장,단무지공장,13
09000,의료시설,주차타워,13
19000,위험물저장및처리시설,제1종,13
17000,공장,시멘트분쇄실,13
03000,제1종근린생활시설,전기차충전소,13
05000,문화및집회시설,휴게실,13
14000,업무시설,주민운동시설,13
Z3000,근린생활시설,보일러실,13
20000,자동차관련시설,열교환실,13
03000,제1종근린생활시설,마을금고,13
11000,노유자시설,작업장,13
01000,단독주택,가족실,13
23000,교정및군사시설,관리사무소,13
04000,제2종근린생활시설,주차관리실,13
14000,업무시설,어린이집,13
10000,교육연구시설,대피소,13
04000,제2종근린생활시설,사무소및소매점,13
11000,노유자시설,유료노인복지주택,13
19000,위험물저장및처리시설,전기실,13
20000,자동차관련시설,숙직실,13
10000,교육연구시설,교육연구및복지시설외1,13
27000,관광휴게시설,간이원두막,13
32000,교정시설,구치소,13
19000,위험물저장및처리시설,위험물저장및판매시설,13
01000,단독주택,단독주택및일반음식점,13
21000,동물및식물관련시설,공동축사,13
03000,제1종근린생활시설,정자각,13
17000,공장,연결복도,13
17000,공장,소화펌프실,13
05000,문화및집회시설,정문,13
02000,공동주택,주민자치센터,13
07000,판매시설,의원,13
14000,업무시설,주거시설,13
01000,단독주택,축사및,13
23000,교정및군사시설,사무실,13
02000,공동주택,놀이터,13
01000,단독주택,작업소,13
18000,창고시설,공동주택,13
01000,단독주택,제1종근리생활시설,13
20000,자동차관련시설,강의실,13
02000,공동주택,부속시설,13
19000,위험물저장및처리시설,부대시설,13
18000,창고시설,소금창고,13
01000,단독주택,농촌문화주택,13
01000,단독주택,주택외2용도,13
03000,제1종근린생활시설,공공화장실,13
17000,공장,정문경비실,13
04000,제2종근린생활시설,강의실,13
03000,제1종근린생활시설,고시원,13
14000,업무시설,작은도서관,13
29000,장례시설,제1종근린생활시설,13
21000,동물및식물관련시설,가축퇴비사,13
20000,자동차관련시설,샤워실,13
18000,창고시설,장비고,13
17000,공장,수산물가공시설,13
03000,제1종근린생활시설,건축자재판매점,13
17000,공장,배합실,13
05000,문화및집회시설,3,13
13000,운동시설,점포,13
04000,제2종근린생활시설,공양간,13
01000,단독주택,제2종근린생활시설외1용도,13
18000,창고시설,과일저온저장창고,13
10000,교육연구시설,제2종,13
Z3000,근린생활시설,휴게실,13
17000,공장,벽돌공장,13
10000,교육연구시설,유류저장고,13
13000,운동시설,관리사무소,13
10000,교육연구시설,초소,13
17000,공장,적치장,13
,,숙직실,13
Z3000,근린생활시설,회관,13
17000,공장,피,13
02000,공동주택,아파트19세대,13
17000,공장,종업원숙소,13
17000,공장,차양,13
19000,위험물저장및처리시설,유독물,13
18000,창고시설,곡물건조기,13
04000,제2종근린생활시설,환경위생시설,13
05000,문화및집회시설,부속시설,13
17000,공장,m,13
21000,동물및식물관련시설,가축사,13
17000,공장,그라비아인쇄업,13
18000,창고시설,외1건,13
02000,공동주택,외부e,13
13000,운동시설,사격장,13
05000,문화및집회시설,내삼문,13
18000,창고시설,퇴비저장시설,13
03000,제1종근린생활시설,커피숍,13
08000,운수시설,공항,13
04000,제2종근린생활시설,변전실,13
17000,공장,연사제조및기타방적업,13
21000,동물및식물관련시설,주거시설,13
03000,제1종근린생활시설,교환실,13
Z8000,교육연구및복지시설,수위실,13
03000,제1종근린생활시설,보이러실,13
01000,단독주택,대상자,13
04000,제2종근린생활시설,세면장,13
04000,제2종근린생활시설,제2종근린생활시설외3,13
18000,창고시설,농업용저온저장창고,13
12000,수련시설,식당,13
04000,제2종근린생활시설,제2종근린생,13
20000,자동차관련시설,자동차관련,13
01000,단독주택,강습소,13
03000,제1종근린생활시설,점포및제2종근린생활시설,13
10000,교육연구시설,근린생활,13
17000,공장,제품보관창고,13
03000,제1종근린생활시설,연구소,13
01000,단독주택,취사장,13
03000,제1종근린생활시설,제1종근린생화시설,13
01000,단독주택,주점,13
18000,창고시설,농기계수리소,13
08000,운수시설,자동차관련시설,13
17000,공장,철문및관련제품제조업,13
Z9000,공공용시설,정수장,13
13000,운동시설,직원숙소,13
Z8000,교육연구및복지시설,연구소,13
13000,운동시설,제2종근생,13
04000,제2종근린생활시설,구매,13
21000,동물및식물관련시설,버섯사,13
17000,공장,가스보관소,13
23000,교정및군사시설,경계초소,13
21000,동물및식물관련시설,사료보관용,13
17000,공장,금속문및관련제품제조업,13
17000,공장,보관장,13
Z3000,근린생활시설,위험물저장및처리시설,13
02000,공동주택,단지형다세대14세대,13
17000,공장,2종,13
06000,종교시설,교회교육관,13
18000,창고시설,건축자재창고,13
,,다세대주택,13
02000,공동주택,비상발전기실,13
14000,업무시설,피트니스,13
03000,제1종근린생활시설,상수도가압장,13
03000,제1종근린생활시설,분뇨및쓰레기처리시설,13
07000,판매시설,생활편익시설,13
10000,교육연구시설,정화조,13
02000,공동주택,쓰레기처리장,13
04000,제2종근린생활시설,일반목재가구제조업,13
17000,공장,소방밸브조작소,13
19000,위험물저장및처리시설,위험물저장시설및처리시설,13
17000,공장,물품창고,13
02000,공동주택,택배실,13
04000,제2종근린생활시설,이발소,13
17000,공장,수산물,13
04000,제2종근린생활시설,공공시설,13
03000,제1종근린생활시설,미용소,13
04000,제2종근린생활시설,근린생황시설,13
01000,단독주택,다가구4세대,13
02000,공동주택,26세대,13
01000,단독주택,태권도장,13
Z9000,공공용시설,취수,13
04000,제2종근린생활시설,전기,13
02000,공동주택,우수저수조,13
01000,단독주택,계단,13
10000,교육연구시설,교원사택,13
17000,공장,plant,13
27000,관광휴게시설,관리실,13
03000,제1종근린생활시설,숙박,13
03000,제1종근린생활시설,우체국사무실,13
03000,제1종근린생활시설,제1종근린새활시설,13
02000,공동주택,아파트및업무시설,13
02000,공동주택,영유아보육시설,13
14000,업무시설,사택,13
17000,공장,생산동,13
11000,노유자시설,대피소,13
18000,창고시설,농업,13
Z5000,문화및집회시설,산신각,13
03000,제1종근린생활시설,급수장,13
21000,동물및식물관련시설,양성화,13
31000,야영장시설,세척실,13
Z6000,판매및영업시설,시장,13
18000,창고시설,건조,13
21000,동물및식물관련시설,그늘막,13
06000,종교시설,교당,13
05000,문화및집회시설,관리실,13
17000,공장,회관,13
02000,공동주택,직원사택,13
01000,단독주택,단독주택및차고,13
04000,제2종근린생활시설,종실,13
18000,창고시설,목욕탕,13
06000,종교시설,경비실,13
01000,단독주택,제2종린생활시설,13
19000,위험물저장및처리시설,주유소및사무실,13
04000,제2종근린생활시설,제2종근린생활시설제2종근린생활시설,13
16000,위락시설,여관,13
03000,제1종근린생활시설,3층,13
02000,공동주택,실내주민운동시설,13
03000,제1종근린생활시설,조산소,13
18000,창고시설,학교,13
16000,위락시설,매표소,13
17000,공장,피로티,13
,,산신각,13
06000,종교시설,비각,13
03000,제1종근린생활시설,체육시설,13
14000,업무시설,복지시설,13
02000,공동주택,여성공동시설,13
03000,제1종근린생활시설,제1종근린생활시설외3,13
22000,분뇨.쓰레기처리시설,계분장,13
01000,단독주택,온돌방,13
05000,문화및집회시설,관리소,13
10000,교육연구시설,비가림시설,13
03000,제1종근린생활시설,면청사,13
02000,공동주택,공동육아방,13
19000,위험물저장및처리시설,위험물보관창고,13
10000,교육연구시설,숙박시설,13
04000,제2종근린생활시설,근린생활시설및부속사,13
30000,자원순환관련시설,자원순화관련시설,13
18000,창고시설,농업관련시설,13
17000,공장,구동부,13
10000,교육연구시설,학교교실,13
15000,숙박시설,숙박업소,13
03000,제1종근린생활시설,보일라실,13
02000,공동주택,지하코아,13
18000,창고시설,표준설계,13
18000,창고시설,관리용건축물,13
17000,공장,시설,13
19000,위험물저장및처리시설,위험물처리및,13
16000,위락시설,영업,13
03000,제1종근린생활시설,근린생활시설및다가구용단독주택,13
16000,위락시설,근생,13
02000,공동주택,직원숙소,13
04201,교회,교회,13
02000,공동주택,지하주차장4,13
15000,숙박시설,숙박시설및제2종근린생활시설,13
01000,단독주택,경량철골조,13
01000,단독주택,관리사택,13
13000,운동시설,비영리실외체육시설,13
03000,제1종근린생활시설,일반유흥,13
17000,공장,f,13
04000,제2종근린생활시설,농수산물가공시설,13
01000,단독주택,화장실및,13
13000,운동시설,위락시설,13
17000,공장,유류저장소,13
02000,공동주택,1용도,13
05000,문화및집회시설,제1종,13
18000,창고시설,경노당,13
17000,공장,rt,13
04000,제2종근린생활시설,9세대,13
16000,위락시설,영업용,13
03000,제1종근린생활시설,문화집회시설,13
03000,제1종근린생활시설,기관실,13
10000,교육연구시설,유아원,13
16000,위락시설,외3,13
21000,동물및식물관련시설,약품보관실,13
17000,공장,일반목재가구제조,13
02000,공동주택,쓰레기분리수거함,13
05000,문화및집회시설,옥외화장실,13
27000,관광휴게시설,관리사,13
06000,종교시설,수양관,13
03000,제1종근린생활시설,청소년전자유기장,13
30000,자원순환관련시설,분뇨쓰레기처리시설,13
21000,동물및식물관련시설,비육돈사,13
18000,창고시설,일반업무시설,13
02000,공동주택,2용도,13
04000,제2종근린생활시설,지역아동센터,12
21000,동물및식물관련시설,액비저장소,12
04000,제2종근린생활시설,합숙소,12
26000,묘지관련시설,및,12
17000,공장,수산물가공,12
18000,창고시설,저온창고및작업장,12
15000,숙박시설,제1종근생,12
02000,공동주택,여성공동작업실,12
03000,제1종근린생활시설,통로,12
04000,제2종근린생활시설,계사,12
10000,교육연구시설,교무실,12
18000,창고시설,농어업용,12
18000,창고시설,주택외,12
21000,동물및식물관련시설,콩나물재배,12
02000,공동주택,용역원대기실,12
07000,판매시설,종교시설,12
04100,운동시설,운동시설,12
17000,공장,기타곡물가공품제조업,12
30000,자원순환관련시설,외부계단실,12
18000,창고시설,창고및농가주택,12
01000,단독주택,다구구용단독주택,12
,,저장고,12
14000,업무시설,단지형,12
22000,분뇨.쓰레기처리시설,작업장,12
01000,단독주택,견사,12
01000,단독주택,건조기사,12
02000,공동주택,3개소,12
21000,동물및식물관련시설,3,12
04000,제2종근린생활시설,전자유기장,12
13000,운동시설,물탱크실,12
15000,숙박시설,일반,12
04000,제2종근린생활시설,주택1가구,12
04000,제2종근린생활시설,점포및,12
01000,단독주택,단독택,12
26000,묘지관련시설,제2종근린생활시설,12
13000,운동시설,족구장,12
17000,공장,전기판넬실,12
18000,창고시설,임산물창고,12
17000,공장,소성실,12
17000,공장,비료공장,12
04000,제2종근린생활시설,정수장,12
02000,공동주택,정보문화실,12
22000,분뇨.쓰레기처리시설,송풍기동,12
01000,단독주택,휴게공간,12
18000,창고시설,창고시설외1용도,12
10000,교육연구시설,일반견사,12
03000,제1종근린생활시설,제1종근린생활시설외2용도,12
01000,단독주택,단독주택8가구용,12
17000,공장,공장및창고시설,12
01000,단독주택,정주권주택,12
06000,종교시설,누각,12
01000,단독주택,미용소,12
03000,제1종근린생활시설,구매및생활시설,12
03000,제1종근린생활시설,공공,12
03000,제1종근린생활시설,집수정,12
17000,공장,w,12
04000,제2종근린생활시설,주민공동시설,12
04000,제2종근린생활시설,교회및주택,12
22000,분뇨.쓰레기처리시설,탈수기동,12
04000,제2종근린생활시설,기사대기실,12
10000,교육연구시설,박물관,12
01000,단독주택,건물,12
03000,제1종근린생활시설,8가구,12
24000,방송통신시설,이동통신기지국,12
01000,단독주택,부속실,12
27000,관광휴게시설,파고라,12
18000,창고시설,과수,12
11000,노유자시설,주간보호시설,12
17000,공장,사무실동,12
03000,제1종근린생활시설,급수시설,12
01000,단독주택,다가구14가구,12
04000,제2종근린생활시설,농산물가공업소,12
17000,공장,농수산물가공,12
22000,분뇨.쓰레기처리시설,돈분장,12
17000,공장,가스창고,12
01000,단독주택,주택및근린,12
04000,제2종근린생활시설,관광농원,12
02000,공동주택,원룸형12세대,12
21000,동물및식물관련시설,양봉장,12
13000,운동시설,숙박시설,12
12000,수련시설,샤워장,12
06000,종교시설,봉안당,12
01000,단독주택,외사,12
03000,제1종근린생활시설,주거,12
04000,제2종근린생활시설,부엌,12
09000,의료시설,주차관리실,12
02000,공동주택,철근콘크리트조,12
06000,종교시설,정각,12
JY,,주택,12
06000,종교시설,다용도실,12
17000,공장,방사동,12
21000,동물및식물관련시설,부속퇴비사,12
19000,위험물저장및처리시설,주유소및근린생활시설,12
18000,창고시설,공동보관창고,12
06000,종교시설,교회및주택,12
18000,창고시설,농가용주택및창고,12
06000,종교시설,관람집회시설,12
17000,공장,정압기실,12
14000,업무시설,영업시설,12
Z6000,판매및영업시설,운수시설,12
21000,동물및식물관련시설,톱밥발효사,12
21000,동물및식물관련시설,제2종근생,12
02000,공동주택,제2종근린생활시설및공동주택,12
14000,업무시설,16세대,12
01000,단독주택,단독주택및제2종근생,12
04000,제2종근린생활시설,기타목재가구제조업,12
02000,공동주택,청년카페,12
01000,단독주택,원룸,12
13000,운동시설,운동장시설,12
17000,공장,화약고,12
18000,창고시설,공동집하장,12
02000,공동주택,연립형,12
04000,제2종근린생활시설,농협,12
17000,공장,주조공장,12
03000,제1종근린생활시설,야외화장실,12
01000,단독주택,다가구주택17가구,12
06000,종교시설,1종근린생활시설,12
01000,단독주택,단족주택,12
22000,분뇨.쓰레기처리시설,재활용시설,12
22000,분뇨.쓰레기처리시설,도시계획시설,12
13000,운동시설,리프트운전실,12
03000,제1종근린생활시설,다가구주택및,12
03000,제1종근린생활시설,동사,12
,,정자,12
03000,제1종근린생활시설,오수처리장,12
22000,분뇨.쓰레기처리시설,퇴비장,12
04000,제2종근린생활시설,지역특산물가공판매장,12
01000,단독주택,단독구택,12
16000,위락시설,제2종,12
04000,제2종근린생활시설,식육점,12
17000,공장,n,12
02000,공동주택,빗물저수조관리층,12
15000,숙박시설,생활형,12
17000,공장,측정실,12
05000,문화및집회시설,보일러실,12
21000,동물및식물관련시설,임신사,12
04000,제2종근린생활시설,장의사,12
01000,단독주택,근린및다가구주택,12
19000,위험물저장및처리시설,판매취급소,12
04000,제2종근린생활시설,기술계강습소,12
01000,단독주택,체육도장,12
18000,창고시설,창고및작업장,12
21000,동물및식물관련시설,퇴비실,12
10000,교육연구시설,초등,12
20000,자동차관련시설,자동차관련시설및근린생활시설,12
10000,교육연구시설,회의실,12
03000,제1종근린생활시설,공공사무소,12
16000,위락시설,무도장,12
18000,창고시설,버섯재배사,12
14000,업무시설,8호,12
01000,단독주택,농기구보관소,12
21000,동물및식물관련시설,계,12
04000,제2종근린생활시설,굴박신장,12
,,다방,12
19000,위험물저장및처리시설,위험물판매시설,12
03000,제1종근린생활시설,민원실,12
06000,종교시설,지역아동센터,12
03000,제1종근린생활시설,간이휴게소,12
25000,발전시설,태양광,12
03000,제1종근린생활시설,관광숙박시설,12
26000,묘지관련시설,사무실,12
01000,단독주택,농산물보관,12
12000,수련시설,청소년수련생활관,12
01000,단독주택,상여집,12
03000,제1종근린생활시설,단독주택및제1종근린생활시설,12
06000,종교시설,종교시설외,12
01000,단독주택,다가구14,12
13000,운동시설,관리사무실,12
03000,제1종근린생활시설,간이화장실,12
17000,공장,물품가공공장,12
01000,단독주택,아동관련시설,12
15000,숙박시설,의원,12
03000,제1종근린생활시설,부대복리시설,12
19000,위험물저장및처리시설,가스창고,12
02000,공동주택,공급실,12
11000,노유자시설,판매시설,12
02000,공동주택,국민주택,12
14000,업무시설,신문사,12
01000,단독주택,정침,12
04000,제2종근린생활시설,가공처리시설,12
18000,창고시설,일반창고시설,12
24000,방송통신시설,통신,12
14000,업무시설,골프연습장,12
02000,공동주택,주민지원시설,12
17000,공장,인쇄소,12
17000,공장,정압실,12
04000,제2종근린생활시설,기계식주차장,12
17000,공장,사이로,12
02000,공동주택,동아리실,12
08000,운수시설,운전보완시설,12
18000,창고시설,농수산물저온저장고,12
04000,제2종근린생활시설,임시사무실,12
01000,단독주택,어업인주택,12
01000,단독주택,임시가설건축물,12
21000,동물및식물관련시설,액비탱크,12
06000,종교시설,본당,12
04000,제2종근린생활시설,지하대피소,12
04000,제2종근린생활시설,경정비,12
17000,공장,연사제조업,12
15000,숙박시설,근생시설,12
10000,교육연구시설,스탠드,12
02000,공동주택,15가구,12
19000,위험물저장및처리시설,제1종근생,12
18000,창고시설,행랑,12
10000,교육연구시설,과학실,12
18000,창고시설,판매장,12
17000,공장,자동차부품,12
17000,공장,7,12
06000,종교시설,목욕탕,12
17000,공장,세차장,12
01000,단독주택,축사및주택,12
04000,제2종근린생활시설,창고및,12
04000,제2종근린생활시설,및제1종근린생활시설,12
04000,제2종근린생활시설,녹차가공시설,12
21000,동물및식물관련시설,축사건물,12
04000,제2종근린생활시설,농기구수리센터,12
01000,단독주택,주택및음식점,12
Z5000,문화및집회시설,기도원,12
02000,공동주택,철근콘크리트,12
10000,교육연구시설,교육연구훈련시설,12
,,농산물간이집하장,12
04000,제2종근린생활시설,외4,12
18000,창고시설,농수산물집하장,12
10000,교육연구시설,교사1호동,12
18000,창고시설,염전,12
17000,공장,하치장,12
04000,제2종근린생활시설,화장실및창고,12
21000,동물및식물관련시설,개사,12
06000,종교시설,대피소,12
11000,노유자시설,부속,12
03000,제1종근린생활시설,놀이방,12
04000,제2종근린생활시설,교양실,12
02000,공동주택,정화조점검층,12
01000,단독주택,유류판매취급소,12
04000,제2종근린생활시설,a동,12
04000,제2종근린생활시설,사무소및,12
21000,동물및식물관련시설,축사관련시설,12
02000,공동주택,전기실등,12
11000,노유자시설,연결통로,12
18000,창고시설,농림수산물간이집하장,12
13000,운동시설,제1종,12
03000,제1종근린생활시설,중계소,12
14000,업무시설,유흥음식점,12
01000,단독주택,담배건조실,12
09000,의료시설,영안실,12
27000,관광휴게시설,샤워실,12
04000,제2종근린생활시설,제1종및,12
Z3000,근린생활시설,종교시설,12
17000,공장,연탄공장,12
02000,공동주택,우수저류조펌프실,12
19000,위험물저장및처리시설,및처리시설,12
21000,동물및식물관련시설,동물및식물관려시설,12
18000,창고시설,옥외화장실,12
03000,제1종근린생활시설,지하수관측소,12
Z6000,판매및영업시설,항만시설,12
13000,운동시설,실내마장,12
13000,운동시설,관리시설,12
17000,공장,기숙사동,12
03000,제1종근린생활시설,의원및주택,12
20000,자동차관련시설,관리사,12
03000,제1종근린생활시설,체육장,12
04000,제2종근린생활시설,6,12
02000,공동주택,102동,12
17000,공장,공구창고,12
01000,단독주택,농산물건조장,12
13000,운동시설,기사대기실,12
,,회관,12
01000,단독주택,및소매점,12
03000,제1종근린생활시설,통신용기계실,12
04000,제2종근린생활시설,사무소및단독주택,12
04000,제2종근린생활시설,일반음식점및창고,12
03000,제1종근린생활시설,새마을복지회관,12
04000,제2종근린생활시설,근린생활시설및판매시설,12
,,지하주차장,12
21000,동물및식물관련시설,돈사및관리사,12
02000,공동주택,정화조계단실,12
01000,단독주택,노인정,12
Z3000,근린생활시설,농가주택,12
01000,단독주택,우체국,12
02000,공동주택,방과후돌봄교실,12
,,도정공장,12
07000,판매시설,금융업소,12
01000,단독주택,농업,12
02000,공동주택,부출입구,12
01000,단독주택,사,12
17000,공장,야적창고,12
01000,단독주택,행랑채,12
18000,창고시설,과수창고,12
18000,창고시설,마늘건가시설,12
04000,제2종근린생활시설,그린생활시설,12
18000,창고시설,밧데리보관용,12
03000,제1종근린생활시설,새마을공동창고,12
04000,제2종근린생활시설,근린생활시설및노유자시설,12
01000,단독주택,태양열,12
01000,단독주택,다가구주택및1종근린생활시설,12
33000,"국방,군사시설",훈련시설,12
21000,동물및식물관련시설,샤워실,12
02000,공동주택,사원용연립주택,12
17000,공장,고가수조,12
02000,공동주택,다세대1세대,12
03000,제1종근린생활시설,하수종말처리장,12
29000,장례시설,근린생활시설,12
14000,업무시설,오피스텔및도시형생활주택,12
24000,방송통신시설,자동교환장치기계실,12
02000,공동주택,인터넷실,12
04000,제2종근린생활시설,카페,12
21000,동물및식물관련시설,관리사무소,12
06000,종교시설,문화및집회시설외,12
25000,발전시설,공공용시설,12
17000,공장,전자변성기,12
03000,제1종근린생활시설,지하저수조,12
02000,공동주택,동경비실,12
03000,제1종근린생활시설,1종근린생활시설및주택,12
03000,제1종근린생활시설,소매점및창고,12
02000,공동주택,부속사,12
17000,공장,수소저장소,12
Z5000,문화및집회시설,제2종근린생활시설,12
01000,단독주택,제1종근린시설,12
27000,관광휴게시설,야외음악당,12
06000,종교시설,회의실,12
01000,단독주택,근린새활시설,12
Z3000,근린생활시설,관리실,12
17000,공장,제분업,12
03000,제1종근린생활시설,공동취사장,12
03000,제1종근린생활시설,공원시설,12
02000,공동주택,저장소,12
02000,공동주택,관리실및노인정,12
03000,제1종근린생활시설,공원관리사무소,12
03000,제1종근린생활시설,근린샐활시설,12
02000,공동주택,다세주택,12
02000,공동주택,지하창고,12
17000,공장,3열연공장,12
Z3000,근린생활시설,건조장,12
17000,공장,세폭직물제조업,12
17000,공장,소화약제실,12
15000,숙박시설,지하,12
03000,제1종근린생활시설,석유판매소,12
01000,단독주택,지역아동센터,12
19000,위험물저장및처리시설,g,12
02000,공동주택,다목적강당,12
19000,위험물저장및처리시설,2,12
18000,창고시설,농산물공동수집장,12
18000,창고시설,야적창고,12
11000,노유자시설,아동관련,12
Z3000,근린생활시설,연립주택,12
03000,제1종근린생활시설,주택외1,12
17000,공장,공정동,12
02000,공동주택,공해공장,12
21000,동물및식물관련시설,톱밥창고,12
20000,자동차관련시설,위락시설,12
21000,동물및식물관련시설,과수원,12
03000,제1종근린생활시설,시장장옥,12
01000,단독주택,근린생활시설및단독주택4가구용,12
18000,창고시설,곡간,12
03000,제1종근린생활시설,상수도관리사,12
10000,교육연구시설,유리온실,12
18000,창고시설,기타시설,12
18000,창고시설,사무동,12
18000,창고시설,창고및보일러실,12
02000,공동주택,diy실,11
01000,단독주택,생및단독주택,11
08000,운수시설,판매시설,11
04000,제2종근린생활시설,및다가구주택,11
02000,공동주택,101동,11
04000,제2종근린생활시설,4층,11
02000,공동주택,36세대,11
21000,동물및식물관련시설,발효실,11
21000,동물및식물관련시설,방,11
16000,위락시설,1종근린생활시설,11
04000,제2종근린생활시설,실외기실,11
02000,공동주택,도시형단지형다세대,11
03000,제1종근린생활시설,정수장관리사,11
11000,노유자시설,관사,11
04000,제2종근린생활시설,전자오락실,11
17000,공장,약품실,11
18000,창고시설,창고및우사,11
15000,숙박시설,숙박시설및위락시설,11
04000,제2종근린생활시설,단독주택외2,11
19000,위험물저장및처리시설,저장창고,11
17000,공장,방재창고,11
14000,업무시설,4,11
17000,공장,충전장,11
,,노유자시설,11
18000,창고시설,발전기실,11
01000,단독주택,경노당,11
03000,제1종근린생활시설,부락공동창고,11
15000,숙박시설,대중목욕탕,11
03000,제1종근린생활시설,잎담배,11
14000,업무시설,주민자치센터,11
15000,숙박시설,및근린생활시설,11
01000,단독주택,단,11
18000,창고시설,영업,11
02000,공동주택,지하계단실,11
08000,운수시설,도시철도,11
17000,공장,설비실,11
01000,단독주택,약방,11
24000,방송통신시설,기지국,11
04000,제2종근린생활시설,수산물가공공장,11
18000,창고시설,수산물건조장,11
17000,공장,침구및관련제품제조업,11
01000,단독주택,단독주택및동물관련시설,11
25000,발전시설,양수장,11
04000,제2종근린생활시설,제2종근린생활시설및자동차관련시설,11
,,물치장,11
02000,공동주택,발전요원숙소,11
04000,제2종근린생활시설,대중음식점및주택,11
07000,판매시설,변소,11
18000,창고시설,물류보관창고,11
17000,공장,현장대기실,11
01000,단독주택,서원,11
13000,운동시설,실내골프연습장,11
10000,교육연구시설,제1종근생,11
18000,창고시설,온실,11
03000,제1종근린생활시설,동물병원,11
21000,동물및식물관련시설,조류사,11
Z8000,교육연구및복지시설,대학교,11
27000,관광휴게시설,주택,11
17000,공장,가공목재생산업,11
03000,제1종근린생활시설,의료,11
21000,동물및식물관련시설,돈사및퇴비사,11
01000,단독주택,부속용도,11
18000,창고시설,근린생활시설및창고,11
02000,공동주택,공동아파트,11
Z5000,문화및집회시설,전시시설,11
Z3000,근린생활시설,수리점,11
04000,제2종근린생활시설,농가창고,11
04000,제2종근린생활시설,파출소,11
18000,창고시설,1건,11
20000,자동차관련시설,차동차관련시설,11
21000,동물및식물관련시설,관리사무실,11
01000,단독주택,근린생활및단독주택,11
21000,동물및식물관련시설,양봉시설,11
02000,공동주택,2종근린생활시설및다세대주택,11
01000,단독주택,종각,11
06000,종교시설,납골당,11
17000,공장,작업소,11
17000,공장,물치,11
04000,제2종근린생활시설,수리센타,11
25000,발전시설,열병합발전소,11
18000,창고시설,품질관리실,11
01000,단독주택,교원사택,11
10000,교육연구시설,교육연구시설외2,11
22000,분뇨.쓰레기처리시설,분료및쓰레기처리시설,11
06000,종교시설,성전,11
10000,교육연구시설,병설유치원,11
13000,운동시설,골프장부대시설,11
19000,위험물저장및처리시설,관리동,11
03000,제1종근린생활시설,소방관파출소,11
01000,단독주택,物,11
13000,운동시설,의,11
10000,교육연구시설,근린생활시설및교육연구시설,11
04000,제2종근린생활시설,무도장,11
07000,판매시설,운동,11
06000,종교시설,생활관,11
02000,공동주택,입주자대표회의실,11
07000,판매시설,제2종근생,11
02000,공동주택,소화약제실,11
03000,제1종근린생활시설,소극장,11
04000,제2종근린생활시설,농업생산,11
01000,단독주택,근린생활지역,11
01000,단독주택,주택및영업,11
10000,교육연구시설,경륜훈련원,11
05000,문화및집회시설,볼링장,11
01000,단독주택,일반주택및창고,11
01000,단독주택,취락주택,11
02000,공동주택,공공임대아파트,11
03000,제1종근린생활시설,대피시설,11
05000,문화및집회시설,전기실,11
03000,제1종근린생활시설,3세대,11
11000,노유자시설,새마을회관,11
04000,제2종근린생활시설,과자제조업,11
17000,공장,식품,11
03000,제1종근린생활시설,서점,11
14000,업무시설,근,11
19000,위험물저장및처리시설,관련시설,11
04000,제2종근린생활시설,일반주택,11
04000,제2종근린생활시설,동재,11
17000,공장,지하대피소,11
02000,공동주택,알람밸브실,11
21000,동물및식물관련시설,분만실,11
22000,분뇨.쓰레기처리시설,교육연구시설,11
03000,제1종근린생활시설,제1종근린시설,11
10000,교육연구시설,학생기숙사,11
19000,위험물저장및처리시설,위험물옥외저장소,11
09000,의료시설,공공용시설,11
03000,제1종근린생활시설,국가공공시설물,11
05000,문화및집회시설,문화및집회시설외1,11
01000,단독주택,단독주택및축사,11
23000,교정및군사시설,위병면회실,11
01000,단독주택,다가구12,11
19000,위험물저장및처리시설,자동세차기,11
03000,제1종근린생활시설,탈수기동,11
30000,자원순환관련시설,사무동,11
02000,공동주택,원룸형11세대,11
Z8000,교육연구및복지시설,경노당,11
02000,공동주택,여성공동작업장,11
18000,창고시설,창고및건조장,11
23000,교정및군사시설,망루,11
17000,공장,농수산물,11
05000,문화및집회시설,서원,11
02000,공동주택,경사로,11
02000,공동주택,동호인실,11
03000,제1종근린생활시설,약방,11
02000,공동주택,헬스,11
01000,단독주택,건가시설,11
17000,공장,silo,11
17000,공장,전기,11
21000,동물및식물관련시설,숙직실,11
10000,교육연구시설,제조업소,11
03000,제1종근린생활시설,일반점포,11
03000,제1종근린생활시설,우체국사,11
20000,자동차관련시설,차량정비고,11
18000,창고시설,교육연구,11
21000,동물및식물관련시설,사료저장고,11
02000,공동주택,쓰레기집적소,11
04000,제2종근린생활시설,장식용목제품제조업,11
06000,종교시설,회,11
01000,단독주택,가정보육시설,11
21000,동물및식물관련시설,축사및변소,11
23000,교정및군사시설,국방및군사시설,11
33000,"국방,군사시설",국방및군사시설,11
29000,장례시설,부속창고,11
14000,업무시설,근린생활시설및,11
18000,창고시설,마을공동농기계창고,11
01000,단독주택,이가,11
31000,야영장시설,부속창고,11
Z5000,문화및집회시설,교육연구및복지시설,11
02000,공동주택,및오피스텔,11
02000,공동주택,원룸형13세대,11
17000,공장,analyzer,11
Z6000,판매및영업시설,창고,11
02000,공동주택,104동,11
05000,문화및집회시설,대문,11
04000,제2종근린생활시설,소화펌프실,11
01000,단독주택,근린생활시설및다가구용주택,11
21000,동물및식물관련시설,냉동실,11
01000,단독주택,보일러실및대피소,11
17000,공장,lpg저장소,11
21000,동물및식물관련시설,검정계사,11
24000,방송통신시설,제1,11
03000,제1종근린생활시설,관련시설,11
19000,위험물저장및처리시설,고압가스충전저장소,11
Z8000,교육연구및복지시설,교사동,11
06000,종교시설,문간,11
03000,제1종근린생활시설,제1종근린,11
10000,교육연구시설,가스저장고,11
14000,업무시설,무기고,11
01000,단독주택,다가구12가구,11
01000,단독주택,주택가옥,11
23000,교정및군사시설,기타교정및군사시설,11
18000,창고시설,농산물간이,11
23000,교정및군사시설,내무반,11
04000,제2종근린생활시설,주택및근생,11
18000,창고시설,위험물저장창고,11
02000,공동주택,학습관,11
21000,동물및식물관련시설,육성사,11
02000,공동주택,근로복지관,11
02000,공동주택,지하주차장연결통로,11
04000,제2종근린생활시설,차고지,11
06000,종교시설,제1종근생,11
01000,단독주택,제2종근린생화시설,11
02000,공동주택,주민교육시설,11
17000,공장,급식소,11
10000,교육연구시설,옥외화장실,11
25000,발전시설,1,11
21000,동물및식물관련시설,농산물간이집하장,11
23000,교정및군사시설,훈련,11
11000,노유자시설,어린이숙사,11
18000,창고시설,장비창고,11
10000,교육연구시설,체험장,11
22000,분뇨.쓰레기처리시설,기타분뇨쓰레기처리시설,11
04000,제2종근린생활시설,농산물1차가공업,11
27000,관광휴게시설,공원관리시설,11
01000,단독주택,14실,11
04000,제2종근린생활시설,지하차고,11
01000,단독주택,일반음식점및주택,11
04000,제2종근린생활시설,재각,11
17000,공장,보이러실,11
17000,공장,생,11
21000,동물및식물관련시설,무허가축사추인,11
04000,제2종근린생활시설,나동,11
07000,판매시설,수위실,11
08000,운수시설,사무소,11
01000,단독주택,대피소및,11
04000,제2종근린생활시설,의료기기판매소,11
11000,노유자시설,독서실,11
11000,노유자시설,수련시설,11
03000,제1종근린생활시설,안내소,11
09000,의료시설,제1종근생,11
21000,동물및식물관련시설,부화실,11
03000,제1종근린생활시설,농가창고,11
13000,운동시설,퇴비사,11
17000,공장,목재건구공장,11
04000,제2종근린생활시설,예능계,11
18000,창고시설,의료시설,11
21000,동물및식물관련시설,개방형,11
01000,단독주택,농업용주택및창고,11
03000,제1종근린생활시설,배수지관리사,11
05000,문화및집회시설,재실,11
08000,운수시설,주유소,11
01000,단독주택,동물병원,11
03000,제1종근린생활시설,방재시설,11
17000,공장,안전교육장,11
01000,단독주택,재1종근린생활시설,11
08000,운수시설,정류장,11
21000,동물및식물관련시설,오리,11
21000,동물및식물관련시설,종묘배양실,11
17000,공장,저장시설,11
01000,단독주택,외양간,11
30000,자원순환관련시설,작업장,11
03000,제1종근린생활시설,원룸형,11
04000,제2종근린생활시설,제2종근린생활시설및제1종근린생활시설,11
01000,단독주택,단독주택8가구,11
15000,숙박시설,근린생활시설및여관,11
21000,동물및식물관련시설,동식물관리시설,11
01000,단독주택,다가구19,11
21000,동물및식물관련시설,저장창고,11
04000,제2종근린생활시설,체력단련실,11
30000,자원순환관련시설,처분시설,11
06000,종교시설,종탑,11
03000,제1종근린생활시설,직원숙소,11
17000,공장,공해공장및사무실,11
01000,단독주택,속셈학원,11
10000,교육연구시설,사회복지시설,11
27000,관광휴게시설,재활용분류고,11
04000,제2종근린생활시설,식품제조장,11
17000,공장,석재품제조업,11
17000,공장,수의실,11
05000,문화및집회시설,관리사무소,11
17000,공장,충전소,11
04000,제2종근린생활시설,정비실,11
21000,동물및식물관련시설,발효조,11
20000,자동차관련시설,3,11
10000,교육연구시설,강당동,11
21000,동물및식물관련시설,주차장,11
16000,위락시설,위락시설및근린생활시설,11
02000,공동주택,보육시설등,11
03000,제1종근린생활시설,정류장,11
17000,공장,에스,11
Z6000,판매및영업시설,상점,11
02000,공동주택,도시형생활주택및근린생활시설,11
03000,제1종근린생활시설,종중회관,11
10000,교육연구시설,부속화장실,11
13000,운동시설,관리창고,11
17000,공장,수배전실,11
18000,창고시설,농산물보관용,11
02000,공동주택,우수조관리실,11
03000,제1종근린생활시설,컴퓨터학원,11
03000,제1종근린생활시설,선별장,11
24000,방송통신시설,2종근린생활시설,11
01000,단독주택,공동,11
27000,관광휴게시설,물탱크실,11
01000,단독주택,양조장,11
17000,공장,제품,11
18000,창고시설,기존,11
02000,공동주택,통로,11
03000,제1종근린생활시설,사무실및주택,11
02000,공동주택,우수기계실,11
03000,제1종근린생활시설,송수펌프실,11
03000,제1종근린생활시설,물리치료실,11
04000,제2종근린생활시설,일회당,11
21000,동물및식물관련시설,양잠사,11
18000,창고시설,농가부속사,11
Z5000,문화및집회시설,새마을회관,11
21000,동물및식물관련시설,양축시설,11
12000,수련시설,자연권청소년시설,11
23000,교정및군사시설,위병면회소,11
03000,제1종근린생활시설,단독주택및,11
04000,제2종근린생활시설,1종근,11
21000,동물및식물관련시설,액비저장탱크,11
04000,제2종근린생활시설,제2,11
02000,공동주택,우수조펌프실,11
11000,노유자시설,관리사,11
01000,단독주택,14세대,11
02000,공동주택,다함께,11
03000,제1종근린생활시설,소독실,11
13000,운동시설,구기장,11
01000,단독주택,사원주택,11
11000,노유자시설,3,11
02000,공동주택,노인정등,11
25000,발전시설,2,11
04000,제2종근린생활시설,외부화장실,11
03000,제1종근린생활시설,방,11
05000,문화및집회시설,하궐,11
02000,공동주택,기타시설,11
21000,동물및식물관련시설,추인,11
17000,공장,기숙사및사무실,11
02000,공동주택,b동,11
04000,제2종근린생활시설,멀티미디어문화컨텐츠설비제공업소,11
06000,종교시설,퇴비사,11
07000,판매시설,농산물직판장,11
19000,위험물저장및처리시설,작업장,11
04000,제2종근린생활시설,농산물가공공장,11
,,건조실,11
18000,창고시설,주택및농업용창고,11
05000,문화및집회시설,관측소,11
26000,묘지관련시설,상여집,11
02000,공동주택,공도주택,11
06000,종교시설,지장전,11
10000,교육연구시설,창고1,11
04000,제2종근린생활시설,티하우스,11
27000,관광휴게시설,제1,11
06000,종교시설,샤워실,11
04000,제2종근린생활시설,식품공장,11
19000,위험물저장및처리시설,기타위험물저장처리시설,11
03000,제1종근린생활시설,자동차,11
02000,공동주택,상담실,11
02000,공동주택,제2종근생및다세대주택,11
21000,동물및식물관련시설,굼벵이,11
18000,창고시설,농가용창고시설,11
05000,문화및집회시설,숙박시설,11
17000,공장,구내수송,11
17000,공장,고압가스저장소,11
Z5000,문화및집회시설,변소,11
02000,공동주택,info,11
03000,제1종근린생활시설,강당,11
02000,공동주택,부대복리,11
06000,종교시설,공양간,11
21000,동물및식물관련시설,차량소독실,11
04000,제2종근린생활시설,찜질방,11
27000,관광휴게시설,샤워장,11
03000,제1종근린생활시설,입원실,11
21000,동물및식물관련시설,발효장,11
Z3000,근린생활시설,차고,11
10000,교육연구시설,명상원,11
18000,창고시설,농산물작업장,11
02000,공동주택,2개동,11
17000,공장,복리시설,11
04000,제2종근린생활시설,액화석유가스충전소,11
21000,동물및식물관련시설,지렁이양식장,11
14000,업무시설,유흥주점,11
03000,제1종근린생활시설,교육장,11
10000,교육연구시설,서당,11
02000,공동주택,분산상가,11
08000,운수시설,근린공공시설,11
17000,공장,세탁실,11
03000,제1종근린생활시설,회관및창고,11
01000,단독주택,야외화장실,11
21000,동물및식물관련시설,농산물건조장,11
04000,제2종근린생활시설,근린생활및,11
04000,제2종근린생활시설,농산물집하장,11
01000,단독주택,다가구및일반음식점,11
03000,제1종근린생활시설,아동관련시설,10
06000,종교시설,영유아보육시설,10
17000,공장,수산물보관창고,10
17000,공장,6,10
03000,제1종근린생활시설,부녀복지회관,10
02000,공동주택,부속,10
21000,동물및식물관련시설,제1,10
03000,제1종근린생활시설,근린생활시설1,10
17000,공장,견,10
04000,제2종근린생활시설,쓰레기처리시설,10
04000,제2종근린생활시설,한식,10
03000,제1종근린생활시설,주민센터,10
Z8000,교육연구및복지시설,어린이집,10
02000,공동주택,도시형다세대,10
02000,공동주택,펜룸,10
02000,공동주택,연립주택16세대,10
03000,제1종근린생활시설,부속주차장,10
21000,동물및식물관련시설,축분처리시설,10
04000,제2종근린생활시설,격납고,10
04000,제2종근린생활시설,제1종근생시설,10
21000,동물및식물관련시설,착유시설,10
02000,공동주택,엠디에프실등,10
02000,공동주택,물리치료실,10
01000,단독주택,근린생활시설및단독주택6가구용,10
18000,창고시설,농어촌창고,10
11000,노유자시설,탁아원,10
02000,공동주택,재활용폐기물보관창고,10
17000,공장,위험물제조시설,10
04000,제2종근린생활시설,가구제조장,10
19000,위험물저장및처리시설,저장및처리시설,10
27000,관광휴게시설,부수시설,10
15000,숙박시설,시설,10
20000,자동차관련시설,충전소,10
10000,교육연구시설,국민학교,10
17000,공장,농산물창고,10
03000,제1종근린생활시설,남,10
01000,단독주택,다가구17가구,10
18000,창고시설,농업용냉장창고,10
02000,공동주택,옥외화장실,10
09000,의료시설,화장실,10
Z6000,판매및영업시설,및,10
01000,단독주택,다목적실,10
11000,노유자시설,체력단련장,10
Z3000,근린생활시설,제2종,10
10000,교육연구시설,과학관,10
01000,단독주택,제1종근린생황시설,10
18000,창고시설,농업인주택,10
18000,창고시설,포도집하장,10
18000,창고시설,창고및점포,10
02000,공동주택,공동주택및제1종근린생활시설,10
10000,교육연구시설,파고라,10
17000,공장,창고및공장,10
17000,공장,일반철물제조업,10
03000,제1종근린생활시설,예비군중대본부,10
,,교사,10
21000,동물및식물관련시설,도살장,10
17000,공장,k,10
11000,노유자시설,직원숙소,10
04000,제2종근린생활시설,철문,10
,,대피실,10
14000,업무시설,다목적실,10
02000,공동주택,부속건물,10
07000,판매시설,식당,10
03000,제1종근린생활시설,공동홍보시설,10
01000,단독주택,아동시설,10
10000,교육연구시설,4,10
24000,방송통신시설,소형전화국,10
01000,단독주택,곡물건조장,10
10000,교육연구시설,교육실,10
11000,노유자시설,의원,10
31000,야영장시설,취사실,10
Z6000,판매및영업시설,영업용,10
03000,제1종근린생활시설,구내식당,10
03000,제1종근린생활시설,통신용,10
10000,교육연구시설,종교집회장,10
03000,제1종근린생활시설,노인복지회관,10
04000,제2종근린생활시설,예체능계강습소,10
01000,단독주택,다가구8가구,10
Z5000,문화및집회시설,미술관,10
07000,판매시설,판매시설외1,10
18000,창고시설,농사창고,10
30000,자원순환관련시설,위험물저장및처리시설,10
23000,교정및군사시설,급식시설,10
,,저온저장고,10
02000,공동주택,외1건,10
06000,종교시설,암자,10
21000,동물및식물관련시설,계분발효장,10
03000,제1종근린생활시설,2건,10
Z3000,근린생활시설,주유소,10
14000,업무시설,체력단련장,10
02000,공동주택,다세대주택6세대,10
15000,숙박시설,샤워실,10
10000,교육연구시설,체육실,10
27000,관광휴게시설,2종근린생활시설,10
02000,공동주택,자전거주차장,10
03000,제1종근린생활시설,대문,10
02000,공동주택,제2종근,10
Z3000,근린생활시설,관람집회시설,10
17000,공장,쉘터,10
14000,업무시설,제연팬룸,10
03000,제1종근린생활시설,화장실및창고,10
17000,공장,수산물가공처리장,10
18000,창고시설,농산물건조실,10
15000,숙박시설,생활숙박,10
01000,단독주택,주택및사무소,10
21000,동물및식물관련시설,물치,10
03000,제1종근린생활시설,세탁실,10
10000,교육연구시설,상지여자중,10
24000,방송통신시설,방카,10
04203,사찰,사찰,10
21000,동물및식물관련시설,토종가축사,10
21000,동물및식물관련시설,돈사및창고,10
19000,위험물저장및처리시설,액화가스저장소,10
17000,공장,펌프룸,10
01000,단독주택,주2,10
20000,자동차관련시설,숙박시설,10
15000,숙박시설,2가구,10
Z3000,근린생활시설,숙소,10
01000,단독주택,기도원,10
10000,교육연구시설,식생활관,10
02000,공동주택,저류조,10
17000,공장,퇴비제조장,10
02000,공동주택,저탄장,10
18000,창고시설,위험물,10
07000,판매시설,재래시장,10
04000,제2종근린생활시설,변전소,10
04000,제2종근린생활시설,목욕장,10
JY,,제2종근린생활시설,10
18000,창고시설,연구시설,10
03000,제1종근린생활시설,염소투입동,10
18000,창고시설,축산업용창고,10
06000,종교시설,문각,10
Z5000,문화및집회시설,대웅전,10
02000,공동주택,공용주택,10
03000,제1종근린생활시설,유류판매소,10
07000,판매시설,판매시설및근린생활시설,10
23000,교정및군사시설,군숙소,10
05000,문화및집회시설,전시관람시설,10
03000,제1종근린생활시설,단독주택외2,10
03000,제1종근린생활시설,방카,10
10000,교육연구시설,교실및화장실,10
02000,공동주택,오피스,10
06000,종교시설,소매점,10
21000,동물및식물관련시설,전복배양장,10
03000,제1종근린생활시설,목공소,10
27000,관광휴게시설,안내소,10
,,음식점,10
18000,창고시설,임시가설건축물,10
04000,제2종근린생활시설,금속문및관련제품제조업,10
21000,동물및식물관련시설,자재보관창고,10
04000,제2종근린생활시설,식당및,10
18000,창고시설,완제품보관창고,10
02000,공동주택,f,10
03000,제1종근린생활시설,유아원,10
01000,단독주택,p,10
18000,창고시설,물탱크,10
01000,단독주택,연와조,10
18000,창고시설,저온저창고,10
17000,공장,갱의실,10
21000,동물및식물관련시설,가옥,10
03000,제1종근린생활시설,마을회관화장실,10
01000,단독주택,저온냉동창고,10
03000,제1종근린생활시설,도장,10
10000,교육연구시설,폐수처리장,10
01000,단독주택,96융자주택,10
14000,업무시설,제연실,10
19000,위험물저장및처리시설,위험물판매소,10
17000,공장,다가구주택,10
17000,공장,탕비실,10
Z3000,근린생활시설,다가구,10
01000,단독주택,대피소및보일러실,10
02000,공동주택,유아놀이방,10
07000,판매시설,대형할인점,10
04000,제2종근린생활시설,재제소,10
02000,공동주택,자원봉사실,10
11000,노유자시설,장애인복지관,10
04000,제2종근린생활시설,단지형다세대,10
04000,제2종근린생활시설,금융업,10
10000,교육연구시설,체력단련장,10
04000,제2종근린생활시설,노인회관,10
17000,공장,산소공장,10
11000,노유자시설,기타아동관련시설,10
17000,공장,약품창고,10
19000,위험물저장및처리시설,주유기,10
07000,판매시설,다방,10
01000,단독주택,농기구,10
17000,공장,목욕실,10
03000,제1종근린생활시설,도정공장,10
21000,동물및식물관련시설,메추리사육장,10
03000,제1종근린생활시설,전신전화,10
05000,문화및집회시설,관람집회,10
18000,창고시설,교육장,10
01000,단독주택,지하층,10
18000,창고시설,농업용창고및주택,10
19000,위험물저장및처리시설,하수처리장,10
11000,노유자시설,경노회관,10
12000,수련시설,숲속수련장,10
02000,공동주택,빗물이용시설,10
11000,노유자시설,파고라,10
18000,창고시설,임대창고,10
17000,공장,오락실,10
02000,공동주택,원룸형19세대,10
06000,종교시설,대성전,10
01000,단독주택,체력단련장,10
02000,공동주택,4동,10
01000,단독주택,싸이로,10
14000,업무시설,운수시설,10
01000,단독주택,건조막,10
02000,공동주택,다용도실,10
01000,단독주택,제2종일반주거지역,10
06000,종교시설,대피실,10
10000,교육연구시설,예능계학원,10
01000,단독주택,신축,10
02000,공동주택,폐기물,10
02000,공동주택,주차시설,10
18000,창고시설,예냉시설,10
01000,단독주택,옥내주차장,10
31000,야영장시설,외,10
08000,운수시설,차고,10
17000,공장,공기압축실,10
14000,업무시설,슈퍼마켓,10
01000,단독주택,농가주택및부속사,10
03000,제1종근린생활시설,사무실및점포,10
21000,동물및식물관련시설,체험장,10
01000,단독주택,고방,10
03000,제1종근린생활시설,인터넷컴퓨터게임시설제공업,10
02000,공동주택,쓰레기수거및처리시설,10
31000,야영장시설,정자,10
23000,교정및군사시설,사격장차양막,10
04000,제2종근린생활시설,제2종근린생활설,10
01000,단독주택,다가구16,10
04000,제2종근린생활시설,종교및,10
17000,공장,식당및휴게실,10
09000,의료시설,의료시설외,10
01000,단독주택,주택부속사,10
03000,제1종근린생활시설,식품제조업,10
06000,종교시설,내삼문,10
18000,창고시설,소방펌프실,10
18000,창고시설,원료창고,10
10000,교육연구시설,야영장시설,10
15000,숙박시설,보일라실,10
11000,노유자시설,교육연구복지시설,10
18000,창고시설,근린시설,10
14000,업무시설,24호,10
21000,동물및식물관련시설,수조,10
,,공동주택,10
03000,제1종근린생활시설,농산물창고,10
02000,공동주택,지하기계실,10
17000,공장,목재가구,10
03000,제1종근린생활시설,농기계,10
03000,제1종근린생활시설,위험물저장시설,10
Z8000,교육연구및복지시설,실험실,10
Z3000,근린생활시설,목욕탕,10
,,관사,10
04000,제2종근린생활시설,근린생활시설및다세대주택,10
01000,단독주택,판매및영업시설,10
22000,분뇨.쓰레기처리시설,축분처리장,10
33000,"국방,군사시설",저장,10
17000,공장,원료분쇄실,10
02000,공동주택,다세대주택및오피스텔,10
17000,공장,쓰레기분리장,10
17000,공장,쓰레기분리수거장,10
17000,공장,봉제업,10
02000,공동주택,다세대주택및근,10
33000,"국방,군사시설",탄약고,10
03000,제1종근린생활시설,보일러,10
06000,종교시설,객실,10
03000,제1종근린생활시설,위험물저장소,10
15000,숙박시설,옥탑,10
18000,창고시설,농업용주택,10
01000,단독주택,간이부엌,10
01000,단독주택,2동,10
02000,공동주택,통합방재실,10
23000,교정및군사시설,주차장,10
01000,단독주택,근린생활시설및다가구용,10
01000,단독주택,및제2종근생,10
17000,공장,o,10
02000,공동주택,복지동,10
05000,문화및집회시설,관리사무실,10
17000,공장,여과실,10
04000,제2종근린생활시설,근린생활시설및숙박시설,10
05000,문화및집회시설,교육연구,10
03000,제1종근린생활시설,제1종근린생활시설및다가구주택,10
17000,공장,봉재공장,10
20000,자동차관련시설,자동차계학원,10
,,욕실,10
20000,자동차관련시설,의료시설,10
21000,동물및식물관련시설,기타가축시설,10
17000,공장,세척실,10
04000,제2종근린생활시설,떡방아간,10
17000,공장,소,10
19000,위험물저장및처리시설,공해공장,10
10000,교육연구시설,축사,10
10000,교육연구시설,스탠드지붕,10
02000,공동주택,6동,10
07000,판매시설,농수산물도매시장,10
02000,공동주택,맘스클럽,10
01000,단독주택,데크,10
17000,공장,r,10
04000,제2종근린생활시설,교당,10
09000,의료시설,연결통로,10
01000,단독주택,농기구수리점,10
19000,위험물저장및처리시설,부속세차장,10
19000,위험물저장및처리시설,위험물처리,10
05000,문화및집회시설,1종근린생활시설,10
21000,동물및식물관련시설,톱밥운동장,10
03000,제1종근린생활시설,변전시설,10
19000,위험물저장및처리시설,부속사무실,10
04000,제2종근린생활시설,가동,10
02000,공동주택,수변전시설,10
11000,노유자시설,세탁실,10
07000,판매시설,근생시설,10
03000,제1종근린생활시설,공동작업소,10
18000,창고시설,위험물저장및,10
04000,제2종근린생활시설,입시계학원,10
24000,방송통신시설,화장실,10
10000,교육연구시설,기타연구소,10
02000,공동주택,구매및,10
17000,공장,제분공장,10
03000,제1종근린생활시설,근린생활시설및사무실,10
02000,공동주택,단지형다세주택,10
15000,숙박시설,숲속의집,10
17000,공장,펌푸실,10
03000,제1종근린생활시설,묘지관련시설,10
10000,교육연구시설,고속철도시설,10
10000,교육연구시설,저장소,10
01000,단독주택,농어민주택,10
17000,공장,옥탑,10
10000,교육연구시설,안내실,10
17000,공장,생산공장,10
10000,교육연구시설,팔각정,10
04000,제2종근린생활시설,녹차가공제조업,10
21000,동물및식물관련시설,육상축양장,10
15000,숙박시설,일용품소매점,10
22000,분뇨.쓰레기처리시설,우사,10
30000,자원순환관련시설,경비실,10
04000,제2종근린생활시설,풋살장,10
07000,판매시설,냉동창고,10
03000,제1종근린생활시설,주택및제1종근린생활시설,10
17000,공장,선박수리시설,10
02000,공동주택,공용계단,10
03000,제1종근린생활시설,판매시설및근린생활시설,10
18000,창고시설,저온저장시설,10
03000,제1종근린생활시설,근린생활및단독주택,10
01000,단독주택,정자각,10
03000,제1종근린생활시설,근생및다가구주택,10
03000,제1종근린생활시설,조작실,10
01000,단독주택,농촌융자주택,10
03000,제1종근린생활시설,목욕실,10
01000,단독주택,어가,10
19000,위험물저장및처리시설,주유소및,10
17000,공장,rto,10
02000,공동주택,3동,10
11000,노유자시설,아파트,10
18000,창고시설,관련,10
01000,단독주택,다가구주택및제1,10
21000,동물및식물관련시설,해태포자배양실,10
17000,공장,booth,10
26000,묘지관련시설,동물화장시설,10
15000,숙박시설,여관및근린생활시설,10
17000,공장,펌프방음실,10
17000,공장,디,10
04000,제2종근린생활시설,부속시설,10
03000,제1종근린생활시설,근린생활주택,10
17000,공장,다목적실,10
03000,제1종근린생활시설,지도소,10
01000,단독주택,안채,10
24000,방송통신시설,장비실,10
19000,위험물저장및처리시설,가스정압실,10
11000,노유자시설,옥외화장실,10
18000,창고시설,감귤저장창고,10
01000,단독주택,단독주택및사무소,10
21000,동물및식물관련시설,사슴축사,10
12000,수련시설,정자,10
21000,동물및식물관련시설,기타시설,10
20000,자동차관련시설,세차시설,10
01000,단독주택,공장및창고,10
17000,공장,장애인화장실,10
02000,공동주택,단지형다세대주택10세대,10
21000,동물및식물관련시설,양송이,10
14000,업무시설,피난안전구역,10
01000,단독주택,유치원,10
02000,공동주택,실,10
14000,업무시설,2근린생활시설,10
02000,공동주택,중,10
01000,단독주택,인쇄소,10
03000,제1종근린생활시설,문서고,10
01000,단독주택,제1종근생활시설,10
03000,제1종근린생활시설,주점영업,10
11000,노유자시설,다용도실,10
10000,교육연구시설,가스실,10
10000,교육연구시설,부속,10
03000,제1종근린생활시설,피아노학원,10
04000,제2종근린생활시설,업무시설외,10
16000,위락시설,다방,10
17000,공장,도서실,10
14000,업무시설,부설주차장,10
14000,업무시설,문화집회시설,10
01000,단독주택,단독주택및1종근린생활시설,10
02000,공동주택,피난대피공간,10
33000,"국방,군사시설",정비시설,10
18000,창고시설,수산물저온창고,10
02000,공동주택,1종근린생활,10
01000,단독주택,주택및지하실,10
Z5000,문화및집회시설,문화시설,10
06000,종교시설,서원,10
10000,교육연구시설,야외화장실,10
06000,종교시설,아동관련시설,10
10000,교육연구시설,양호실,10
29000,장례시설,및,10
15000,숙박시설,여관및,10
21000,동물및식물관련시설,부속화장실,10
02000,공동주택,피트니스클럽,10
01000,단독주택,세면실,10
03000,제1종근린생활시설,공동이용시설,10
02000,공동주택,운동,10
21000,동물및식물관련시설,무허가,10
,,농가,10
02000,공동주택,실내어린이놀이터,10
09000,의료시설,위락시설,10
17000,공장,농산물보관창고,10
Z8000,교육연구및복지시설,노인회관,10
12000,수련시설,관리사무소,10
04000,제2종근린생활시설,및창고,10
23000,교정및군사시설,주민공동시설,10
17000,공장,버스승강장,10
04000,제2종근린생활시설,b동,10
15000,숙박시설,노유자시설,10
14000,업무시설,실험실,10
01000,단독주택,도장,10
18000,창고시설,수산물저장창고,10
18000,창고시설,일용품소매점,10
01000,단독주택,96농촌주택,10
10000,교육연구시설,탁구장,10
01000,단독주택,창고및우사,10
21000,동물및식물관련시설,조직배양실,10
03000,제1종근린생활시설,복합상가,10
03000,제1종근린생활시설,공원화장실,10
05000,문화및집회시설,다방,10
02000,공동주택,기화기실,10
01000,단독주택,농업인용주택,10
15000,숙박시설,숙박시설및주택,10
10000,교육연구시설,음악실,10
22000,분뇨.쓰레기처리시설,보일러실,10
04000,제2종근린생활시설,극장,10
17000,공장,사무실및숙소,10
27000,관광휴게시설,문화및집회시설,10
20000,자동차관련시설,사무동,10
21000,동물및식물관련시설,오양간,10
21000,동물및식물관련시설,4,10
18000,창고시설,지하실,10
11000,노유자시설,주민공동이용시설,10
19000,위험물저장및처리시설,room,10
14000,업무시설,기전실,10
03000,제1종근린생활시설,주택점포,10
14000,업무시설,처리시설,10
04000,제2종근린생활시설,사제관,10
04000,제2종근린생활시설,요식시설,10
10000,교육연구시설,초,10
06000,종교시설,2,10
07000,판매시설,목욕탕,10
01000,단독주택,점포외,10
01000,단독주택,96주거환경개선사업,10
08000,운수시설,기계실,10
02000,공동주택,셔틀엘리베이터,10
02000,공동주택,임대전용주택,10
03000,제1종근린생활시설,시장점포,10
01000,단독주택,담배굴,10
18000,창고시설,계분창고,10
17000,공장,방음실,10
27000,관광휴게시설,공원부속화장실,10
15000,숙박시설,노래방,9
14000,업무시설,공공업무,9
20000,자동차관련시설,정비,9
25000,발전시설,및,9
17000,공장,휴게시설,9
17000,공장,방,9
02000,공동주택,제1종근린생활시설및공동주택,9
06000,종교시설,서재,9
17000,공장,l,9
01000,단독주택,교실,9
,,종교시설,9
19000,위험물저장및처리시설,주유소사무소,9
23000,교정및군사시설,mdf실,9
,,여관,9
18000,창고시설,대피실,9
18000,창고시설,상온창고,9
06000,종교시설,일반음식점,9
17000,공장,미역공장,9
01000,단독주택,다가구및제2종근린생활시설,9
01000,단독주택,16가구용,9
03009,양수장,양수장,9
02000,공동주택,아파트및부대복리시설,9
17000,공장,공장시설외1,9
04000,제2종근린생활시설,제2종근린생활시설외2용도,9
01000,단독주택,부속저온창고,9
02000,공동주택,83세대,9
,,공,9
13000,운동시설,탈의실,9
04000,제2종근린생활시설,전시실,9
01000,단독주택,주택9가구,9
17000,공장,저온저장창고,9
02000,공동주택,지상계단,9
01000,단독주택,단독주택6가구,9
17000,공장,농어가주택,9
02000,공동주택,놀이방,9
16000,위락시설,2종,9
02000,공동주택,관리시설,9
04000,제2종근린생활시설,면사무소,9
04000,제2종근린생활시설,에어로빅장,9
02000,공동주택,맘스,9
06000,종교시설,세면장,9
11000,노유자시설,집회시설,9
02000,공동주택,사원주택,9
04000,제2종근린생활시설,1층,9
04000,제2종근린생활시설,제2종근린생활시시설,9
30000,자원순환관련시설,차고,9
15000,숙박시설,다중주택,9
02000,공동주택,관리경로당,9
21000,동물및식물관련시설,축사및축분장,9
10000,교육연구시설,생활편익시설,9
03000,제1종근린생활시설,찻집,9
01000,단독주택,제1종근생및주택,9
04000,제2종근린생활시설,공방,9
17000,공장,곡물제조업,9
02000,공동주택,lpg저장소,9
01000,단독주택,주택및영업용,9
17000,공장,벤처기업집적시설,9
19000,위험물저장및처리시설,군사시설,9
01000,단독주택,옥외변소,9
04000,제2종근린생활시설,근린및주택,9
02000,공동주택,단지내상가,9
02000,공동주택,재활용품보관소1,9
04000,제2종근린생활시설,요리점,9
04001,일반음식점,제2종근린생활시설,9
02000,공동주택,오픈키친,9
18000,창고시설,관리사및,9
03000,제1종근린생활시설,2가구용,9
11000,노유자시설,직장어린이집,9
21000,동물및식물관련시설,양육실,9
03000,제1종근린생활시설,민방위,9
01000,단독주택,단독주택용다가구,9
04000,제2종근린생활시설,공업사,9
11000,노유자시설,노인복지,9
02000,공동주택,골프,9
02000,공동주택,106동,9
03000,제1종근린생활시설,편의시설,9
05000,문화및집회시설,식물관련시설,9
07000,판매시설,저온저장고,9
,,요사체,9
04000,제2종근린생활시설,제2동근린생활시설,9
02000,공동주택,52세대,9
01000,단독주택,농기구실,9
09000,의료시설,보일러실,9
11000,노유자시설,근린시설,9
02000,공동주택,원룸형17세대,9
17000,공장,위험물저장처리시설,9
05000,문화및집회시설,차고,9
02000,공동주택,골프장,9
01000,단독주택,용도,9
04000,제2종근린생활시설,창고및근린생활시설,9
04000,제2종근린생활시설,저수조,9
03000,제1종근린생활시설,건강증진실,9
17000,공장,주정공장,9
06000,종교시설,옥외화장실,9
17000,공장,골재치장,9
11000,노유자시설,영유아복지시설,9
21000,동물및식물관련시설,간이잠실,9
01000,단독주택,외1종,9
04000,제2종근린생활시설,교사,9
17000,공장,골재저장창고,9
17000,공장,이불제조업,9
19000,위험물저장및처리시설,보관소,9
02000,공동주택,가스,9
07000,판매시설,문화및집회,9
05000,문화및집회시설,유물전시관,9
12000,수련시설,노유자시설,9
17000,공장,직조공장,9
20000,자동차관련시설,교회,9
18000,창고시설,농림수산업용시설,9
Z3000,근린생활시설,축사,9
07000,판매시설,문화집회시설,9
04000,제2종근린생활시설,선구점,9
02000,공동주택,78세대,9
21000,동물및식물관련시설,농기계보관실,9
18000,창고시설,새마을,9
17000,공장,냉장,9
27000,관광휴게시설,휴양림시설,9
03000,제1종근린생활시설,예능계,9
17000,공장,콘크리트,9
17000,공장,2종근생,9
03000,제1종근린생활시설,속셈학원,9
02000,공동주택,다세대주택및제1,9
19000,위험물저장및처리시설,대중음식점,9
21000,동물및식물관련시설,실험동물사육시설,9
18000,창고시설,간이창고,9
18000,창고시설,교회,9
Z9000,공공용시설,통신시설,9
14000,업무시설,농협,9
17000,공장,보관실,9
21000,동물및식물관련시설,개사육시설,9
06000,종교시설,축사,9
17000,공장,유류저장고,9
Z8000,교육연구및복지시설,아동복지시설,9
03000,제1종근린생활시설,근린공원시설,9
,,공가,9
01000,단독주택,주택10가구,9
01000,단독주택,단독주택주택,9
03000,제1종근린생활시설,근린생활시설및숙박시설,9
17000,공장,계량실,9
03000,제1종근린생활시설,1종근린시설,9
14000,업무시설,직장어린이집,9
24000,방송통신시설,전기통신시설,9
Z5000,문화및집회시설,교육관,9
31000,야영장시설,1,9
01000,단독주택,농업용시설,9
01000,단독주택,벽돌조,9
13000,운동시설,세차장,9
Z3000,근린생활시설,마을회관,9
02000,공동주택,부동산중개업소,9
02000,공동주택,택지2,9
19000,위험물저장및처리시설,1종근린생활시설,9
04000,제2종근린생활시설,분뇨,9
Z3000,근린생활시설,근린생활시설및단독주택,9
01000,단독주택,및창고시설,9
14000,업무시설,주차관리실,9
01000,단독주택,문화집회시설,9
02000,공동주택,원룸형18세대,9
17000,공장,보세창고,9
18000,창고시설,저온저장고및작업장,9
02000,공동주택,발전,9
02000,공동주택,1동,9
03000,제1종근린생활시설,4층,9
01000,단독주택,단독주택부속창고,9
18000,창고시설,관사,9
01000,단독주택,단독주택및2종근린생활시설,9
17000,공장,plc,9
06000,종교시설,삼문,9
27000,관광휴게시설,가족캠핑실,9
01000,단독주택,및농가창고,9
02000,공동주택,국공립어린이집,9
03000,제1종근린생활시설,송신소,9
21000,동물및식물관련시설,업무시설,9
02000,공동주택,다세대주텍,9
19000,위험물저장및처리시설,워험물저장및처리시설,9
17000,공장,도장동,9
18000,창고시설,과일선별장,9
30000,자원순환관련시설,단독주택,9
20000,자동차관련시설,집회시설,9
14000,업무시설,휘트니스,9
14000,업무시설,독서실,9
01000,단독주택,건축물,9
02000,공동주택,용역원휴게소,9
18000,창고시설,착유실,9
01000,단독주택,종근린생활시설,9
05000,문화및집회시설,안채,9
17000,공장,칩장,9
04000,제2종근린생활시설,광,9
17000,공장,창고및,9
06000,종교시설,교실,9
03000,제1종근린생활시설,근린및주택,9
01000,단독주택,총3가구,9
06000,종교시설,욕실,9
02000,공동주택,나동,9
Z3000,근린생활시설,생활편익시설,9
Z9000,공공용시설,군사시설물,9
01000,단독주택,단독주택10가구,9
09000,의료시설,건가시설,9
02000,공동주택,a동,9
30000,자원순환관련시설,가축분뇨처리시설,9
04000,제2종근린생활시설,식품제조가공업,9
17000,공장,자동제어반,9
04000,제2종근린생활시설,근린생활시설4,9
19000,위험물저장및처리시설,주유소케노피,9
Z5000,문화및집회시설,종각,9
02000,공동주택,주민체육시설,9
02000,공동주택,통신,9
01000,단독주택,무도학원,9
03000,제1종근린생활시설,관리인숙소,9
01000,단독주택,연구시설,9
11000,노유자시설,사택,9
21000,동물및식물관련시설,사슴사육,9
Z3000,근린생활시설,생활시설,9
22000,분뇨.쓰레기처리시설,부속창고,9
Z3000,근린생활시설,탁구장,9
17000,공장,냉각탑,9
02000,공동주택,비주거,9
17000,공장,직원휴게소,9
01000,단독주택,다가구주택및창고,9
01000,단독주택,담배건조장,9
17000,공장,정수실,9
01000,단독주택,농업생산기반시설,9
02000,공동주택,키즈존,9
18000,창고시설,유류취급소,9
04000,제2종근린생활시설,예능강습소,9
01000,단독주택,단독주택형,9
18000,창고시설,부락공동시설,9
04000,제2종근린생활시설,출입문,9
08000,운수시설,변전소,9
01000,단독주택,외2건,9
02000,공동주택,다세대8,9
14000,업무시설,음식점,9
13000,운동시설,카트고,9
17000,공장,5냉연공장,9
10000,교육연구시설,교육연구기타시설,9
03000,제1종근린생활시설,제1종근생및주택,9
01000,단독주택,2급,9
08000,운수시설,차량기지,9
02000,공동주택,온실,9
17000,공장,목재가구제조,9
04000,제2종근린생활시설,자동차경정비업소,9
03000,제1종근린생활시설,체험실,9
17000,공장,제품포장실,9
09000,의료시설,제2종,9
02000,공동주택,주차,9
02000,공동주택,미용실,9
17000,공장,컴퓨레샤실,9
17000,공장,주거시설,9
01000,단독주택,관리사무소,9
23000,교정및군사시설,막사,9
12000,수련시설,기숙사,9
,,아파트,9
17000,공장,전자집적회로제조업,9
03000,제1종근린생활시설,염소실,9
20000,자동차관련시설,자동차부속상,9
14000,업무시설,근린생활시설및주택,9
03000,제1종근린생활시설,여,9
17000,공장,펌프,9
03000,제1종근린생활시설,어민복지회관,9
02000,공동주택,기사대기실,9
18000,창고시설,양곡보관,9
01000,단독주택,근린생활시설2종,9
01000,단독주택,주택영업소,9
10000,교육연구시설,교육연구및사회복지시설,9
17000,공장,rtc출하장,9
21000,동물및식물관련시설,버섯종균,9
18000,창고시설,과실품질관리저장시설,9
10000,교육연구시설,교육및,9
01000,단독주택,다가구및제2종근생,9
18000,창고시설,물류시설,9
23000,교정및군사시설,폐수처리시설,9
17000,공장,재활용창고,9
18000,창고시설,농산물및농기계보관창고,9
21000,동물및식물관련시설,농가용톱밥우사,9
03000,제1종근린생활시설,기상관측소,9
17000,공장,유틸리티동,9
,,위험물저장,9
01000,단독주택,근린생활주택,9
11000,노유자시설,노유지시설,9
06000,종교시설,교육실,9
03000,제1종근린생활시설,공동회관,9
19000,위험물저장및처리시설,유류저장소,9
18000,창고시설,저장소,9
Z8000,교육연구및복지시설,고등학교,9
03000,제1종근린생활시설,제1종2종근린생활시설,9
04000,제2종근린생활시설,다가구단독주택,9
02000,공동주택,원룸형7세대,9
Z3000,근린생활시설,근린생할시설,9
02000,공동주택,에어로빅,9
05000,문화및집회시설,요사체,9
01000,단독주택,다가구및,9
03000,제1종근린생활시설,배전반실,9
13000,운동시설,공장,9
03000,제1종근린생활시설,창고및근린생활시설,9
18000,창고시설,농산물가공공장,9
21000,동물및식물관련시설,잎담배,9
17000,공장,첨단공장,9
16000,위락시설,근린생활시설외,9
22000,분뇨.쓰레기처리시설,오폐수처리시설,9
22000,분뇨.쓰레기처리시설,축산폐수처리시설,9
03000,제1종근린생활시설,상수도기계실,9
26000,묘지관련시설,제당,9
02000,공동주택,빗물저류조관리실,9
01000,단독주택,대문간,9
01000,단독주택,종업원숙소,9
03000,제1종근린생활시설,지역아동센타,9
03000,제1종근린생활시설,기상대,9
18000,창고시설,장옥,9
17000,공장,우사,9
11000,노유자시설,펌프실,9
06000,종교시설,전도관,9
03000,제1종근린생활시설,부엌,9
03000,제1종근린생활시설,모터실,9
01000,단독주택,액화가스취급소,9
20000,자동차관련시설,주차장관리실,9
14000,업무시설,물탱크실,9
16000,위락시설,3,9
01000,단독주택,제1종제2종근린생활시설,9
01000,단독주택,축사및부속,9
15000,숙박시설,점포및여관,9
15000,숙박시설,기와동,9
,,교실,9
02000,공동주택,관사,9
21000,동물및식물관련시설,동물및실물관련시설,9
03000,제1종근린생활시설,전망초,9
21000,동물및식물관련시설,생산시설,9
04000,제2종근린생활시설,조적조,9
01000,단독주택,학교사택,9
03000,제1종근린생활시설,저압수전실,9
03000,제1종근린생활시설,주차관리실,9
08000,운수시설,전기실,9
JY,,근린생활시설,9
02000,공동주택,및근생,9
17000,공장,임산물가공공장,9
06000,종교시설,1용도,9
19000,위험물저장및처리시설,위험물저장및처리서설,9
21000,동물및식물관련시설,수위실,9
21000,동물및식물관련시설,수전실,9
02000,공동주택,다세대주택4세대,9
04000,제2종근린생활시설,pc방,9
21000,동물및식물관련시설,사료보관소,9
03000,제1종근린생활시설,및근린생활시설,9
10000,교육연구시설,훈련장,9
02000,공동주택,103동,9
02000,공동주택,도시형생황주택,9
16000,위락시설,공장,9
04000,제2종근린생활시설,위락시설외,9
25000,발전시설,질소저장소,9
07000,판매시설,게임제공업소,9
17000,공장,building,9
14000,업무시설,8세대,9
17000,공장,권양기실,9
04000,제2종근린생활시설,수련시설,9
15000,숙박시설,간이음식점,9
04000,제2종근린생활시설,일반음시점,9
04000,제2종근린생활시설,제1근린생활시설,9
13000,운동시설,주방,9
23000,교정및군사시설,공동주택,9
22000,분뇨.쓰레기처리시설,염색단지공동폐수처리장,9
22000,분뇨.쓰레기처리시설,차고,9
03000,제1종근린생활시설,제1종근린생시설,9
17000,공장,농수산물처리가공시설,9
01000,단독주택,주택근린생활시설,9
01000,단독주택,95주택개량대상,9
17000,공장,칩처리장,9
17000,공장,부대,9
Z8000,교육연구및복지시설,도서관,9
,,장,9
17000,공장,장식용목제품제조업,9
10000,교육연구시설,자료실,9
04000,제2종근린생활시설,스크린골프장,9
12000,수련시설,종교시설,9
18000,창고시설,임산물저장창고,9
02000,공동주택,샤워,9
02000,공동주택,1블럭,9
26000,묘지관련시설,식당,9
01000,단독주택,11실,9
Z3000,근린생활시설,구매시설,9
01000,단독주택,집회장,9
11000,노유자시설,공부방,9
02000,공동주택,주거용오피스텔,9
06000,종교시설,외삼문,9
01000,단독주택,떡방아간,9
04000,제2종근린생활시설,방,9
03000,제1종근린생활시설,소방대,9
02000,공동주택,탑라이트,9
14000,업무시설,4호,9
03000,제1종근린생활시설,서고,9
04000,제2종근린생활시설,3가구용,9
,,집하장,9
01000,단독주택,나동,9
22000,분뇨.쓰레기처리시설,휴게실,9
17000,공장,도시형,9
02000,공동주택,재활용품보관,9
17000,공장,화장실및샤워실,9
,,운전보안시설,9
15000,숙박시설,보이러실,9
03000,제1종근린생활시설,1호,9
11000,노유자시설,교육및복지시설,9
03000,제1종근린생활시설,가압펌프실,9
05000,문화및집회시설,사주문,9
19000,위험물저장및처리시설,유독물보관,9
07000,판매시설,당구장,9
01000,단독주택,창고및부속사,9
04000,제2종근린생활시설,찰,9
19000,위험물저장및처리시설,가스실,9
01000,단독주택,납옥,9
01000,단독주택,시설및,9
03000,제1종근린생활시설,농특산물판매장,9
04000,제2종근린생활시설,3호,9
01000,단독주택,95주택개량,9
24000,방송통신시설,군사시설,9
14000,업무시설,예식장,9
11000,노유자시설,교육연구및복지시설외1,9
06000,종교시설,종교시설외1,9
17000,공장,tms분석계기실,9
19000,위험물저장및처리시설,위험물저장ㆍ처리시설,9
20000,자동차관련시설,버스,9
14000,업무시설,다세대주택및오피스텔,9
04000,제2종근린생활시설,2종근생및단독주택,9
21000,동물및식물관련시설,퇴비화시설,9
01000,단독주택,학교,9
11000,노유자시설,저온창고,9
11000,노유자시설,양노원,9
20000,자동차관련시설,주차시설,9
14000,업무시설,경찰서,9
03000,제1종근린생활시설,대중탕,9
21000,동물및식물관련시설,및창고,9
02000,공동주택,동,9
01000,단독주택,제2동근린생활시설,9
24000,방송통신시설,발전실,9
01000,단독주택,및제1,9
30000,자원순환관련시설,제1종근린생활시설,9
04000,제2종근린생활시설,및근린생활시설,9
02000,공동주택,아동관련시설,9
02000,공동주택,티카페,9
26000,묘지관련시설,휴게실,9
02000,공동주택,저류조관리층,9
04000,제2종근린생활시설,리사무실,9
11000,노유자시설,주방,9
22000,분뇨.쓰레기처리시설,처리장,9
13000,운동시설,제1종근생,9
21000,동물및식물관련시설,건조창고,9
04000,제2종근린생활시설,국궁장,9
02000,공동주택,물탱크,9
14000,업무시설,벤처집적시설,9
04000,제2종근린생활시설,제1종근린생활시설및제2종근린생활시설,9
14000,업무시설,면사무소,9
17000,공장,공장부대시설,9
03000,제1종근린생활시설,온실,9
04000,제2종근린생활시설,제2종근링생활시설,9
02000,공동주택,생및다세대주택,9
21000,동물및식물관련시설,도계장,9
Z3000,근린생활시설,농업생산시설,9
03000,제1종근린생활시설,3호,9
03000,제1종근린생활시설,6,9
04000,제2종근린생활시설,운동,9
14000,업무시설,초소,9
17000,공장,유독물보관소,9
10000,교육연구시설,기술계학원,9
21000,동물및식물관련시설,발아실,9
02000,공동주택,감시반실,9
18000,창고시설,음식점,9
04000,제2종근린생활시설,서고,9
02000,공동주택,공용면적,9
11000,노유자시설,전기실,9
10000,교육연구시설,연구원,9
02000,공동주택,공공업무시설,9
01000,단독주택,단독주택창고,9
03000,제1종근린생활시설,전기자동차충전시설,9
01000,단독주택,가,9
02000,공동주택,피로티,9
14000,업무시설,병원,9
18000,창고시설,냉장실,9
18000,창고시설,축분건조장,9
Z3000,근린생활시설,장옥,9
03000,제1종근린생활시설,제1종근린생활시설및창고,9
03000,제1종근린생활시설,마을공동농산어촌체험시설,9
20000,자동차관련시설,주차장관리사무소,9
17000,공장,골재호퍼,9
01000,단독주택,16세대,9
01000,단독주택,외2종,9
01000,단독주택,주1,9
04000,제2종근린생활시설,대중,9
04000,제2종근린생활시설,식당및주택,9
18000,창고시설,벼보관창고,9
10000,교육연구시설,계사,9
18000,창고시설,하치장,9
17000,공장,자원순환시설,9
17000,공장,5고로,9
17000,공장,부속용도,9
03000,제1종근린생활시설,잡옥,9
16000,위락시설,당구장,9
01000,단독주택,점포및사무실,9
10000,교육연구시설,노유자,9
17000,공장,부자재창고,9
Z3000,근린생활시설,제조업소,9
01000,단독주택,다가구4,9
18000,창고시설,출하장,9
02000,공동주택,노인정관리사무소,9
03000,제1종근린생활시설,이동통신기지국,9
15000,숙박시설,하숙,9
17000,공장,통제실,9
02000,공동주택,주민까페,9
17000,공장,가공실,9
01000,단독주택,농촌주거환경개선사업,9
17000,공장,폐수처리관리실,9
08000,운수시설,격납고,9
17000,공장,부속사무소,9
02000,공동주택,다세대주,9
05000,문화및집회시설,공공시설,9
01000,단독주택,92,9
03000,제1종근린생활시설,공중목욕장,9
03000,제1종근린생활시설,2종근린생할시설,9
10000,교육연구시설,본관동,9
17000,공장,두부제조업,9
20000,자동차관련시설,생,9
17000,공장,1동,9
01000,단독주택,변소창고,9
17000,공장,제책업,9
21000,동물및식물관련시설,재배동,9
01000,단독주택,80년농촌주택개량,9
21000,동물및식물관련시설,곤축사육사,9
01000,단독주택,서당,9
17000,공장,숙성실,9
10000,교육연구시설,스탠드그늘막,9
21000,동물및식물관련시설,산림경영관리사,9
23000,교정및군사시설,잡옥건,9
10000,교육연구시설,그늘막,9
01000,단독주택,12세대,9
03000,제1종근린생활시설,유독물판매소,9
04000,제2종근린생활시설,농산물1차가공제조업,9
21000,동물및식물관련시설,퇴비,9
11000,노유자시설,1종근생,9
27000,관광휴게시설,전기실,9
04000,제2종근린생활시설,휴계음식점,9
02000,공동주택,부속창고,9
04000,제2종근린생활시설,후생복지시설,9
04000,제2종근린생활시설,교환실,9
06000,종교시설,동재,9
04000,제2종근린생활시설,명륜당,9
Z5000,문화및집회시설,노유자시설,9
03000,제1종근린생활시설,새마을금고,9
17000,공장,폐수처리조,9
21000,동물및식물관련시설,기타,9
10000,교육연구시설,실내체육관,9
21000,동물및식물관련시설,버섯재배관리사,9
11000,노유자시설,교육연구시설및,9
04000,제2종근린생활시설,세차장사무실,9
22000,분뇨.쓰레기처리시설,쓰레기소각시설,9
03000,제1종근린생활시설,1종근린생활시설외1,9
03000,제1종근린생활시설,영업용기타,9
21000,동물및식물관련시설,재배온실,9
17000,공장,배전반,9
03000,제1종근린생활시설,마을휴게정자,9
12000,수련시설,공공용시설,9
04000,제2종근린생활시설,제조실,8
01000,단독주택,연탄광,8
Z6000,판매및영업시설,제2종근린생활시설,8
03000,제1종근린생활시설,제2종근린생활시설및주택,8
21000,동물및식물관련시설,퇴비창고,8
04000,제2종근린생활시설,집하장,8
10000,교육연구시설,급식시설,8
17000,공장,제분소,8
01000,단독주택,주택및노유자시설,8
04000,제2종근린생활시설,계단탑,8
05000,문화및집회시설,매점,8
18000,창고시설,축양장,8
14000,업무시설,금융시설,8
02000,공동주택,피트니스센타,8
17000,공장,정문,8
17000,공장,발효실,8
13000,운동시설,근린공공시설,8
24000,방송통신시설,통신중계소,8
02000,공동주택,종업원숙소,8
17000,공장,지하저수조,8
14000,업무시설,6호,8
04000,제2종근린생활시설,노유자,8
17000,공장,공장및사무소,8
01000,단독주택,미술관,8
04000,제2종근린생활시설,재활용보관소,8
17000,공장,2동,8
18000,창고시설,감건조장,8
07000,판매시설,비주거,8
21000,동물및식물관련시설,퇴비사및퇴비저장소,8
04000,제2종근린생활시설,사무소및주택,8
21000,동물및식물관련시설,육추사,8
06000,종교시설,교육연구및,8
03000,제1종근린생활시설,119지역대,8
01000,단독주택,농촌주택및창고,8
01000,단독주택,다가구용단독주택7가구,8
18000,창고시설,건설자재보관창고,8
07000,판매시설,매표소,8
22000,분뇨.쓰레기처리시설,쓰레기소각장,8
04000,제2종근린생활시설,제거식화장실,8
15000,숙박시설,6호,8
02000,공동주택,구매시설및생활시설,8
01000,단독주택,1종근생및다가구주택,8
14000,업무시설,복리시설,8
25000,발전시설,사무소,8
18000,창고시설,학교시설,8
02000,공동주택,관리사무소및노인정,8
18000,창고시설,가스창고,8
30000,자원순환관련시설,페기물재활용시설,8
03000,제1종근린생활시설,10가구,8
18000,창고시설,쓰레기처리시설,8
01000,단독주택,2종근생및주택,8
09000,의료시설,외3,8
18000,창고시설,새마을회관,8
03000,제1종근린생활시설,7,8
17000,공장,경비실동,8
02000,공동주택,제2종근생시설,8
02000,공동주택,ev,8
21000,동물및식물관련시설,대중음식점,8
02000,공동주택,필로티,8
Z8000,교육연구및복지시설,2종근린생활시설,8
02000,공동주택,가스보관실,8
17000,공장,설계실,8
02000,공동주택,준주택,8
02000,공동주택,공용부분,8
05000,문화및집회시설,법당,8
18000,창고시설,공동구판장,8
18000,창고시설,유류판매소,8
08000,운수시설,주택,8
04000,제2종근린생활시설,농수산물가공,8
04000,제2종근린생활시설,전통공방,8
02000,공동주택,공용주방,8
01000,단독주택,다가구구택,8
03000,제1종근린생활시설,출장소,8
20000,자동차관련시설,해체작업장,8
02000,공동주택,다세대주택11세대,8
02000,공동주택,다세대주태,8
03000,제1종근린생활시설,공관,8
02000,공동주택,다세대주택임대,8
Z8000,교육연구및복지시설,학원,8
01000,단독주택,건조사,8
02000,공동주택,생활편익시설외,8
14000,업무시설,근린,8
03000,제1종근린생활시설,강의실,8
19000,위험물저장및처리시설,폐수처리장,8
12000,수련시설,자연휴양림내편익시설,8
19000,위험물저장및처리시설,처리서설,8
01000,단독주택,주택및계사,8
18000,창고시설,물치고,8
Z8000,교육연구및복지시설,교육연구시설및복지시설,8
04000,제2종근린생활시설,근린생활시설및창고시설,8
04000,제2종근린생활시설,관리사택,8
17000,공장,석탄분쇄실,8
03000,제1종근린생활시설,그린공공시설,8
01000,단독주택,피아노강습소,8
07000,판매시설,기계전기실,8
04000,제2종근린생활시설,제2종근린생활시실,8
01000,단독주택,일반주거,8
19000,위험물저장및처리시설,변전실,8
12000,수련시설,강당,8
14000,업무시설,1종,8
11000,노유자시설,근린생활시설및주택,8
03000,제1종근린생활시설,농수산물판매장,8
02000,공동주택,다세대주택13세대,8
04000,제2종근린생활시설,제2종근린생시설,8
04000,제2종근린생활시설,mdf,8
01000,단독주택,일용소매점,8
04000,제2종근린생활시설,편익시설,8
21000,동물및식물관련시설,식관련시설,8
03000,제1종근린생활시설,공해공장,8
01000,단독주택,개량,8
22000,분뇨.쓰레기처리시설,설비동,8
07000,판매시설,복도,8
11000,노유자시설,어린이,8
10000,교육연구시설,휴게소,8
21000,동물및식물관련시설,오리사육사,8
17000,공장,오피스텔,8
18000,창고시설,사료저장창고,8
02000,공동주택,기계및전기실,8
02000,공동주택,경비,8
02000,공동주택,물치,8
17000,공장,취수정,8
21000,동물및식물관련시설,식물과련시설,8
15000,숙박시설,일반목욕장,8
04000,제2종근린생활시설,일반철물제조업,8
03000,제1종근린생활시설,근린생활시설및다세대주택,8
08000,운수시설,폐기물처리시설,8
21000,동물및식물관련시설,농산물재배사,8
21000,동물및식물관련시설,동물관련시설및창고,8
05000,문화및집회시설,마사,8
04000,제2종근린생활시설,수리점및사무실,8
27000,관광휴게시설,전시시설,8
18000,창고시설,수산업창고,8
20000,자동차관련시설,전기자동차충전시설,8
03000,제1종근린생활시설,농산물판매소,8
17000,공장,조립공장,8
03000,제1종근린생활시설,제어실,8
02000,공동주택,경비실b,8
18000,창고시설,창고외1,8
03000,제1종근린생활시설,마을회관및노인정,8
Z3000,근린생활시설,근린생활시설외,8
01000,단독주택,팔각정,8
07000,판매시설,제2종,8
20000,자동차관련시설,자동차검사소,8
14000,업무시설,경로당,8
05000,문화및집회시설,사택,8
01000,단독주택,운수시설,8
18000,창고시설,포장실,8
03000,제1종근린생활시설,t,8
07000,판매시설,교육연구,8
10000,교육연구시설,연구동,8
02000,공동주택,노인복지시설,8
03000,제1종근린생활시설,2종종근린생활시설,8
17000,공장,석회소성,8
17000,공장,tms기계실,8
01000,단독주택,한약방,8
12000,수련시설,보일러실,8
03000,제1종근린생활시설,한증막,8
04000,제2종근린생활시설,관련제품,8
04000,제2종근린생활시설,재활용창고,8
01000,단독주택,단독주택및제1종근생,8
10000,교육연구시설,2용도,8
,,농사용창고,8
01000,단독주택,벽돌,8
03000,제1종근린생활시설,집회장,8
04000,제2종근린생활시설,목재건구,8
11000,노유자시설,문화,8
17000,공장,경비,8
04000,제2종근린생활시설,피아노교습소,8
03000,제1종근린생활시설,관련,8
11000,노유자시설,사회복지법인,8
16000,위락시설,음식점,8
13000,운동시설,스크린골프장,8
05000,문화및집회시설,수목원,8
02000,공동주택,주민지원센터,8
02000,공동주택,세대공용창고,8
18000,창고시설,새마을공동창고,8
22000,분뇨.쓰레기처리시설,관광휴게시설,8
27000,관광휴게시설,2,8
07000,판매시설,위락,8
22000,분뇨.쓰레기처리시설,탈수기실,8
07000,판매시설,관리사무실,8
,,관리사무실,8
13000,운동시설,비가림시설,8
01000,단독주택,매점,8
07000,판매시설,판매시설외,8
01000,단독주택,다구가주택,8
21000,동물및식물관련시설,창고및퇴비사,8
02000,공동주택,근린생활시설2,8
17000,공장,수변전실,8
18000,창고시설,냉동저온창고,8
27000,관광휴게시설,공원유원지,8
21000,동물및식물관련시설,육묘및종묘배양장,8
17000,공장,자동차부품공장,8
01000,단독주택,단독주택외창고,8
04000,제2종근린생활시설,증산회관,8
01000,단독주택,제2종근생및주택,8
01000,단독주택,단독주택및주차장,8
04000,제2종근린생활시설,제1종근린생활시설및주택,8
21000,동물및식물관련시설,톱밥우사및퇴비사,8
17000,공장,시험장,8
18000,창고시설,고추건조장,8
17000,공장,세척장,8
01000,단독주택,78,8
02000,공동주택,다목적운동시설,8
18000,창고시설,사무실및창고,8
04000,제2종근린생활시설,2종근린생활시설외1용도,8
02000,공동주택,24,8
18000,창고시설,부락공동창고,8
02000,공동주택,교습소,8
10000,교육연구시설,영유아보육시설,8
01000,단독주택,4가구주택,8
21000,동물및식물관련시설,퇴비제조장,8
05000,문화및집회시설,수녀원,8
03000,제1종근린생활시설,구매점,8
18000,창고시설,제재소,8
04000,제2종근린생활시설,한문학원,8
18000,창고시설,농가형,8
03000,제1종근린생활시설,격납고,8
17000,공장,동식물관련시설,8
02000,공동주택,전기및펌프실,8
03000,제1종근린생활시설,취급소,8
06000,종교시설,지하실,8
02000,공동주택,주민회의소,8
02000,공동주택,38세대,8
02000,공동주택,39세대,8
01000,단독주택,누각,8
17000,공장,식품가공업,8
14000,업무시설,준주택,8
Z6000,판매및영업시설,판매,8
02000,공동주택,셔틀e,8
02000,공동주택,재활용품보관소2,8
33000,"국방,군사시설",국방시설본부,8
11000,노유자시설,노유자시설및제1종근린생활시설,8
01000,단독주택,94취락구조개선사업,8
17000,공장,주차장캐노피,8
20000,자동차관련시설,공공용시설,8
19000,위험물저장및처리시설,주유캐노피,8
17000,공장,공장작업장,8
01000,단독주택,아래채,8
04000,제2종근린생활시설,제2종일반주거지역,8
25000,발전시설,부속창고,8
21000,동물및식물관련시설,수산종묘배양장,8
11000,노유자시설,외3,8
02000,공동주택,공동연립주택,8
23000,교정및군사시설,아파트,8
10000,교육연구시설,교사2호동,8
21000,동물및식물관련시설,표고버섯재배사,8
05000,문화및집회시설,대중음식점,8
21000,동물및식물관련시설,음식점,8
24000,방송통신시설,시설,8
07000,판매시설,외4,8
10000,교육연구시설,계단실,8
10000,교육연구시설,부속건물,8
03000,제1종근린생활시설,복도,8
04000,제2종근린생활시설,가스저장고,8
04000,제2종근린생활시설,2가구용,8
02000,공동주택,재활용품수집소,8
01000,단독주택,13세대,8
04000,제2종근린생활시설,근랜생활시설,8
01000,단독주택,저장창고,8
03000,제1종근린생활시설,공장시설,8
21000,동물및식물관련시설,축사및퇴적장,8
23000,교정및군사시설,체육시설,8
10000,교육연구시설,대학본부,8
17000,공장,1용도,8
13000,운동시설,집회시설,8
06000,종교시설,2종,8
05000,문화및집회시설,수장고,8
11000,노유자시설,냉동창고,8
02000,공동주택,주민편익시설,8
01000,단독주택,근린생활시설1종,8
Z8000,교육연구및복지시설,식당,8
10000,교육연구시설,군사시설,8
04000,제2종근린생활시설,8세대,8
01000,단독주택,다각구주택,8
19000,위험물저장및처리시설,수위실,8
17000,공장,발열량계,8
10000,교육연구시설,대힉교,8
04000,제2종근린생활시설,제1종근린생활시설외1용도,8
03000,제1종근린생활시설,근린생활시설2,8
03000,제1종근린생활시설,마을하수처리장,8
20000,자동차관련시설,그,8
07201,상점(소매점),상점,8
20000,자동차관련시설,자동차관련시설외2,8
18000,창고시설,창고시설외2,8
18000,창고시설,사과저온창고,8
01000,단독주택,직원사택,8
18000,창고시설,청고시설,8
01000,단독주택,단독주낵,8
06000,종교시설,수위실,8
15000,숙박시설,펌프실,8
04000,제2종근린생활시설,펌프장,8
17000,공장,본관,8
04000,제2종근린생활시설,농막,8
20000,자동차관련시설,교육장,8
11000,노유자시설,2종,8
18000,창고시설,사과저장창고,8
11000,노유자시설,숙사,8
01000,단독주택,상가주택,8
17000,공장,소각로,8
05000,문화및집회시설,문화및집회시설외,8
17000,공장,제제소,8
19000,위험물저장및처리시설,발전기실,8
03000,제1종근린생활시설,기타사무소,8
01000,단독주택,일층,8
11000,노유자시설,후생복지시설,8
18000,창고시설,배저장고,8
17000,공장,유틸리티,8
06000,종교시설,회관,8
19000,위험물저장및처리시설,위험물저장실,8
17000,공장,부속기계실,8
02000,공동주택,소매시장,8
11000,노유자시설,생활편익시설,8
17000,공장,원료투입실,8
25000,발전시설,소음방지시설,8
17000,공장,선별장,8
06000,종교시설,원사,8
14000,업무시설,정비고,8
11000,노유자시설,생,8
21000,동물및식물관련시설,관리사및우사,8
04000,제2종근린생활시설,제2종근린생활시설외2건,8
19000,위험물저장및처리시설,위험물일반취급소,8
03000,제1종근린생활시설,점포외1,8
06000,종교시설,천주교,8
10000,교육연구시설,통로,8
21000,동물및식물관련시설,동물관련시설물,8
02000,공동주택,저수조펌프실,8
10000,교육연구시설,경로당,8
01000,단독주택,창고시설및주택,8
01000,단독주택,주택및종교시설,8
01000,단독주택,다가구주택및근생시설,8
21000,동물및식물관련시설,동물및동물관련시설,8
17000,공장,해태건조처리장,8
07000,판매시설,연결통로,8
20000,자동차관련시설,자동세차장,8
Z8000,교육연구및복지시설,창고시설,8
04000,제2종근린생활시설,생활숙박시설,8
01000,단독주택,다중주택및근린생활시설,8
01000,단독주택,농기구보관창고,8
03000,제1종근린생활시설,사당,8
10000,교육연구시설,학군단,8
21000,동물및식물관련시설,격리사,8
17000,공장,체험장,8
10000,교육연구시설,쓰레기처리장,8
19000,위험물저장및처리시설,가스,8
07000,판매시설,영화관,8
01000,단독주택,도서실,8
04000,제2종근린생활시설,석유판매소,8
02000,공동주택,분양,8
21000,동물및식물관련시설,소독조,8
14000,업무시설,운동,8
02000,공동주택,스튜디오,8
17000,공장,조정실동,8
01000,단독주택,구판장,8
03000,제1종근린생활시설,부속차고,8
19000,위험물저장및처리시설,일반취급소,8
20000,자동차관련시설,전기자동차충전소,8
18000,창고시설,농사용저온저장고,8
20000,자동차관련시설,대합실,8
02000,공동주택,전실,8
02000,공동주택,관리창고,8
21000,동물및식물관련시설,자동차관련시설,8
Z6000,판매및영업시설,영업시설,8
14000,업무시설,1호,8
02000,공동주택,경비실a,8
01000,단독주택,욕실및화장실,8
02000,공동주택,유아보육시설,8
17000,공장,유리공장,8
21000,동물및식물관련시설,동물및식물관시설,8
01000,단독주택,근린생활시설및단독주택5가구,8
18000,창고시설,재활용품창고,8
03000,제1종근린생활시설,1종근린공공시설,8
02000,공동주택,생활편익시설외1,8
14000,업무시설,세대창고,8
04000,제2종근린생활시설,농산물1차가공시설,8
01000,단독주택,다가구11,8
02000,공동주택,기타주민공동시설,8
12000,수련시설,기계실,8
09000,의료시설,노인전문병원,8
03000,제1종근린생활시설,자동교환장치기계실,8
01000,단독주택,주택및대중음식점,8
17000,공장,소방용수밸브실,8
30000,자원순환관련시설,보일러실,8
01000,단독주택,단독주택4가구,8
17000,공장,시범공장,8
03000,제1종근린생활시설,제사,8
01000,단독주택,조산소,8
01000,단독주택,단독주택다가구용,8
17000,공장,해수탱크,8
18000,창고시설,숯가마,8
02000,공동주택,외1용도,8
17000,공장,호퍼,8
17000,공장,교육관,8
17000,공장,보안실,8
03000,제1종근린생활시설,면민회관,8
02000,공동주택,생활폐기물보관시설,8
03000,제1종근린생활시설,제1종근린샐활시설,8
Z6000,판매및영업시설,2종근린생활시설,8
17000,공장,생산실,8
02000,공동주택,지하주차장a,8
21000,동물및식물관련시설,공동잠실,8
22000,분뇨.쓰레기처리시설,축산분뇨처리시설,8
02000,공동주택,어린이놀이터,8
19000,위험물저장및처리시설,폭약고,8
18000,창고시설,단층창고,8
04000,제2종근린생활시설,식품,8
04000,제2종근린생활시설,본관,8
16000,위락시설,자동차관련시설,8
01000,단독주택,사무실및주택,8
02000,공동주택,기계실1,8
01000,단독주택,단독주댁,8
17000,공장,comp실,8
02000,공동주택,70세대,8
17000,공장,g,8
02000,공동주택,출입구,8
17000,공장,옥내위험물저장소,8
15000,숙박시설,미용원,8
17000,공장,하차장,8
17000,공장,공공용시설,8
03000,제1종근린생활시설,열공급시설,8
03000,제1종근린생활시설,제1종근생및단독주택,8
20000,자동차관련시설,검사소,8
Z3000,근린생활시설,5가구,8
17000,공장,수위동,8
01000,단독주택,대피호,8
30000,자원순환관련시설,관리동,8
17000,공장,검수실,8
23000,교정및군사시설,위병소,8
03000,제1종근린생활시설,소방대기소,8
01000,단독주택,주택및대피소,8
11000,노유자시설,직원숙사,8
17000,공장,연립주택,8
02000,공동주택,복층,8
02000,공동주택,소화밸브실,8
18000,창고시설,곡물건조실,8
17000,공장,10,8
02000,공동주택,외부용엘리베이터,8
14000,업무시설,도시형,8
03000,제1종근린생활시설,숙영시설,8
Z5000,문화및집회시설,예배당,8
04000,제2종근린생활시설,식품제조공장,8
02000,공동주택,기,8
03000,제1종근린생활시설,관리,8
17000,공장,공작물탱크yt,8
16000,위락시설,운동시설,8
02000,공동주택,락커룸,8
18000,창고시설,창고및저온창고,8
Z5000,문화및집회시설,식당,8
04000,제2종근린생활시설,수영장,8
11000,노유자시설,체력단련실,8
17000,공장,본공장,8
27000,관광휴게시설,단독주택,8
21000,동물및식물관련시설,소,8
17000,공장,소방,8
10000,교육연구시설,다용도실,8
14000,업무시설,13호,8
,,수위실,8
,,생,8
13000,운동시설,문화,8
04000,제2종근린생활시설,홀,8
17000,공장,정수처리장,8
21000,동물및식물관련시설,축사부속창고,8
05000,문화및집회시설,초소,8
30000,자원순환관련시설,폐기물처리시설및폐기물감량화시설,8
27000,관광휴게시설,관관휴게시설,8
02000,공동주택,방제실,8
04000,제2종근린생활시설,기존,8
18000,창고시설,공작실,8
01000,단독주택,일용잡화점,8
17000,공장,공장및관리사,8
03000,제1종근린생활시설,공원편익시설,8
04000,제2종근린생활시설,농산물건조장,8
03000,제1종근린생활시설,소매점부속창고,8
03000,제1종근린생활시설,상설시장,8
15000,숙박시설,지하주차장,8
27000,관광휴게시설,근린공공시설,8
02000,공동주택,단지형다세대주택8세대,8
03000,제1종근린생활시설,전화교환시설,8
04000,제2종근린생활시설,금고,8
Z3000,근린생활시설,일반공장,8
15000,숙박시설,가스저장고,8
17000,공장,검차장,8
15000,숙박시설,휴양,8
16000,위락시설,근린시설,8
14000,업무시설,폐수종말처리장,8
01000,단독주택,다가구7,8
04000,제2종근린생활시설,위험물판매취급소,8
04000,제2종근린생활시설,3층,8
17000,공장,1차,8
13000,운동시설,스크린골프연습장,8
17000,공장,오폐수처리시설,8
05000,문화및집회시설,부대시설,8
03000,제1종근린생활시설,황토방,8
03000,제1종근린생활시설,동청사,8
16000,위락시설,유원시설,8
14000,업무시설,발전실,8
01000,단독주택,탑옥,8
03000,제1종근린생활시설,일반,8
03000,제1종근린생활시설,부속시설,8
11000,노유자시설,목욕탕,8
22000,분뇨.쓰레기처리시설,송풍기실,8
03000,제1종근린생활시설,보훈회관,8
02000,공동주택,단지형대세대,8
17000,공장,리프트,8
14000,업무시설,도시형생활주택단지형다세대,8
03000,제1종근린생활시설,제1종근랜생활시설,8
21000,동물및식물관련시설,모시잎재배사,8
18000,창고시설,농가생산시설,8
15000,숙박시설,관광팬션업,8
04000,제2종근린생활시설,품질관리실,8
17000,공장,세탁공장,8
06000,종교시설,사천왕문,8
01000,단독주택,다가구주,8
15000,숙박시설,공동주택,8
26000,묘지관련시설,근린생활시설,8
01000,단독주택,산장,8
01000,단독주택,농가단독주택,8
05000,문화및집회시설,삼문,8
17000,공장,골판지제조업,8
04000,제2종근린생활시설,주민체육시설,8
03000,제1종근린생활시설,운동,8
01000,단독주택,다과점,8
13000,운동시설,전기실,8
01000,단독주택,휴게소,8
13000,운동시설,보일러실,8
10000,교육연구시설,공작실,8
17000,공장,석재가공,8
17000,공장,저장실,8
04000,제2종근린생활시설,장류제조업,8
04000,제2종근린생활시설,종무소,8
Z3000,근린생활시설,공중화장실,8
05000,문화및집회시설,동,8
01000,단독주택,점포및창고,8
21000,동물및식물관련시설,저장실,8
18000,창고시설,보관용,8
17000,공장,유틸리티실,8
05000,문화및집회시설,회의장,8
Z5000,문화및집회시설,부속사,8
04000,제2종근린생활시설,2종근린생황시설,8
17000,공장,증축,8
04000,제2종근린생활시설,제2종근생생활시설,8
17000,공장,송풍기방음실,8
22000,분뇨.쓰레기처리시설,마을하수도,8
17000,공장,지하주차장,8
01000,단독주택,21호,8
17000,공장,위험물저장실,8
03000,제1종근린생활시설,소방펌프실,8
21000,동물및식물관련시설,종계장,8
18000,창고시설,창고및공장,8
17000,공장,폐사장,8
21000,동물및식물관련시설,퇴비보관소,8
21000,동물및식물관련시설,액비저장고,8
18000,창고시설,제설창고,8
04000,제2종근린생활시설,제1종제2종근린생활시설,8
06000,종교시설,기타종교집회장,8
18000,창고시설,샤워장,8
01000,단독주택,개량주택,8
03000,제1종근린생활시설,농업용시설,8
01000,단독주택,1종근린시설,8
07000,판매시설,1종근린생활시설,8
10000,교육연구시설,부속병원,8
17000,공장,농산물1차가공공장,8
Z3000,근린생활시설,다가구용단독주택,8
01000,단독주택,교사,8
20000,자동차관련시설,주차장관련시설,8
01000,단독주택,전기실,8
01000,단독주택,19가구용,8
04000,제2종근린생활시설,영업장,8
03000,제1종근린생활시설,다중생활시설,8
02000,공동주택,파크스테이션,8
02000,공동주택,빗물펌프실,8
20000,자동차관련시설,전기자동차,8
03000,제1종근린생활시설,기지국,8
19000,위험물저장및처리시설,업무시설,8
10000,교육연구시설,훈련원,8
03000,제1종근린생활시설,근린생황시설,8
10000,교육연구시설,지원시설,8
04000,제2종근린생활시설,주거용,8
10000,교육연구시설,창고2,8
17000,공장,도료창고,8
04000,제2종근린생활시설,주유대,8
11000,노유자시설,관리,8
Z8000,교육연구및복지시설,펌프실,8
01000,단독주택,제1종근린생화시설,8
01000,단독주택,식품제조업,8
19000,위험물저장및처리시설,주,8
07000,판매시설,부대시설,8
21000,동물및식물관련시설,middot,8
17000,공장,임산물가공처리시설,8
02000,공동주택,연립사택,8
04000,제2종근린생활시설,낚시터관리사,8
01000,단독주택,공장및창고시설,8
21000,동물및식물관련시설,버섯재배장,8
04000,제2종근린생활시설,쉼터,8
18000,창고시설,과일저장창고,8
10000,교육연구시설,문서고,8
21000,동물및식물관련시설,사슴목장,8
23000,교정및군사시설,교육시설,8
Z3000,근린생활시설,경비실,8
27000,관광휴게시설,관리소,8
04000,제2종근린생활시설,사무실및기숙사,8
30000,자원순환관련시설,펌프실,8
03000,제1종근린생활시설,농기계수리점,8
01000,단독주택,암자,8
03000,제1종근린생활시설,저온저장창고,8
03000,제1종근린생활시설,2종근린시설,8
Z3000,근린생활시설,4가구,8
04000,제2종근린생활시설,삼신각,8
02000,공동주택,주택및,8
02000,공동주택,eps실,8
06000,종교시설,1가구,8
04000,제2종근린생활시설,봉제공장,8
01000,단독주택,다가구15,8
17000,공장,열처리실,8
18000,창고시설,농기계수리센타,8
27000,관광휴게시설,공원시설,8
01000,단독주택,근린생활시설및단독,8
20000,자동차관련시설,공해공장,8
04000,제2종근린생활시설,목재건구제조장,8
04000,제2종근린생활시설,선방,8
17000,공장,공장및후생복지시설,8
14000,업무시설,상가,8
02000,공동주택,쓰레기저장소,8
03000,제1종근린생활시설,소매시장,8
11000,노유자시설,주민공동시설,8
03000,제1종근린생활시설,문고,8
21000,동물및식물관련시설,톱밥축사,8
03000,제1종근린생활시설,수도공급시설,8
06000,종교시설,아동시설,8
03000,제1종근린생활시설,농촌주택,8
02000,공동주택,s,8
02000,공동주택,25세대,8
21000,동물및식물관련시설,공동건조장,8
17000,공장,골재장,8
23000,교정및군사시설,위생,8
18000,창고시설,선원급식소,8
30000,자원순환관련시설,가축분뇨공동자원화시설,8
02000,공동주택,공동주택외3,8
17000,공장,모래저장시설,8
31000,야영장시설,외1,8
15000,숙박시설,물치,8
04000,제2종근린생활시설,농기구센타,8
27000,관광휴게시설,공원화장실,8
06000,종교시설,시설,8
04000,제2종근린생활시설,주택및사무실,8
18000,창고시설,농업기반시설,8
02000,공동주택,net,8
21000,동물및식물관련시설,농가,8
02000,공동주택,주민집회실,8
11000,노유자시설,관리사무실,8
11000,노유자시설,제2종,8
13000,운동시설,2종,8
18000,창고시설,외1용도,8
18000,창고시설,농약창고,8
31000,야영장시설,사무소,8
01000,단독주택,농어업용,8
17000,공장,탭,8
27000,관광휴게시설,매장,8
04000,제2종근린생활시설,집회실,8
01000,단독주택,1종근생시설,8
03000,제1종근린생활시설,농기계공동보관창고,8
04000,제2종근린생활시설,건강관리실,8
02000,공동주택,동아리방,8
09000,의료시설,숙소,8
17000,공장,티,8
02000,공동주택,도시생활주택,8
02000,공동주택,대기실,8
03000,제1종근린생활시설,일반게임제공업의시설,8
21000,동물및식물관련시설,곡물건조장,8
03000,제1종근린생활시설,생활편의시설,8
04000,제2종근린생활시설,관리인숙소,8
04000,제2종근린생활시설,생활관,8
04000,제2종근린생활시설,근린생활시설및자동차관련시설,8
02000,공동주택,빌라,8
02000,공동주택,판매시설및근린생활시설,8
31000,야영장시설,카라반,8
10000,교육연구시설,전시실,8
07000,판매시설,농산물도매시장,8
03000,제1종근린생활시설,보건,8
12000,수련시설,관리실,8
15000,숙박시설,관리동,8
02000,공동주택,다세대1,8
20000,자동차관련시설,자동차차고,8
18000,창고시설,물품창고,8
19000,위험물저장및처리시설,유독물보관소,8
21000,동물및식물관련시설,비가림,8
06000,종교시설,학원,8
01000,단독주택,이,8
27000,관광휴게시설,변소,8
18000,창고시설,농산물저장,8
03000,제1종근린생활시설,카센타,8
02000,공동주택,스파시설,8
11000,노유자시설,노인,8
04000,제2종근린생활시설,통신시설,8
03000,제1종근린생활시설,종근생,8
20000,자동차관련시설,정비동,8
14000,업무시설,3호,8
03000,제1종근린생활시설,공공용,8
02000,공동주택,멀티프로그램,8
21000,동물및식물관련시설,주거,8
02000,공동주택,위험물저장및처리시설,8
21000,동물및식물관련시설,화원,8
01000,단독주택,위험물판매소,8
04000,제2종근린생활시설,커피숍,8
05000,문화및집회시설,야구장,8
01000,단독주택,취사용가스판매점,8
02000,공동주택,제2종근린생활,8
27000,관광휴게시설,보일러실,8
01000,단독주택,다가구택,8
09000,의료시설,휴게실,8
17000,공장,시멘트,8
17000,공장,연구,8
17000,공장,직물공장,8
01000,단독주택,4층,8
14000,업무시설,시험실,8
01000,단독주택,다가구8,8
22000,분뇨.쓰레기처리시설,폐수처리실,8
15000,숙박시설,주점영업,8
03000,제1종근린생활시설,배수펌프동,8
01000,단독주택,주택및잠실,8
09000,의료시설,의료시설외2,8
18000,창고시설,퇴비시설,8
01000,단독주택,농업용관리사,8
05000,문화및집회시설,문화및관람집회시설,8
Z8000,교육연구및복지시설,보육시설,8
Z5000,문화및집회시설,관리사,8
04000,제2종근린생활시설,석재가공공장,8
06000,종교시설,의식시설,8
01000,단독주택,판매취급소,7
17000,공장,전산실,7
03000,제1종근린생활시설,분뇨,7
02000,공동주택,탕비실,7
17000,공장,지하,7
13000,운동시설,복지시설,7
09000,의료시설,근생,7
07000,판매시설,휴게음식점,7
17000,공장,달리,7
01000,단독주택,건조대,7
04000,제2종근린생활시설,유류판매소,7
30000,자원순환관련시설,1,7
14000,업무시설,근린생할시설,7
01000,단독주택,단독가구,7
18000,창고시설,원료보관창고,7
26000,묘지관련시설,사무소,7
04000,제2종근린생활시설,다가구주택및,7
24000,방송통신시설,전화교환시설,7
02000,공동주택,감압실,7
03000,제1종근린생활시설,장비고,7
18000,창고시설,농기게보관창고,7
Z5000,문화및집회시설,서원,7
18000,창고시설,농기계임대창고,7
21000,동물및식물관련시설,농업시설,7
03000,제1종근린생활시설,생활근린시설,7
19000,위험물저장및처리시설,위험물저장및처리리설,7
17000,공장,장류제조업,7
01000,단독주택,사제관,7
01000,단독주택,13실,7
21000,동물및식물관련시설,농촌주택,7
04000,제2종근린생활시설,금형및,7
10000,교육연구시설,금융업소,7
Z3000,근린생활시설,외2,7
17000,공장,완제품창고,7
02000,공동주택,포함,7
21000,동물및식물관련시설,톱밥용우사,7
01000,단독주택,다가구주태,7
01000,단독주택,철근콘크리트,7
04000,제2종근린생활시설,사무실및연쇄점,7
15000,숙박시설,여관및점포,7
03000,제1종근린생활시설,정비공장,7
18000,창고시설,농산물유통창고,7
03000,제1종근린생활시설,마을공동생태체험시설,7
17000,공장,절단장,7
02000,공동주택,2종근생및다세대주택,7
03000,제1종근린생활시설,부건,7
25000,발전시설,관리사,7
11000,노유자시설,주민복지관,7
01000,단독주택,주택의부속된창고,7
07000,판매시설,공설시장,7
10000,교육연구시설,교직원숙소,7
06000,종교시설,보육시설,7
Z5000,문화및집회시설,집회장,7
01000,단독주택,금융업소,7
01000,단독주택,대상,7
29000,장례시설,묘지관련시설,7
13000,운동시설,당구장,7
13000,운동시설,발전기실,7
04000,제2종근린생활시설,11가구,7
07000,판매시설,수리점,7
14000,업무시설,일반,7
21000,동물및식물관련시설,개방식,7
03000,제1종근린생활시설,경찰관,7
13000,운동시설,선수대기실,7
03000,제1종근린생활시설,잡화,7
22000,분뇨.쓰레기처리시설,시설,7
11000,노유자시설,구판장,7
21000,동물및식물관련시설,이유자돈사,7
18000,창고시설,위험물취급소,7
17000,공장,목재가공공장,7
10000,교육연구시설,창고동,7
20000,자동차관련시설,자동차정비시설,7
04000,제2종근린생활시설,차고지사무실,7
02000,공동주택,맘스키즈카페,7
01000,단독주택,다가구18,7
17000,공장,김치공장,7
03000,제1종근린생활시설,판매점,7
04000,제2종근린생활시설,3세대,7
10000,교육연구시설,우사,7
08000,운수시설,소매점,7
17000,공장,정화조,7
03000,제1종근린생활시설,마을공동화장실,7
01000,단독주택,분양불가,7
07000,판매시설,노인정,7
18000,창고시설,농산물보관시설,7
18000,창고시설,취수공,7
01000,단독주택,94농촌주택개량,7
21000,동물및식물관련시설,해태배양장,7
18000,창고시설,부품창고,7
04000,제2종근린생활시설,다가구주택및근린생활시설,7
17000,공장,모폐드차고,7
03000,제1종근린생활시설,마을공동휴게소,7
04000,제2종근린생활시설,대성전,7
14000,업무시설,3가구,7
02000,공동주택,지하주차장5,7
03000,제1종근린생활시설,쓰레기처리시설,7
02000,공동주택,승하차대기실,7
02000,공동주택,내,7
,,주2,7
04000,제2종근린생활시설,제2존근린생활시설,7
03000,제1종근린생활시설,노래연습실,7
01000,단독주택,기원,7
17000,공장,comp,7
01000,단독주택,관리사무실,7
02000,공동주택,3개동,7
17000,공장,gate,7
18000,창고시설,마을,7
02000,공동주택,아파트계단실,7
03000,제1종근린생활시설,방수설비,7
01000,단독주택,다가구3가구용,7
03000,제1종근린생활시설,미,7
04000,제2종근린생활시설,부속주차장,7
03000,제1종근린생활시설,증축,7
03000,제1종근린생활시설,노인시설,7
02000,공동주택,주민복리,7
03000,제1종근린생활시설,복지관,7
03000,제1종근린생활시설,전시실,7
11000,노유자시설,대피실,7
01000,단독주택,부속및축사,7
10000,교육연구시설,스탠드차양,7
17000,공장,tower,7
20000,자동차관련시설,학원,7
02000,공동주택,재활용폐기물,7
02000,공동주택,상가a,7
27000,관광휴게시설,자연권수련시설,7
01000,단독주택,전원주택,7
01000,단독주택,근린생활시설및주택4가구,7
18000,창고시설,창고시설및주택,7
Z5000,문화및집회시설,제1종근린생활시설,7
04000,제2종근린생활시설,산신당,7
13000,운동시설,실내테니스장,7
01000,단독주택,근생주택,7
02000,공동주택,리셉션룸,7
24000,방송통신시설,무선국,7
02000,공동주택,경로당2,7
03000,제1종근린생활시설,간이tvr중계소,7
04000,제2종근린생활시설,근린생활시설및단독주택1가구용,7
30000,자원순환관련시설,폐기물재할용시설,7
14000,업무시설,단초소,7
03000,제1종근린생활시설,계단칸,7
04000,제2종근린생활시설,주택및대중음식점,7
02000,공동주택,다세대10,7
01000,단독주택,농어가용주택,7
03000,제1종근린생활시설,공공하수처리시설,7
22000,분뇨.쓰레기처리시설,퇴적장,7
01000,단독주택,제2종그린생활시설,7
,,방앗간,7
19000,위험물저장및처리시설,일용품소매점,7
25000,발전시설,경비실,7
18000,창고시설,분뇨,7
02000,공동주택,제1종근,7
06000,종교시설,명륜당,7
12000,수련시설,주택,7
Z6000,판매및영업시설,교육연구및복지시설,7
18000,창고시설,창고및기숙사,7
17000,공장,oil,7
14000,업무시설,24세대,7
22000,분뇨.쓰레기처리시설,소각로,7
21000,동물및식물관련시설,차량소독시설,7
15000,숙박시설,판매및영업시설,7
18000,창고시설,집회시설,7
04000,제2종근린생활시설,주택및교회,7
17000,공장,봉제,7
03000,제1종근린생활시설,3용도,7
18000,창고시설,선구창고,7
01000,단독주택,세멘장,7
08000,운수시설,폐수처리장,7
02000,공동주택,원룸형28세대,7
01000,단독주택,단독주택형다가구주택,7
17000,공장,벽돌제조업,7
06000,종교시설,불교회관,7
22000,분뇨.쓰레기처리시설,폐기물중간처리시설,7
18000,창고시설,농산물판매장,7
30000,자원순환관련시설,관리사,7
20000,자동차관련시설,골프연습장,7
03000,제1종근린생활시설,농업용,7
08000,운수시설,버스터미널,7
17000,공장,식당및,7
18000,창고시설,저온냉장고,7
15000,숙박시설,위락시설및숙박시설,7
01000,단독주택,8실,7
13000,운동시설,운동시설외,7
03000,제1종근린생활시설,전화,7
03000,제1종근린생활시설,농기계창고,7
17000,공장,장비실,7
01000,단독주택,b,7
18000,창고시설,주,7
06000,종교시설,아동복지시설,7
03000,제1종근린생활시설,마을회관및창고,7
12000,수련시설,휴게소,7
10000,교육연구시설,2가구,7
17000,공장,돈사,7
06000,종교시설,설법전,7
30000,자원순환관련시설,실험실,7
17000,공장,공장및화장실,7
17000,공장,pilot,7
09000,의료시설,의료,7
03000,제1종근린생활시설,8,7
,,2,7
05000,문화및집회시설,외3,7
03000,제1종근린생활시설,농업,7
03000,제1종근린생활시설,치과,7
15000,숙박시설,게임제공업소,7
04000,제2종근린생활시설,공부방,7
18000,창고시설,보세창고,7
01000,단독주택,톱밥우사,7
03000,제1종근린생활시설,휴게,7
01000,단독주택,제1종및,7
04000,제2종근린생활시설,사무실및근린생활시설,7
01000,단독주택,축사및변소,7
17000,공장,분석동,7
02000,공동주택,근로자아파트,7
02000,공동주택,플레이클럽,7
26000,묘지관련시설,행여집,7
09000,의료시설,모정,7
17000,공장,녹차가공공장,7
03000,제1종근린생활시설,하숙,7
03000,제1종근린생활시설,실험실,7
03000,제1종근린생활시설,저수조,7
24000,방송통신시설,부대시설,7
17000,공장,기,7
01000,단독주택,교회관사,7
03000,제1종근린생활시설,자동차수리점,7
03000,제1종근린생활시설,마을공공시설,7
02000,공동주택,음식물처리시설,7
21000,동물및식물관련시설,버섯제배사,7
21000,동물및식물관련시설,배섯재배사,7
07000,판매시설,전통시장,7
17000,공장,단독주택외1,7
22000,분뇨.쓰레기처리시설,환경위생시설,7
03000,제1종근린생활시설,근린생활시설외1건,7
01000,단독주택,물리장,7
17000,공장,크링카저장싸이로,7
02000,공동주택,근린생활및다세대주택,7
24000,방송통신시설,방송시설,7
08000,운수시설,근로자대기소,7
03000,제1종근린생활시설,사회적기업,7
04000,제2종근린생활시설,체험관,7
21000,동물및식물관련시설,사택,7
07000,판매시설,2종,7
02000,공동주택,다목적공간,7
01000,단독주택,95농촌주거환경개선사업주택,7
01000,단독주택,함석,7
18000,창고시설,곡물건조창고,7
14000,업무시설,12세대,7
Z6000,판매및영업시설,주택,7
03000,제1종근린생활시설,인쇄소,7
19000,위험물저장및처리시설,석유,7
04000,제2종근린생활시설,간이수리소,7
01000,단독주택,취미실,7
03000,제1종근린생활시설,식료,7
03000,제1종근린생활시설,외2종,7
03000,제1종근린생활시설,피아노교습소,7
02000,공동주택,72세대,7
,,식품위생시설,7
21000,동물및식물관련시설,양송이사,7
23000,교정및군사시설,방재실,7
02000,공동주택,근리생활시설,7
03000,제1종근린생활시설,민방위비상급수시설,7
20000,자동차관련시설,문화,7
03000,제1종근린생활시설,점포및식당,7
18000,창고시설,자원순환시설,7
01000,단독주택,제2종근린생활시,7
01000,단독주택,정문,7
10000,교육연구시설,대중음식점,7
01000,단독주택,축사시설,7
11000,노유자시설,공공시설,7
15000,숙박시설,일반호텔,7
18000,창고시설,해태종합처리장,7
02000,공동주택,7호,7
04000,제2종근린생활시설,대중음식점및,7
11000,노유자시설,보육실,7
03000,제1종근린생활시설,제1종린생활시설,7
01000,단독주택,침술원,7
04000,제2종근린생활시설,시설강습소,7
21000,동물및식물관련시설,가축용운동시설,7
21000,동물및식물관련시설,돈분발효장,7
18000,창고시설,경비초소,7
21000,동물및식물관련시설,00,7
03000,제1종근린생활시설,구매시설및생활시설,7
03000,제1종근린생활시설,입시학원,7
02000,공동주택,원룸형10세대,7
04000,제2종근린생활시설,택지2,7
17000,공장,개발실,7
02000,공동주택,목욕장,7
04000,제2종근린생활시설,관람집회,7
19000,위험물저장및처리시설,판매,7
17000,공장,모타실,7
01000,단독주택,일반음식점및,7
07000,판매시설,일반업무시설,7
27000,관광휴게시설,냉동창고,7
17000,공장,시험연구실,7
17000,공장,연구개발실,7
17000,공장,일반업무시설,7
17000,공장,퇴비공장,7
31000,야영장시설,기계실,7
14000,업무시설,고시원,7
02000,공동주택,근린생활시설1,7
02000,공동주택,관리사무소등,7
17000,공장,위락시설,7
01000,단독주택,다가구주텍,7
15000,숙박시설,근린공공시설,7
22000,분뇨.쓰레기처리시설,오수처리시설,7
14000,업무시설,외국공관,7
04000,제2종근린생활시설,가공실,7
30000,자원순환관련시설,선별장,7
,,주택및,7
10000,교육연구시설,실험동,7
21000,동물및식물관련시설,염소사육,7
20000,자동차관련시설,제1종근생,7
18000,창고시설,화장실및창고,7
03000,제1종근린생활시설,수련시설,7
31000,야영장시설,단독주택,7
06000,종교시설,교회및사택,7
04000,제2종근린생활시설,고시원및단독주택,7
04000,제2종근린생활시설,전자부품,7
07000,판매시설,쇼핑센터,7
03000,제1종근린생활시설,근생및단독주택,7
22000,분뇨.쓰레기처리시설,마을하수처리장,7
01000,단독주택,제2종근린생활시설외2,7
21000,동물및식물관련시설,둥물관련시설,7
17000,공장,쓰레기저장소,7
02000,공동주택,재활용품집하장,7
18000,창고시설,건조기보관창고,7
01000,단독주택,19세대주택,7
17000,공장,d동,7
18000,창고시설,소금보관창고,7
27000,관광휴게시설,야외화장실,7
13000,운동시설,기타,7
21000,동물및식물관련시설,축사및우분장,7
18000,창고시설,공산품보관창고,7
10000,교육연구시설,학교사택,7
04000,제2종근린생활시설,농산물가공제조업,7
01000,단독주택,주택및제2종근생,7
21000,동물및식물관련시설,동물관려시설,7
01000,단독주택,단독주택용다가구주택,7
18000,창고시설,제2종근린생활,7
02000,공동주택,금융업소,7
14000,업무시설,강당,7
17000,공장,숙소동,7
Z8000,교육연구및복지시설,제1,7
18000,창고시설,방앗간,7
11000,노유자시설,관람집회시설,7
10000,교육연구시설,업무,7
09000,의료시설,제2종근생,7
04000,제2종근린생활시설,행랑,7
19000,위험물저장및처리시설,1가구,7
02000,공동주택,세탁소,7
04000,제2종근린생활시설,무기고,7
02000,공동주택,정화조펌프실,7
21000,동물및식물관련시설,경매장,7
01000,단독주택,2종근린생활시설외1용도,7
17000,공장,식품제조업소,7
31000,야영장시설,관리사무실,7
17000,공장,부속기숙사,7
01000,단독주택,96주거환경,7
02000,공동주택,커뮤니티실,7
23000,교정및군사시설,차량정비고,7
13000,운동시설,태권도장,7
06000,종교시설,선원,7
02000,공동주택,원룸형15세대,7
04000,제2종근린생활시설,2종근리생활시설,7
11000,노유자시설,노인여가시설,7
03000,제1종근린생활시설,3가구용,7
04000,제2종근린생활시설,제2종근린활시설,7
17000,공장,panel,7
16000,위락시설,교육연구시설,7
17000,공장,조립,7
21000,동물및식물관련시설,사료,7
02000,공동주택,18호,7
14000,업무시설,위락,7
Z3000,근린생활시설,근린,7
24000,방송통신시설,주택,7
02000,공동주택,주민공동작업장,7
02000,공동주택,엘리베이터실,7
09000,의료시설,의사숙소,7
10000,교육연구시설,판매및영업시설,7
04000,제2종근린생활시설,식품가공업,7
18000,창고시설,어구창고,7
23000,교정및군사시설,근린생활시설,7
26000,묘지관련시설,기타묘지관련시설,7
03000,제1종근린생활시설,단독주택외1용도,7
03000,제1종근린생활시설,우량관측소,7
18000,창고시설,칭고시설,7
05000,문화및집회시설,야외화장실,7
11000,노유자시설,관리동,7
01000,단독주택,다가구주택및2종근린생활시설,7
01000,단독주택,다가구및소매점,7
17000,공장,기와공장,7
21000,동물및식물관련시설,양어장관리실,7
03000,제1종근린생활시설,통신,7
03000,제1종근린생활시설,매장,7
18000,창고시설,자동화창고,7
27000,관광휴게시설,체험부스,7
27000,관광휴게시설,흡연실,7
01000,단독주택,욕실및변소,7
17000,공장,제빙공장,7
02000,공동주택,정보통신실,7
19000,위험물저장및처리시설,위허물저장및처리시설,7
11000,노유자시설,아동,7
02000,공동주택,코아,7
03000,제1종근린생활시설,근린생활시설1종,7
22000,분뇨.쓰레기처리시설,운동시설,7
18000,창고시설,다세대주택,7
02000,공동주택,입주자,7
02000,공동주택,종교생활시설,7
10000,교육연구시설,복지관,7
12100,생활권수련시설,청소년수련시설,7
10000,교육연구시설,본부석,7
17000,공장,퇴비사,7
15000,숙박시설,다용도실,7
JY,,제1종근린생활시설,7
17000,공장,옥외,7
21000,동물및식물관련시설,가공실,7
03000,제1종근린생활시설,수산물,7
Z5000,문화및집회시설,문화및,7
01000,단독주택,3세대다가구,7
01000,단독주택,근린생활시설단독주택,7
03000,제1종근린생활시설,저장,7
17000,공장,배전반및,7
17000,공장,공장기숙사,7
22000,분뇨.쓰레기처리시설,정화조,7
18000,창고시설,제조시설,7
10000,교육연구시설,본관교사,7
10000,교육연구시설,수의실,7
12000,수련시설,관광휴게시설,7
01000,단독주택,다가구주택1가구,7
06000,종교시설,소예배실,7
09000,의료시설,교정및군사시설,7
18000,창고시설,비료보관창고,7
02000,공동주택,주차장캐노피,7
02000,공동주택,공용계단실,7
04000,제2종근린생활시설,휴게공간,7
05000,문화및집회시설,비가림시설,7
01000,단독주택,79년농촌주택개량,7
03000,제1종근린생활시설,단층점포,7
02000,공동주택,지하주차장b,7
01000,단독주택,흑간,7
01000,단독주택,주택주택,7
04000,제2종근린생활시설,점포주택,7
03000,제1종근린생활시설,양배수장,7
01000,단독주택,철근콘크리트조,7
04000,제2종근린생활시설,2종근생활시설,7
01000,단독주택,세탁장,7
24000,방송통신시설,무선호출기지국,7
17000,공장,하우스,7
01000,단독주택,농산물간이저장고,7
01000,단독주택,다가구주택8,7
02000,공동주택,발전기실등,7
Z5000,문화및집회시설,보일러실,7
04000,제2종근린생활시설,일반음식,7
09000,의료시설,일반병원,7
21000,동물및식물관련시설,목욕탕,7
18000,창고시설,2종근생시설,7
17000,공장,골재,7
18000,창고시설,단독,7
22000,분뇨.쓰레기처리시설,보관창고,7
03000,제1종근린생활시설,마을공동휴게시설,7
03000,제1종근린생활시설,생활숙박시설,7
17000,공장,편조업,7
Z3000,근린생활시설,2,7
24000,방송통신시설,통신용기계실,7
18000,창고시설,및창고,7
04000,제2종근린생활시설,부대복리시설,7
27000,관광휴게시설,야외무대,7
17000,공장,운전대기실,7
26000,묘지관련시설,장례식장,7
02000,공동주택,멀티카페,7
17000,공장,연주공장,7
21000,동물및식물관련시설,건조기,7
18000,창고시설,전시장,7
10000,교육연구시설,수련원,7
06000,종교시설,종중제실,7
01000,단독주택,단독주택형다가구,7
18000,창고시설,농산물건조저장고,7
03000,제1종근린생활시설,누각,7
01000,단독주택,단독준택,7
01000,단독주택,쓰레기처리시설,7
01000,단독주택,사무소및주택,7
Z3000,근린생활시설,세차장,7
02000,공동주택,아파트형공장,7
15000,숙박시설,위생숙박시설,7
07000,판매시설,농산물판매시설,7
19000,위험물저장및처리시설,자동차용액화석유가스충전소,7
10000,교육연구시설,가스창고,7
17000,공장,차량소독실,7
02000,공동주택,제어실,7
02000,공동주택,제2근린생활시설,7
17000,공장,단층공장,7
07000,판매시설,4,7
01000,단독주택,농가주택용,7
03000,제1종근린생활시설,분뇨쓰레기처리시설,7
18000,창고시설,봉사,7
19000,위험물저장및처리시설,화약류제조소및저장소,7
03000,제1종근린생활시설,업무시설및근린생활시설,7
01000,단독주택,제2종근린생활및주택,7
21000,동물및식물관련시설,흑염소축사,7
01000,단독주택,단독주택15가구용,7
02000,공동주택,연립주택및근린시설,7
18000,창고시설,감자저장창고,7
01000,단독주택,다가구6세대,7
18000,창고시설,농업인,7
02000,공동주택,용역원,7
22000,분뇨.쓰레기처리시설,쓰레기처리기설,7
12000,수련시설,객실,7
,,공란,7
17000,공장,지게차충전소,7
30000,자원순환관련시설,재활용선별장,7
19000,위험물저장및처리시설,위험저장및처리시설,7
17000,공장,사무실및공장,7
01000,단독주택,97농촌주택개량사업,7
10000,교육연구시설,교육연구실,7
15000,숙박시설,관광숙박,7
17000,공장,자동차,7
02000,공동주택,그룹스터디룸,7
02000,공동주택,장난감도서관,7
21000,동물및식물관련시설,흑염소,7
03000,제1종근린생활시설,1동,7
21000,동물및식물관련시설,견분장,7
03000,제1종근린생활시설,농가,7
02000,공동주택,당구장,7
17000,공장,물품보관소,7
14000,업무시설,연구시설,7
01000,단독주택,문구점,7
21000,동물및식물관련시설,양어장시설,7
02000,공동주택,제1종근린생활,7
01000,단독주택,종교관련시설,7
20000,자동차관련시설,근린생활,7
01000,단독주택,욕실및창고,7
17000,공장,하역대,7
17000,공장,떡제조업,7
21000,동물및식물관련시설,축사및부속사,7
04000,제2종근린생활시설,자동차경정비,7
06000,종교시설,부속사무실,7
18000,창고시설,마을공동작업장,7
05000,문화및집회시설,수족관,7
02000,공동주택,무료급식소,7
04000,제2종근린생활시설,자동차매매장,7
17000,공장,ah,7
01000,단독주택,주택및2종근린생활시설,7
18000,창고시설,농사용창고시설,7
21000,동물및식물관련시설,우렁양식장,7
18000,창고시설,재활용품보관창고,7
18000,창고시설,재활용품보관소,7
01000,단독주택,근린생활시설및단독주택6가구,7
18000,창고시설,벼저장창고,7
03000,제1종근린생활시설,마을공동농산어촌체험및작업장,7
08000,운수시설,현업사무소,7
17000,공장,전자변성기제조,7
Z3000,근린생활시설,근린생활시설및창고,7
02000,공동주택,다세대주택및업무시설,7
26000,묘지관련시설,재실,7
17000,공장,골판지제조,7
11000,노유자시설,장애인보호작업장,7
01000,단독주택,단독주택7가구,7
05000,문화및집회시설,전망대,7
17000,공장,수조기계실,7
27000,관광휴게시설,관리실및화장실,7
02000,공동주택,아파트및근생,7
18000,창고시설,초등학교,7
22000,분뇨.쓰레기처리시설,야적장,7
13000,운동시설,골프크럽하우스,7
25000,발전시설,집단에너지공급사업,7
17000,공장,시멘트제조공장,7
01000,단독주택,보조주방,7
01000,단독주택,18가구용,7
04000,제2종근린생활시설,사무실및식당,7
01000,단독주택,다가구5세대,7
17000,공장,수처리시설,7
01000,단독주택,주택및법당,7
04000,제2종근린생활시설,야구연습장,7
17000,공장,공작물yt,7
21000,동물및식물관련시설,영업,7
02000,공동주택,교육연구및,7
17000,공장,창고및화장실,7
18000,창고시설,3,7
02000,공동주택,재활용보관시설,7
03000,제1종근린생활시설,전화국분기국사,7
21000,동물및식물관련시설,발효,7
02000,공동주택,및아파트,7
17000,공장,쓰레기보관소,7
04000,제2종근린생활시설,발효실,7
Z3000,근린생활시설,교회,7
21000,동물및식물관련시설,방목장,7
04000,제2종근린생활시설,양수장,7
13000,운동시설,축사,7
03000,제1종근린생활시설,업무시설외,7
17000,공장,폼하우스,7
02000,공동주택,4개소,7
Z5000,문화및집회시설,전시장,7
03000,제1종근린생활시설,행랑,7
14000,업무시설,부대복리시설,7
02000,공동주택,도시행생활주택,7
04000,제2종근린생활시설,가공공장,7
01000,단독주택,재각,7
02000,공동주택,노인,7
02000,공동주택,다세대주택8,7
14000,업무시설,일용품소매점,7
17000,공장,취급소,7
01000,단독주택,차고및,7
18000,창고시설,주유소,7
02000,공동주택,42세대,7
18000,창고시설,기사대기실,7
17000,공장,영업,7
03000,제1종근린생활시설,취수펌프실,7
03000,제1종근린생활시설,생산,7
19000,위험물저장및처리시설,수소액화플랜트,7
18000,창고시설,임시창고,7
13000,운동시설,3,7
17000,공장,사무실등,7
12000,수련시설,공중화장실,7
10000,교육연구시설,여주자영농업고등학교,7
02000,공동주택,직통계단,7
02000,공동주택,가스저장시설,7
21000,동물및식물관련시설,축산용창고,7
18000,창고시설,공장및창고시설,7
18000,창고시설,농가주택외,7
21000,동물및식물관련시설,동물및식물관련시설외1,7
01000,단독주택,1종근린생활시설및다가구주택,7
17000,공장,목재건구제조,7
21000,동물및식물관련시설,한우비육우사,7
20000,자동차관련시설,보일러실,7
18000,창고시설,물품저장창고,7
04000,제2종근린생활시설,창고시설및제2종근린생활시설,7
10000,교육연구시설,버섯시험연구소,7
10000,교육연구시설,통합관사,7
01000,단독주택,단지형,7
17000,공장,공장외2,7
23000,교정및군사시설,위생시설,7
17000,공장,폐기물저장창고,7
02000,공동주택,근생및연립주택,7
21000,동물및식물관련시설,육상전복축양장,7
01000,단독주택,농가부속사,7
20000,자동차관련시설,부품보관창고,7
04000,제2종근린생활시설,기술계,7
17000,공장,교육연구및복지시설,7
19000,위험물저장및처리시설,2종,7
02000,공동주택,교육실,7
04000,제2종근린생활시설,교육연구시설및복지시설,7
04000,제2종근린생활시설,사무소부속창고,7
18000,창고시설,농기계차고,7
02000,공동주택,기타,7
02000,공동주택,경로당등,7
05000,문화및집회시설,관리동,7
17000,공장,냉장실,7
03000,제1종근린생활시설,근린새활시설,7
20000,자동차관련시설,관광휴게시설,7
04000,제2종근린생활시설,횟집,7
18000,창고시설,저온처리시설,7
Z8000,교육연구및복지시설,연수원,7
22000,분뇨.쓰레기처리시설,쓰레기장,7
03000,제1종근린생활시설,문간,7
03000,제1종근린생활시설,변소및,7
13000,운동시설,클럽하우스및부대시설,7
01000,단독주택,취락구조,7
21000,동물및식물관련시설,사료보관시설,7
03000,제1종근린생활시설,외2용도,7
04000,제2종근린생활시설,관리숙소,7
18000,창고시설,농산물냉동창고,7
18000,창고시설,농산물하역장,7
18000,창고시설,기계보관창고,7
03000,제1종근린생활시설,마을회관및,7
03000,제1종근린생활시설,단일점포,7
02000,공동주택,재활용품선별창고,7
03000,제1종근린생활시설,2종근린생활시설외1,7
21000,동물및식물관련시설,양돈장,7
21000,동물및식물관련시설,농업관련시설,7
04000,제2종근린생활시설,보일라실,7
04000,제2종근린생활시설,실내게이트볼장,7
Z5000,문화및집회시설,정자,7
03000,제1종근린생활시설,공익시설,7
04000,제2종근린생활시설,p,7
03000,제1종근린생활시설,특산품판매점,7
14000,업무시설,장비보관소,7
02000,공동주택,제연,7
06000,종교시설,나한전,7
18000,창고시설,생시설,7
01000,단독주택,제1종그린생활시설,7
02000,공동주택,공동주택다세대주택,7
21000,동물및식물관련시설,사료저장소,7
21000,동물및식물관련시설,연결통로,7
18000,창고시설,기관실,7
06000,종교시설,근생,7
21000,동물및식물관련시설,다가구주택,7
03000,제1종근린생활시설,전화기계실,7
21000,동물및식물관련시설,먹이통로,7
01000,단독주택,교육관,7
08000,운수시설,점포,7
,,근,7
14000,업무시설,본관,7
02000,공동주택,다세대주택14세대,7
11000,노유자시설,수위실,7
04000,제2종근린생활시설,문화시설,7
03000,제1종근린생활시설,주택및제1,7
03000,제1종근린생활시설,다목적실,7
13000,운동시설,2종근생,7
03000,제1종근린생활시설,선과장,7
03000,제1종근린생활시설,b동,7
10000,교육연구시설,물탱크,7
01000,단독주택,단독주택1,7
03000,제1종근린생활시설,판매시설및,7
03000,제1종근린생활시설,도,7
17000,공장,근,7
04000,제2종근린생활시설,직판장,7
02000,공동주택,32세대,7
31000,야영장시설,편의시설,7
11000,노유자시설,교육,7
04000,제2종근린생활시설,인쇄업,7
24000,방송통신시설,및,7
01000,단독주택,단독주택4가구용,7
27000,관광휴게시설,공장,7
04000,제2종근린생활시설,바베큐장,7
17000,공장,전기차충전기,7
21000,동물및식물관련시설,자연발효식축사,7
02000,공동주택,분리수거함,7
04000,제2종근린생활시설,녹차제조업,7
01000,단독주택,제1종근린생활시설외1용도,7
21000,동물및식물관련시설,톱밥깔집우사,7
17000,공장,간이창고,7
23000,교정및군사시설,분리수거장,7
,,자동차관련시설,7
03000,제1종근린생활시설,전기공급시설,7
17000,공장,utility,7
03000,제1종근린생활시설,우사,7
06000,종교시설,집회소,7
21000,동물및식물관련시설,동물및식물과련시설,7
01000,단독주택,축사관리사,7
02000,공동주택,단지형다세대15세대,7
12000,수련시설,단독주택,7
17000,공장,양말편조업,7
21000,동물및식물관련시설,보관시설,7
04000,제2종근린생활시설,농산물가공업,7
04000,제2종근린생활시설,일반음식점및사무실,7
04000,제2종근린생활시설,개수대,7
14000,업무시설,16호,7
04000,제2종근린생활시설,골프장,7
15000,숙박시설,여관및주택,7
04000,제2종근린생활시설,제2종근랜생활시설,7
22000,분뇨.쓰레기처리시설,폐기물처리및폐기물감량화시설,7
18000,창고시설,택,7
15000,숙박시설,기타관광숙박시설,7
01000,단독주택,제2존근린생활시설,7
Z6000,판매및영업시설,사무실,7
02000,공동주택,청년주택,7
18000,창고시설,보호실,7
03000,제1종근린생활시설,동물미용실,7
01000,단독주택,지원,7
17000,공장,계기실,7
02000,공동주택,미디어센터,7
01000,단독주택,96주택개량,7
01000,단독주택,분뇨,7
11000,노유자시설,부속사,7
17000,공장,위험물저장및,7
02000,공동주택,연립주택및대피소,7
05000,문화및집회시설,문회및집회시설,7
18000,창고시설,소방창고,7
09000,의료시설,부설주차장,7
17000,공장,수처리동,7
21000,동물및식물관련시설,물품보관창고,7
18000,창고시설,농가저온창고,7
17000,공장,adsorber,7
03000,제1종근린생활시설,팔각정자,7
01000,단독주택,주택및작업장,7
27000,관광휴게시설,객실,7
08000,운수시설,호텔,7
30000,자원순환관련시설,관련시설,7
21000,동물및식물관련시설,퇴비사및축사,7
03000,제1종근린생활시설,근린및,7
04000,제2종근린생활시설,업무시설및근린생활시설,7
17000,공장,건조저장시설,7
17000,공장,물품저장창고,7
01000,단독주택,등,7
21000,동물및식물관련시설,닭,7
01000,단독주택,독가촌,7
10000,교육연구시설,교육연구시설대학원,7
02000,공동주택,경로당1,7
18000,창고시설,퇴비보관창고,7
27000,관광휴게시설,어린이회관,7
18000,창고시설,창고및관리실,7
17000,공장,계근대,7
Z5000,문화및집회시설,창고시설,7
06000,종교시설,약사전,7
01000,단독주택,조산원,7
27000,관광휴게시설,공원부속시설,7
03000,제1종근린생활시설,자율방범대,7
17000,공장,valve,7
12000,수련시설,관광농원,7
03000,제1종근린생활시설,지상주차장,7
18000,창고시설,휴게음식점,7
10000,교육연구시설,교직원사택,7
17000,공장,장식용목재품제조업,7
04000,제2종근린생활시설,정화조,7
03000,제1종근린생활시설,건축자재판매,7
19000,위험물저장및처리시설,세차설비,7
20000,자동차관련시설,정비학원,7
05000,문화및집회시설,교육관,7
14000,업무시설,20세대,7
10000,교육연구시설,가스저장소,7
02000,공동주택,어린이승강장,7
02000,공동주택,사회적기업공간,7
18000,창고시설,농기계보관소,7
05000,문화및집회시설,협문,7
14000,업무시설,사무동,7
08000,운수시설,경비초소,7
04000,제2종근린생활시설,직원식당,7
16000,위락시설,여인숙,7
17000,공장,입고장,7
01000,단독주택,단독주택12가구,7
03000,제1종근린생활시설,마을회,7
31000,야영장시설,부대시설,7
10000,교육연구시설,기념관,7
18000,창고시설,양수장,7
17000,공장,shop,7
19000,위험물저장및처리시설,근린생활,7
07000,판매시설,판매및,7
09000,의료시설,의료원,7
09000,의료시설,요양원,7
17000,공장,냉방기계실,7
10000,교육연구시설,기타교육원,7
33000,"국방,군사시설",교정및군사시설,7
17000,공장,오수처리시설,7
17000,공장,주변전실,7
02000,공동주택,강당,7
04000,제2종근린생활시설,8,7
01000,단독주택,장옥,7
01000,단독주택,원룸형,7
01000,단독주택,벽난로,7
01000,단독주택,농업인주택및창고,7
05000,문화및집회시설,공공용시설,7
11000,노유자시설,분리수거장,7
21000,동물및식물관련시설,벼건조장,7
02000,공동주택,보관실,7
01000,단독주택,농수산물창고,7
01000,단독주택,골프연습장,7
02000,공동주택,다세대9세대,7
02000,공동주택,201동,7
09000,의료시설,자동차관련시설,7
01000,단독주택,농어업용창고,7
04000,제2종근린생활시설,영화관,7
03000,제1종근린생활시설,전통찻집,7
02000,공동주택,20,7
21000,동물및식물관련시설,어류양식장,7
22000,분뇨.쓰레기처리시설,샤워실,7
10000,교육연구시설,여자기숙사,7
30000,자원순환관련시설,폐기물재활용,7
04000,제2종근린생활시설,근린생활시설및공동주택,7
17000,공장,pump,7
08000,운수시설,편의시설,7
19000,위험물저장및처리시설,설비실,7
01000,단독주택,서고,7
21000,동물및식물관련시설,젖소사,7
26000,묘지관련시설,화장시설,7
12000,수련시설,관리동,7
08000,운수시설,정비고,7
04000,제2종근린생활시설,보일러,7
31000,야영장시설,관리사무소,7
05000,문화및집회시설,2종,7
10000,교육연구시설,식당동,7
17000,공장,농기계수리시설,7
18000,창고시설,원두막,7
21000,동물및식물관련시설,건조시설,7
04000,제2종근린생활시설,일밤음식점,7
04000,제2종근린생활시설,관리시설,7
18000,창고시설,농업용자재창고,7
04000,제2종근린생활시설,통신실,7
14000,업무시설,물탱크,7
03000,제1종근린생활시설,일반상가,7
21000,동물및식물관련시설,분처리장,7
03000,제1종근린생활시설,수도시설물,7
17000,공장,석제품제조업,7
25000,발전시설,저장,7
02000,공동주택,도시형생활주택및다세대주택,7
18000,창고시설,농기계공동보관,7
11000,노유자시설,부속화장실,7
02000,공동주택,100세대,7
21000,동물및식물관련시설,축산관련시설,7
01000,단독주택,주택및퇴비사,7
,,축사및,7
08000,운수시설,관사,7
22000,분뇨.쓰레기처리시설,페기물처리시설,7
01000,단독주택,94년,6
18000,창고시설,1층,6
01000,단독주택,가스판매소,6
15000,숙박시설,4,6
17000,공장,폐수,6
03000,제1종근린생활시설,철공소,6
01000,단독주택,창고및대피소,6
18000,창고시설,목공소,6
31000,야영장시설,세탁실,6
Z3000,근린생활시설,일용품점,6
02000,공동주택,효친실,6
14000,업무시설,보이라실,6
17000,공장,않은,6
18000,창고시설,판넬,6
04000,제2종근린생활시설,사사,6
18000,창고시설,수산물집하장,6
02000,공동주택,공용통로,6
17000,공장,망루대,6
30000,자원순환관련시설,동,6
27000,관광휴게시설,부속용도,6
21000,동물및식물관련시설,타조사육장,6
14000,업무시설,14호,6
03000,제1종근린생활시설,소방소,6
03000,제1종근린생활시설,공용,6
01000,단독주택,농어가생산시설,6
26000,묘지관련시설,회랑형봉안담,6
01000,단독주택,1종근린생활시설및,6
02000,공동주택,피,6
20000,자동차관련시설,탈의실,6
03000,제1종근린생활시설,식품제조업소,6
02000,공동주택,근로자휴게공간,6
03000,제1종근린생활시설,농산물판매,6
30000,자원순환관련시설,샤워실,6
02000,공동주택,가족운동실,6
04000,제2종근린생활시설,부속정자,6
02000,공동주택,park,6
10000,교육연구시설,부속사,6
04000,제2종근린생활시설,체능계강습소,6
14000,업무시설,경비초소,6
,,우분장,6
04000,제2종근린생활시설,새마을회관,6
03000,제1종근린생활시설,관,6
02000,공동주택,가동,6
17000,공장,frp조선소,6
18000,창고시설,영업용,6
18000,창고시설,건조저장고,6
17000,공장,상차대,6
17000,공장,금속가구제조업,6
17000,공장,발전소,6
10000,교육연구시설,교육연구시설및제2종근린생활시설,6
03000,제1종근린생활시설,탈수기실,6
02000,공동주택,5동,6
21000,동물및식물관련시설,주택및동물관련시설,6
33000,"국방,군사시설",이글루,6
17000,공장,유선통신장치제조업,6
03000,제1종근린생활시설,상가및점포,6
17000,공장,1차변전실,6
09000,의료시설,의료시설및제1종근린생활시설,6
04000,제2종근린생활시설,제2종근린생활시설및위락시설,6
04000,제2종근린생활시설,카누카약장,6
04000,제2종근린생활시설,대피통로,6
01000,단독주택,다가구주택6,6
18000,창고시설,과수저장창고,6
05000,문화및집회시설,시가문화촌,6
03000,제1종근린생활시설,전신전화기계실,6
04000,제2종근린생활시설,농산물1차가공,6
17000,공장,집진설비실,6
01000,단독주택,다가구주택2,6
21000,동물및식물관련시설,육성돈사,6
20000,자동차관련시설,자동차판매시설,6
16000,위락시설,유흥시설,6
04000,제2종근린생활시설,농수산물가공공장,6
17000,공장,공압실,6
02000,공동주택,원룸형14세대,6
03000,제1종근린생활시설,잠실,6
19000,위험물저장및처리시설,제2종,6
07000,판매시설,mdf,6
01000,단독주택,칭고,6
04000,제2종근린생활시설,3용도,6
04000,제2종근린생활시설,근린새활시설,6
27000,관광휴게시설,냉동,6
21000,동물및식물관련시설,농기계,6
Z8000,교육연구및복지시설,교육관,6
Z3000,근린생활시설,병원,6
27000,관광휴게시설,세탁실,6
02000,공동주택,배드민턴장,6
04000,제2종근린생활시설,주산학원,6
06000,종교시설,2종근생,6
04000,제2종근린생활시설,대중식당,6
02000,공동주택,주차장계단실,6
17000,공장,기술연구소,6
05000,문화및집회시설,편의시설,6
02000,공동주택,보일러,6
02000,공동주택,가버너실,6
14000,업무시설,및근린생활시설,6
03000,제1종근린생활시설,광,6
17000,공장,건조,6
17000,공장,배전반실,6
14000,업무시설,공조실,6
21000,동물및식물관련시설,샤워장,6
21000,동물및식물관련시설,양조장,6
10000,교육연구시설,학생관,6
04000,제2종근린생활시설,재1,6
17000,공장,원료공급실,6
17000,공장,전기집진기실,6
Z8000,교육연구및복지시설,강의실,6
03000,제1종근린생활시설,마을공동농촌체험시설,6
01001,단독주택,제2종근린생활시설,6
16000,위락시설,생,6
02000,공동주택,주민공동실,6
,,제사,6
18000,창고시설,증축,6
Z3000,근린생활시설,위락,6
07000,판매시설,편익시설,6
02000,공동주택,우수조기계실,6
07000,판매시설,제연휀룸,6
04000,제2종근린생활시설,승마장,6
10000,교육연구시설,일반교실,6
02000,공동주택,오락실,6
01000,단독주택,기타창고시설,6
02000,공동주택,영업시설,6
17000,공장,화물용승강기,6
10000,교육연구시설,전시시설,6
07000,판매시설,대중음식점,6
01000,단독주택,피로티,6
03000,제1종근린생활시설,소매점및일반음식점,6
10000,교육연구시설,음수대,6
21000,동물및식물관련시설,5,6
05000,문화및집회시설,대피소,6
10000,교육연구시설,다세대주택,6
17000,공장,u,6
08000,운수시설,휴게실,6
02000,공동주택,육아용품나눔터,6
02000,공동주택,경비원휴게시설,6
17000,공장,deluge,6
04000,제2종근린생활시설,제조장및사무실,6
17000,공장,후생관,6
14000,업무시설,영업장,6
04000,제2종근린생활시설,문간,6
01000,단독주택,주택8가구,6
03000,제1종근린생활시설,근린생활시,6
,,농업용,6
30000,자원순환관련시설,쓰레기,6
18000,창고시설,농수산물건조장,6
12000,수련시설,근린생활시설,6
03000,제1종근린생활시설,전화자동기기보존실,6
22000,분뇨.쓰레기처리시설,쓰레기처리서설,6
Z3000,근린생활시설,부락공동시설,6
03000,제1종근린생활시설,공원관리사무실,6
01000,단독주택,주택및돈사,6
18000,창고시설,상여창고,6
10000,교육연구시설,학생교육원,6
04000,제2종근린생활시설,철근콘크리트조,6
22000,분뇨.쓰레기처리시설,축분장,6
04000,제2종근린생활시설,변소및,6
27000,관광휴게시설,황토체험실,6
03000,제1종근린생활시설,영업소및주택,6
03000,제1종근린생활시설,상가주택,6
10000,교육연구시설,차량냉동기,6
02000,공동주택,임대연립주택,6
01000,단독주택,창고관련시설,6
Z8000,교육연구및복지시설,중학교,6
18000,창고시설,농기계공동,6
,,농가주택외,6
02000,공동주택,웰컴라운지,6
21000,동물및식물관련시설,목장,6
19000,위험물저장및처리시설,액화석유가스취급소,6
14000,업무시설,관광숙박시설,6
18000,창고시설,지하,6
03000,제1종근린생활시설,창고및,6
,,축양장,6
19000,위험물저장및처리시설,house,6
Z5000,문화및집회시설,사제관,6
01000,단독주택,저장및,6
27000,관광휴게시설,고속도로휴게소,6
04000,제2종근린생활시설,납골당,6
17000,공장,해태,6
09000,의료시설,3,6
Z8000,교육연구및복지시설,다목적강당,6
01000,단독주택,97농촌주거환경개선사업분,6
21000,동물및식물관련시설,계사및퇴비사,6
03000,제1종근린생활시설,다가구용주택,6
15000,숙박시설,부속사,6
03000,제1종근린생활시설,헬스장,6
03000,제1종근린생활시설,119구급대,6
18000,창고시설,2동,6
17000,공장,톱밥제조공장,6
06000,종교시설,근린생활,6
17000,공장,operator,6
16000,위락시설,제1종근생,6
11000,노유자시설,매점,6
10000,교육연구시설,복리시설,6
01000,단독주택,주택11가구,6
17000,공장,체육관,6
18000,창고시설,교육및연구시설,6
02000,공동주택,기계식주차장,6
01000,단독주택,부속층,6
01000,단독주택,옥외,6
02000,공동주택,복합건물,6
10000,교육연구시설,교육연수원,6
02000,공동주택,학생기숙사,6
21000,동물및식물관련시설,비육우사,6
17000,공장,연수원,6
14000,업무시설,근린생활시설및단독주택,6
03000,제1종근린생활시설,다가구단독주택,6
02000,공동주택,택배물보관소,6
05000,문화및집회시설,산업전시장,6
03000,제1종근린생활시설,공부방,6
04000,제2종근린생활시설,주차시설,6
17000,공장,업종,6
17000,공장,기숙사및창고,6
06000,종교시설,문화및관람집회시설,6
21000,동물및식물관련시설,양송이재배실,6
18000,창고시설,곡물건조기실,6
15199,기타일반숙박시설,숙박시설,6
01000,단독주택,공공임대주택,6
21000,동물및식물관련시설,버섯재배사및작물재배사,6
25000,발전시설,태양광발전사업,6
02000,공동주택,맨션,6
17000,공장,재활용처리장,6
18000,창고시설,농림수산업용,6
12000,수련시설,옥외화장실,6
27000,관광휴게시설,창고시설,6
01000,단독주택,주택및건조실,6
02000,공동주택,도시형연립주택,6
02000,공동주택,연결복도,6
07000,판매시설,2종근생,6
07000,판매시설,구매생활시설,6
19000,위험물저장및처리시설,자동차수리점,6
20000,자동차관련시설,정비장,6
01000,단독주택,개량사업,6
04000,제2종근린생활시설,근생2종,6
21000,동물및식물관련시설,액비저장시설,6
18000,창고시설,곡물저장창고,6
02000,공동주택,리코세,6
02000,공동주택,옥외e,6
02000,공동주택,지하1층,6
02000,공동주택,사우나실,6
21000,동물및식물관련시설,사육실,6
19000,위험물저장및처리시설,기타위험물저장및처리시설,6
21000,동물및식물관련시설,치잠공동사육장,6
03000,제1종근린생활시설,떡방아간,6
22000,분뇨.쓰레기처리시설,슬러지,6
10000,교육연구시설,교직원식당,6
18000,창고시설,식물,6
17000,공장,빵제조업,6
18000,창고시설,연결통로,6
17000,공장,부속건물,6
03000,제1종근린생활시설,예체능계학원,6
03000,제1종근린생활시설,공공업무,6
15000,숙박시설,제조업소,6
17000,공장,mfc,6
18000,창고시설,약품창고,6
22000,분뇨.쓰레기처리시설,1,6
15000,숙박시설,무도장,6
02000,공동주택,공용세탁장,6
17000,공장,공장부속,6
21000,동물및식물관련시설,양만장,6
03000,제1종근린생활시설,a동,6
03000,제1종근린생활시설,아동복지시설,6
01000,단독주택,농사용저온창고,6
04000,제2종근린생활시설,미용학원,6
02000,공동주택,아파트주택,6
17000,공장,출하,6
Z3000,근린생활시설,5,6
14000,업무시설,오피스텔및근린생활시설,6
01000,단독주택,94농가주택,6
18000,창고시설,농수산물보관용창고,6
02000,공동주택,게스트하우스1,6
02000,공동주택,재활용분리창고,6
02000,공동주택,a형,6
Z3000,근린생활시설,주부,6
04000,제2종근린생활시설,광원용,6
17000,공장,원료저장고,6
01000,단독주택,창고시설외1,6
06000,종교시설,문화및집회시설외1,6
17000,공장,비파괴검사실,6
02000,공동주택,13가구,6
03000,제1종근린생활시설,주택외1용도,6
16000,위락시설,위락시설및주택,6
17000,공장,고철가공처리업,6
13000,운동시설,차고,6
19000,위험물저장및처리시설,부속사,6
01000,단독주택,사과창고,6
04000,제2종근린생활시설,업소,6
19000,위험물저장및처리시설,콤프레샤셀타,6
Z3000,근린생활시설,일반업무시설,6
06000,종교시설,설선당,6
07000,판매시설,슈퍼마켓,6
17000,공장,mcc실,6
03000,제1종근린생활시설,과자점,6
10000,교육연구시설,노인회관,6
11000,노유자시설,교육시설,6
17000,공장,지식산업센타,6
17000,공장,수처리장,6
04000,제2종근린생활시설,생활근린시설,6
04000,제2종근린생활시설,욕탕,6
17000,공장,종업원복지시설,6
,,업무시설,6
03000,제1종근린생활시설,및다가구주택,6
06000,종교시설,교회및,6
14000,업무시설,위험물저장소,6
04000,제2종근린생활시설,양말제조업,6
10000,교육연구시설,현관,6
Z3000,근린생활시설,1종근린생활시설,6
13000,운동시설,풋살경기장,6
05000,문화및집회시설,부속채,6
01000,단독주택,토사,6
17000,공장,가스정압실,6
02000,공동주택,88,6
03000,제1종근린생활시설,계사,6
14000,업무시설,재활용창고,6
01000,단독주택,카센타,6
30000,자원순환관련시설,배기타워,6
07000,판매시설,근린시설,6
17000,공장,4냉연공장,6
04000,제2종근린생활시설,주민운동시설,6
04000,제2종근린생활시설,회의장,6
17000,공장,근린시설,6
01000,단독주택,다가구6,6
10000,교육연구시설,청소년시설,6
31000,야영장시설,사무실,6
03000,제1종근린생활시설,회,6
04000,제2종근린생활시설,간이,6
06000,종교시설,사우,6
02000,공동주택,쉼터,6
02000,공동주택,열관리실,6
03000,제1종근린생활시설,보존실,6
22000,분뇨.쓰레기처리시설,재활용품보관소,6
03000,제1종근린생활시설,전자오락실,6
07000,판매시설,청과물시장,6
02000,공동주택,생활시설및구매시설,6
01000,단독주택,전포,6
02000,공동주택,우산각,6
03000,제1종근린생활시설,전기통신시설,6
17000,공장,국내산농산물가공처리시설,6
18000,창고시설,계란창고,6
02000,공동주택,멀티미디어룸,6
04000,제2종근린생활시설,부건,6
02000,공동주택,셔틀코어,6
02000,공동주택,작업장,6
18000,창고시설,차고및창고,6
02000,공동주택,장애인엘리베이터,6
03000,제1종근린생활시설,다목적마을회관,6
04000,제2종근린생활시설,자동차관련시설및근린생활시설,6
01000,단독주택,농업용창고및주택,6
01000,단독주택,준농림,6
01000,단독주택,근린생활시설및단독주택7가구용,6
18000,창고시설,농수산물자재창고,6
01000,단독주택,근린생활시설및단독주택3가구,6
17000,공장,공장용사무실,6
17000,공장,밀싸이로,6
18000,창고시설,농가용창고및,6
31000,야영장시설,관광농원,6
10000,교육연구시설,교육시설및복지시설,6
11000,노유자시설,저온저장고,6
01000,단독주택,주택및부속창고,6
18000,창고시설,창고및건조실,6
01000,단독주택,농업용주택및,6
19000,위험물저장및처리시설,위험물정장및처리시설,6
17000,공장,외부화장실,6
09000,의료시설,차고,6
04000,제2종근린생활시설,享체,6
14000,업무시설,게스트하우스,6
17000,공장,셀터,6
01000,단독주택,저장시설,6
19000,위험물저장및처리시설,급유소,6
06000,종교시설,범종각,6
02000,공동주택,14호,6
15000,숙박시설,대중탕,6
17000,공장,전구제조업,6
,,위험물저장및처리시설,6
03000,제1종근린생활시설,제1종근린생,6
20000,자동차관련시설,공용주차장,6
14000,업무시설,체력단련실,6
02000,공동주택,gx실,6
06000,종교시설,제실관리사,6
10000,교육연구시설,관람석,6
04000,제2종근린생활시설,농산물가공처리,6
18000,창고시설,농산물건조,6
04000,제2종근린생활시설,근린생활2종,6
01000,단독주택,주자장,6
18000,창고시설,허간,6
18000,창고시설,자동차부품창고,6
01000,단독주택,2종근린생활시설외,6
01000,단독주택,17세대,6
03000,제1종근린생활시설,용원,6
01000,단독주택,보이라,6
22000,분뇨.쓰레기처리시설,공중화장실,6
23000,교정및군사시설,교회,6
18000,창고시설,농산물직판장,6
14000,업무시설,주거겸용,6
14000,업무시설,사무실및창고,6
17000,공장,main,6
14000,업무시설,부속,6
21000,동물및식물관련시설,계류사,6
03000,제1종근린생활시설,18가구,6
17000,공장,편의시설,6
20000,자동차관련시설,도장실,6
17000,공장,canopy,6
15000,숙박시설,취사장,6
08000,운수시설,변전실,6
01000,단독주택,수산물창고,6
04000,제2종근린생활시설,교육및,6
26000,묘지관련시설,정자,6
15000,숙박시설,이발소,6
04000,제2종근린생활시설,이동식화장실,6
17000,공장,주형및금형제조업,6
03000,제1종근린생활시설,수원지,6
20000,자동차관련시설,회의실,6
17000,공장,계류장,6
01000,단독주택,근린샐활시설,6
11000,노유자시설,지하주차장,6
10000,교육연구시설,문화집회시설,6
07000,판매시설,부속창고,6
13000,운동시설,주민운동시설,6
17000,공장,첨단업종공장,6
01000,단독주택,54,6
17000,공장,연면적제외,6
02000,공동주택,작은독서실,6
02000,공동주택,2건,6
21000,동물및식물관련시설,농산물저온저장고,6
,,창,6
03000,제1종근린생활시설,다중,6
03000,제1종근린생활시설,근린공동시설,6
07000,판매시설,판매시설외2,6
04000,제2종근린생활시설,제2종근린생활시설시설,6
33000,"국방,군사시설",작전,6
03000,제1종근린생활시설,점포겸주택,6
20000,자동차관련시설,시내버스공영차고지,6
10000,교육연구시설,진산공업고등학교,6
02000,공동주택,17가구,6
17000,공장,2차변전실,6
17000,공장,간이조정실,6
11000,노유자시설,노인양로시설,6
08000,운수시설,외1,6
01000,단독주택,98농가주택,6
18000,창고시설,농업용창고및관리사,6
15000,숙박시설,숙박시설외1용도,6
21000,동물및식물관련시설,농수산업용시설,6
15000,숙박시설,청소년수련시설,6
17000,공장,차고지,6
04000,제2종근린생활시설,정화조관리층,6
,,대피소,6
02000,공동주택,l,6
13000,운동시설,양궁장,6
17000,공장,12,6
Z6000,판매및영업시설,제1종근린생활시설,6
04000,제2종근린생활시설,명부전,6
17000,공장,독서실,6
01000,단독주택,장의사,6
17000,공장,원자재창고,6
21000,동물및식물관련시설,가동,6
20000,자동차관련시설,폐수처리장,6
17000,공장,스크랩보관장,6
01000,단독주택,농기구수리센타,6
04000,제2종근린생활시설,사무실외,6
17000,공장,압축기동,6
17000,공장,환경측정실,6
18000,창고시설,폐수처리장,6
11000,노유자시설,제1종근린생활시설외,6
01000,단독주택,축,6
04000,제2종근린생활시설,근린샐활시설,6
06000,종교시설,발전기실,6
18000,창고시설,경비,6
02000,공동주택,lpg,6
03000,제1종근린생활시설,s,6
04000,제2종근린생활시설,단독주택1가구,6
19000,위험물저장및처리시설,저장실,6
03000,제1종근린생활시설,번사,6
02000,공동주택,커뮤니티홀,6
03000,제1종근린생활시설,기타창고시설,6
18000,창고시설,도자기공장,6
20000,자동차관련시설,지동차관련시설,6
27000,관광휴게시설,외,6
04000,제2종근린생활시설,2종그린생활시설,6
05000,문화및집회시설,작업장,6
17000,공장,후문,6
03000,제1종근린생활시설,근린생횔시설,6
05000,문화및집회시설,경정장,6
Z6000,판매및영업시설,교육연구시설,6
03000,제1종근린생활시설,표구점,6
01000,단독주택,3주택,6
03000,제1종근린생활시설,제2종근린시설,6
03000,제1종근린생활시설,농산물작업장,6
17000,공장,판매및영업시설,6
14000,업무시설,외4,6
18000,창고시설,초소,6
17000,공장,유기질비료제조공장,6
05000,문화및집회시설,가구전시장,6
13000,운동시설,교육연구,6
21000,동물및식물관련시설,곶감건조장,6
01000,단독주택,다중주택및제2종근린생활시설,6
31000,야영장시설,대피소,6
02000,공동주택,폐기물창고,6
,,고,6
17000,공장,중합동,6
17000,공장,전기충전소,6
01000,단독주택,이동식화장실,6
01000,단독주택,주택및농가창고,6
18000,창고시설,농업용기계실,6
02000,공동주택,직통계단실,6
02000,공동주택,업무시설및아파트,6
03000,제1종근린생활시설,근린생활시설외2용도,6
03000,제1종근린생활시설,묘정,6
18000,창고시설,농산물냉장창고,6
04000,제2종근린생활시설,장,6
01000,단독주택,농가용창고및,6
02000,공동주택,오배수펌프실,6
11000,노유자시설,모자원,6
11000,노유자시설,부대복리시설,6
15000,숙박시설,2용도,6
14000,업무시설,4세대,6
02000,공동주택,시청각실,6
,,주1,6
17000,공장,가구제조,6
17000,공장,펌프하우스,6
20000,자동차관련시설,근생시설,6
Z3000,근린생활시설,한의원,6
01000,단독주택,다가구단독,6
01000,단독주택,생활근린시설,6
11000,노유자시설,공공업무시설,6
10000,교육연구시설,교육연구연구및복지시설,6
01000,단독주택,목사관,6
17000,공장,배차플랜트,6
17000,공장,스크린실,6
05000,문화및집회시설,경비초소,6
04000,제2종근린생활시설,근린공공,6
04000,제2종근린생활시설,제2종근생및다가구주택,6
04000,제2종근린생활시설,초소,6
17000,공장,인버터실,6
03000,제1종근린생활시설,소,6
18000,창고시설,계란집하장,6
18000,창고시설,재활용품보관,6
02000,공동주택,제1종근린생활시설및,6
01000,단독주택,주택및일용품소매점,6
01000,단독주택,개선사업분,6
03000,제1종근린생활시설,자동교환장치,6
15000,숙박시설,관광펜션업,6
03000,제1종근린생활시설,물품창고,6
10000,교육연구시설,쓰레기분리수거장,6
01000,단독주택,95농촌주택개량,6
17000,공장,레미콘제조,6
14000,업무시설,서고,6
01000,단독주택,한문학원,6
14000,업무시설,분리수거장,6
02000,공동주택,2종근,6
07000,판매시설,근린생활,6
11000,노유자시설,기타시설,6
02000,공동주택,샤워장,6
02000,공동주택,전기실및기계실,6
13000,운동시설,실내게이트볼장,6
10000,교육연구시설,2호관,6
03000,제1종근린생활시설,위생시설,6
10000,교육연구시설,연립주택,6
02000,공동주택,b단지,6
18000,창고시설,임산물,6
18000,창고시설,비품창고,6
02000,공동주택,효친시설,6
02000,공동주택,재활용품저장창고,6
04000,제2종근린생활시설,잡화점,6
14000,업무시설,보건지소,6
14000,업무시설,대기실,6
19000,위험물저장및처리시설,일반창고,6
01000,단독주택,영,6
10000,교육연구시설,선수합숙소,6
21000,동물및식물관련시설,동물관련시설축사,6
12000,수련시설,근린공공시설,6
17000,공장,모터실,6
21000,동물및식물관련시설,농구사,6
05000,문화및집회시설,제1종근생,6
01000,단독주택,청소년게임제공업소,6
16000,위락시설,무도학원,6
17000,공장,분석기실at,6
10000,교육연구시설,복지,6
01000,단독주택,공공건물,6
02000,공동주택,및부대복리시설,6
03000,제1종근린생활시설,관리용건축물,6
21000,동물및식물관련시설,당나귀사육사,6
17000,공장,해태건조공장,6
17000,공장,그라비아,6
06000,종교시설,근린공공시설,6
03000,제1종근린생활시설,양수장옥,6
04000,제2종근린생활시설,상가동,6
01000,단독주택,매,6
05000,문화및집회시설,실내체육관,6
02000,공동주택,세대,6
17000,공장,v,6
10000,교육연구시설,아파트,6
21000,동물및식물관련시설,광,6
04000,제2종근린생활시설,낚시터,6
03000,제1종근린생활시설,우물,6
06000,종교시설,전사청,6
20000,자동차관련시설,직원숙소,6
03000,제1종근린생활시설,농촌지도소사무실,6
02000,공동주택,키즈도서관,6
18000,창고시설,서고,6
02000,공동주택,돌봄교실,6
17000,공장,페수처리장,6
21000,동물및식물관련시설,소독소,6
21000,동물및식물관련시설,계란창고,6
01000,단독주택,농가주택개량,6
01000,단독주택,연립상가,6
01000,단독주택,18실,6
10000,교육연구시설,재활용창고,6
01000,단독주택,민박형,6
14000,업무시설,탄약고,6
17000,공장,사무소및기숙사,6
03000,제1종근린생활시설,정화조,6
02000,공동주택,조경시설,6
17000,공장,펌프동,6
17000,공장,jc,6
17000,공장,유류고,6
18000,창고시설,농가창고및,6
03000,제1종근린생활시설,공중탕,6
03000,제1종근린생활시설,제1종및제2종,6
14000,업무시설,문화시설,6
17000,공장,tank,6
27000,관광휴게시설,관리사무실,6
04000,제2종근린생활시설,편의시설,6
17000,공장,주방및식탁용목제품,6
17000,공장,chiller,6
03000,제1종근린생활시설,외국어,6
18000,창고시설,직원숙소,6
02000,공동주택,후생복지시설,6
04000,제2종근린생활시설,탑옥,6
,,유흥음식점,6
01000,단독주택,단독주택제,6
02000,공동주택,저수조실,6
17000,공장,위생실,6
21000,동물및식물관련시설,젖소사육운동장,6
03000,제1종근린생활시설,농기계임대사업장,6
03000,제1종근린생활시설,기계전기실,6
,,위험물,6
03000,제1종근린생활시설,동주민센터,6
11000,노유자시설,휴게시설,6
03000,제1종근린생활시설,농업인상담소,6
03000,제1종근린생활시설,소매점창고,6
04000,제2종근린생활시설,대중음식,6
,,농산물,6
10000,교육연구시설,복지지설,6
04000,제2종근린생활시설,농산물가공처리업,6
03000,제1종근린생활시설,농산물선별장,6
17000,공장,주방및식당,6
,,요사채,6
01000,단독주택,공공시설,6
04000,제2종근린생활시설,소매점및사무소,6
13000,운동시설,정자,6
18000,창고시설,농기계보관용창고,6
03000,제1종근린생활시설,농특산품판매점,6
10000,교육연구시설,미금초등학교,6
,,축,6
04000,제2종근린생활시설,단독주택외1건,6
04000,제2종근린생활시설,제1종근린생활시설외1건,6
03000,제1종근린생활시설,공원관리사,6
04000,제2종근린생활시설,탈의장,6
08000,운수시설,계전기실,6
10000,교육연구시설,교육연구시설및근린생활시설,6
18000,창고시설,근린생활시설및주택,6
11000,노유자시설,교육및연구시설,6
,,농막,6
04000,제2종근린생활시설,본당,6
04000,제2종근린생활시설,목재가구제조업,6
17000,공장,떡방앗간,6
11000,노유자시설,공중화장실,6
02000,공동주택,2종근린생활,6
22000,분뇨.쓰레기처리시설,소각시설,6
13000,운동시설,야외수영장,6
01000,단독주택,2종근생및단독주택,6
16000,위락시설,문화및집회시설,6
17000,공장,e공장,6
03000,제1종근린생활시설,오락실,6
21000,동물및식물관련시설,숙사,6
19000,위험물저장및처리시설,망루,6
14000,업무시설,경비동,6
02000,공동주택,재활용품저장소,6
06000,종교시설,구내식당,6
13000,운동시설,부속시설,6
21000,동물및식물관련시설,우시장,6
04000,제2종근린생활시설,주거,6
20000,자동차관련시설,버스차고지,6
10000,교육연구시설,청소년수련관,6
17000,공장,목재품,6
27000,관광휴게시설,탈의실,6
14000,업무시설,쓰레기보관소,6
10000,교육연구시설,야외무대,6
08000,운수시설,운동시설,6
18000,창고시설,잿간,6
12000,수련시설,부속창고,6
20000,자동차관련시설,부속화장실,6
01000,단독주택,종실,6
21000,동물및식물관련시설,애누에,6
18000,창고시설,물품저장시설,6
05000,문화및집회시설,초가동,6
10000,교육연구시설,저수조,6
01000,단독주택,창고화장실,6
14000,업무시설,노래연습장,6
17000,공장,숙사,6
10000,교육연구시설,교육연구및복지,6
04000,제2종근린생활시설,관련,6
07000,판매시설,주차관리소,6
01000,단독주택,부속다용도실,6
15000,숙박시설,당구장,6
17000,공장,방공호,6
19000,위험물저장및처리시설,교육연구및복지시설,6
03000,제1종근린생활시설,목재건구,6
14000,업무시설,당구장,6
04000,제2종근린생활시설,일반목재가구제조,6
13000,운동시설,의료시설,6
,,농산물집하장,6
10000,교육연구시설,가사실,6
02000,공동주택,지상계단실,6
31000,야영장시설,관리소,6
01000,단독주택,1종근린생활시설및주택,6
10000,교육연구시설,관람집회시설,6
21000,동물및식물관련시설,오물처리장,6
04000,제2종근린생활시설,상수도,6
Z3000,근린생활시설,캐노피,6
24000,방송통신시설,동조사,6
01000,단독주택,근생및다중주택,6
22000,분뇨.쓰레기처리시설,분료,6
02000,공동주택,연결계단,6
18000,창고시설,부속사무소,6
01000,단독주택,주택및근생시설,6
02000,공동주택,기계실2,6
10000,교육연구시설,보육원,6
03000,제1종근린생활시설,신고소,6
03000,제1종근린생활시설,고속도로,6
03000,제1종근린생활시설,회관창고,6
03000,제1종근린생활시설,물품보관창고,6
15000,숙박시설,관광호스텔,6
14000,업무시설,통합경비실,6
08000,운수시설,화물유통시설,6
17000,공장,생굴가공,6
01000,단독주택,다용도창고,6
21000,동물및식물관련시설,동물관련시설및창고시설,6
02000,공동주택,오피스텔및다세대주택,6
02000,공동주택,재활용분리보관창고,6
04000,제2종근린생활시설,전사청,6
05000,문화및집회시설,누각,6
18000,창고시설,과일창고,6
21000,동물및식물관련시설,볏짚보관창고,6
22000,분뇨.쓰레기처리시설,경비동,6
17000,공장,기름탱크,6
01000,단독주택,농산물저장고,6
14000,업무시설,7호,6
Z3000,근린생활시설,다가구용,6
01000,단독주택,농산물저온저장고,6
04000,제2종근린생활시설,출하실,6
02000,공동주택,커뮤니티룸,6
,,공중변소,6
18000,창고시설,보관시설,6
02000,공동주택,영업,6
05000,문화및집회시설,산신각,6
10000,교육연구시설,서고,6
10000,교육연구시설,소방펌프실,6
Z3000,근린생활시설,유흥주점,6
01000,단독주택,슈퍼,6
10000,교육연구시설,대기실,6
01000,단독주택,가정어린이집,6
11000,노유자시설,장애인,6
Z8000,교육연구및복지시설,탁아소,6
18000,창고시설,농기구보관,6
02000,공동주택,노래연습장,6
19000,위험물저장및처리시설,화공품고,6
02000,공동주택,영유아시설,6
01000,단독주택,사업,6
Z3000,근린생활시설,양수장,6
17000,공장,box,6
03000,제1종근린생활시설,주민편의시설,6
10000,교육연구시설,급수장,6
03000,제1종근린생활시설,예비군중대,6
25000,발전시설,초소,6
01000,단독주택,축사부속,6
,,잡옥,6
14000,업무시설,관사,6
18000,창고시설,어가창고,6
17000,공장,콤프레서실,6
01000,단독주택,농촌체험관,6
10000,교육연구시설,교수연구실,6
17000,공장,폐수처리,6
11000,노유자시설,재활원,6
17000,공장,탱크저장소,6
02000,공동주택,오피스텔2호,6
04000,제2종근린생활시설,근린생활주택,6
17000,공장,사무실외,6
04000,제2종근린생활시설,식품제조가공업소,6
,,보일라실,6
03000,제1종근린생활시설,수도시설,6
02000,공동주택,주차장2,6
15000,숙박시설,학원,6
03000,제1종근린생활시설,마을농기계창고,6
23000,교정및군사시설,연구시설,6
02000,공동주택,공동주택외2건,6
,,상수도모터실,6
01000,단독주택,과실품질관리시설,6
18000,창고시설,창고관리사,6
03000,제1종근린생활시설,근린공공시설및노유자시설,6
03000,제1종근린생활시설,제1종근린생활시설및창고시설,6
04000,제2종근린생활시설,근린시설및주택,6
02000,공동주택,영구임대,6
02000,공동주택,재활용쓰레기보관소,6
01000,단독주택,주택및주차장,6
06000,종교시설,종교시설및노유자시설,6
21000,동물및식물관련시설,축산폐수처리시설,6
17000,공장,엔진공장,6
02000,공동주택,12호,6
03000,제1종근린생활시설,무도교습소,6
19000,위험물저장및처리시설,부속,6
03000,제1종근린생활시설,멀티미디어문화컨텐츠설비제공업소,6
02000,공동주택,학습실,6
21000,동물및식물관련시설,관리소,6
03000,제1종근린생활시설,노인정및마을회관,6
02000,공동주택,205동,6
03000,제1종근린생활시설,4세대,6
11000,노유자시설,노인요양공동생활가정,6
02000,공동주택,공동주방,6
Z8000,교육연구및복지시설,공장,6
14000,업무시설,72호,6
01000,단독주택,제2종일반음식점,6
10000,교육연구시설,다중주택,6
03000,제1종근린생활시설,여과지상옥,6
17000,공장,본관동,6
03000,제1종근린생활시설,마을화관,6
03000,제1종근린생활시설,수도가압장,6
13000,운동시설,샤워장,6
17000,공장,파쇄장,6
17000,공장,사무실및휴게실,6
04000,제2종근린생활시설,지원시설,6
06000,종교시설,숙박시설,6
04000,제2종근린생활시설,기타건축용목재품제조업,6
20000,자동차관련시설,직원식당,6
02000,공동주택,빗물저수조펌프실,6
17000,공장,관리소,6
17000,공장,보일러동,6
17000,공장,오수처리장,6
17000,공장,출하사무실,6
18000,창고시설,감타래,6
14000,업무시설,치매안심센터,6
01000,단독주택,95년도,6
19000,위험물저장및처리시설,탱크실,6
10000,교육연구시설,급수대,6
20000,자동차관련시설,셀프세차장,6
01000,단독주택,농업인용,6
20000,자동차관련시설,자동차관련시설및,6
02000,공동주택,계단실1,6
21000,동물및식물관련시설,동물관련시설및관리사,6
22000,분뇨.쓰레기처리시설,하치장,6
01000,단독주택,95주택개량대상자,6
03000,제1종근린생활시설,카페,6
20000,자동차관련시설,대중음식점,6
13000,운동시설,변소,6
04000,제2종근린생활시설,기전실,6
,,근생,6
15000,숙박시설,주택및여인숙,6
01000,단독주택,곳간,6
18000,창고시설,사료보관,6
04000,제2종근린생활시설,후생복리시설,6
21000,동물및식물관련시설,개방식우사,6
01000,단독주택,2종종근린생활시설,6
17000,공장,이,6
01000,단독주택,구들방,6
04000,제2종근린생활시설,그외기타분류안된섬유제품제조업,6
18000,창고시설,컨테이너,6
02000,공동주택,주민라운지,6
11000,노유자시설,1용도,6
17000,공장,전기실동,6
22000,분뇨.쓰레기처리시설,쓰레기자동집하시설,6
18000,창고시설,위험물저장시설,6
03000,제1종근린생활시설,원격교환장치기계실,6
09000,의료시설,병사,6
Z3000,근린생활시설,펌프실,6
13000,운동시설,방가로7평,6
27000,관광휴게시설,숲속의,6
27000,관광휴게시설,집,6
18000,창고시설,농임업창고,6
01000,단독주택,병종주택,6
01000,단독주택,농가창고및농가주택,6
02000,공동주택,79세대,6
02000,공동주택,총괄,6
04000,제2종근린생활시설,정문,6
10000,교육연구시설,교육연구및복시시설,6
02000,공동주택,다세대주택및점포,6
14000,업무시설,숙사,6
03000,제1종근린생활시설,농수산물판매점,6
24000,방송통신시설,근린공공,6
18000,창고시설,관리창고,6
06000,종교시설,수각,6
17000,공장,기타시설,6
10000,교육연구시설,정문,6
27000,관광휴게시설,주차장,6
17000,공장,정비창고,6
14000,업무시설,교육시설,6
02000,공동주택,집회시설,6
02000,공동주택,키즈,6
04000,제2종근린생활시설,부속동,6
04000,제2종근린생활시설,의약품,6
04000,제2종근린생활시설,우산각,6
01000,단독주택,실험실,6
19000,위험물저장및처리시설,액화,6
04000,제2종근린생활시설,다가구주택4가구,6
04000,제2종근린생활시설,장례식장,6
24000,방송통신시설,2,6
17000,공장,인조섬유,6
23000,교정및군사시설,훈련시설,6
17000,공장,골재저장고,6
21000,동물및식물관련시설,봉사,6
04000,제2종근린생활시설,외1종,6
12000,수련시설,외,6
01000,단독주택,제1종2종근린생활시설,6
17000,공장,station,6
01000,단독주택,부속사및축사,6
20000,자동차관련시설,차고및사무실,6
01000,단독주택,농기계,6
05000,문화및집회시설,연구실,6
03000,제1종근린생활시설,모종,6
03000,제1종근린생활시설,여과지동,6
27000,관광휴게시설,충전소,6
04000,제2종근린생활시설,용도,6
10000,교육연구시설,급수실,6
04000,제2종근린생활시설,2종근린,6
21000,동물및식물관련시설,먹이통,6
01000,단독주택,진료소,6
19000,위험물저장및처리시설,위험물처장및처리시설,6
20000,자동차관련시설,교육실,6
01000,단독주택,단독주택14가구,6
20000,자동차관련시설,교양실,6
01000,단독주택,창고및사무실,6
02000,공동주택,재활용폐기물보관시설,6
07000,판매시설,전시장,6
01000,단독주택,벽돌구조,6
01000,단독주택,관리동,6
20000,자동차관련시설,세차장사무소,6
17000,공장,기계공장,6
06000,종교시설,농가주택,6
03000,제1종근린생활시설,무인통신기지국,6
04000,제2종근린생활시설,보훈회관,6
18000,창고시설,공동보관,6
02000,공동주택,제1ㆍ2종근린생활시설,6
14000,업무시설,선별진료소,6
30000,자원순환관련시설,가축분뇨공공처리시설,6
27000,관광휴게시설,승강장,6
04000,제2종근린생활시설,부속사무소,6
22000,분뇨.쓰레기처리시설,탈의실,6
02000,공동주택,동서명문,6
17000,공장,벌크시멘트출하장,6
30000,자원순환관련시설,폐수종말처리시설,6
03000,제1종근린생활시설,양수옥,6
03000,제1종근린생활시설,마을공동개량저장고,6
,,1종,6
08000,운수시설,항공기정비시설,6
07000,판매시설,물품저장소,6
Z3000,근린생활시설,주택및근린생활시설,6
18000,창고시설,창고및제2종근린생활시설,6
11000,노유자시설,교육연구및복지시설외,6
30000,자원순환관련시설,비가림시설,6
04000,제2종근린생활시설,부속휴게실,6
04000,제2종근린생활시설,다중이용시설,6
03000,제1종근린생활시설,제1종제2종근린생활시설,6
04000,제2종근린생활시설,간이식당,6
03000,제1종근린생활시설,2종근생및단독주택,6
17000,공장,콤프레샤,6
24000,방송통신시설,창고시설,6
03000,제1종근린생활시설,문화및,6
10000,교육연구시설,대학원대학,6
04000,제2종근린생활시설,청소년게임제공업의시설,6
17000,공장,창고및기숙사,6
17000,공장,어린이집,6
18000,창고시설,수산업용,6
16000,위락시설,다가구주택,6
24000,방송통신시설,축전지실,6
21000,동물및식물관련시설,계사및,6
11000,노유자시설,축사,6
21000,동물및식물관련시설,고가수조,6
02000,공동주택,59세대,6
04000,제2종근린생활시설,사무소및숙소,6
14000,업무시설,15호,6
25000,발전시설,차고,6
17000,공장,blower실,6
17000,공장,구조용금속판제품제조업,6
04000,제2종근린생활시설,농산물판매장,6
02000,공동주택,복리후생시설,6
17000,공장,곡물,6
17000,공장,제면업,6
07000,판매시설,수산물위판장,6
06000,종교시설,부속화장실,6
,,관리사무소,6
14000,업무시설,주거형,6
02000,공동주택,스마트멀티룸,6
03000,제1종근린생활시설,2종근린생황시설,6
17000,공장,분쇄공장,6
04000,제2종근린생활시설,주택및근린생활,6
17000,공장,스크랩장,6
17000,공장,달리분류되지,6
03000,제1종근린생활시설,휴계소,6
06000,종교시설,용왕당,6
22000,분뇨.쓰레기처리시설,변전실,6
22000,분뇨.쓰레기처리시설,관리사무실,6
03000,제1종근린생활시설,약품실,6
22000,분뇨.쓰레기처리시설,공동변소,6
07000,판매시설,통로,6
04000,제2종근린생활시설,저장소,6
10000,교육연구시설,고,6
,,경로당,6
12000,수련시설,청소년회관,6
04000,제2종근린생활시설,무도교습소,6
15000,숙박시설,부설주차장,6
02000,공동주택,폐기물보관실,6
14000,업무시설,외1건,6
20000,자동차관련시설,자동차정류장,6
21000,동물및식물관련시설,동물관련사,6
04000,제2종근린생활시설,2종근생및다가구주택,6
11000,노유자시설,샤워장,6
04000,제2종근린생활시설,창고및변소,6
03000,제1종근린생활시설,2동,6
02000,공동주택,구매시설및,6
03000,제1종근린생활시설,기타공공업무시설,6
04000,제2종근린생활시설,제품창고,6
01000,단독주택,휴게정자,6
18000,창고시설,염창고,6
18000,창고시설,창고및사무소,6
19000,위험물저장및처리시설,g저장소,6
02000,공동주택,3세대주택,6
02000,공동주택,테라스하우스,6
07000,판매시설,관광휴게시설,6
18000,창고시설,배저장창고,6
03000,제1종근린생활시설,경로당및마을회관,6
01000,단독주택,제2종근린새활시설,6
04000,제2종근린생활시설,관음전,6
18000,창고시설,감귤보관창고,6
10000,교육연구시설,발전기실,6
11000,노유자시설,아동숙사,6
01000,단독주택,양송이재배사,6
17000,공장,전자부품,6
03000,제1종근린생활시설,r,6
03000,제1종근린생활시설,마을회관및경노당,6
03000,제1종근린생활시설,예능강습소,6
03000,제1종근린생활시설,직업훈련소,6
01000,단독주택,공장시설,6
11000,노유자시설,종합사회복지관,6
02000,공동주택,도시형생활시설,6
04000,제2종근린생활시설,도시형업종,6
02000,공동주택,208동,6
18000,창고시설,2종,6
01000,단독주택,축양장,6
18000,창고시설,마을공동집하장,6
21000,동물및식물관련시설,개방형우사,6
03000,제1종근린생활시설,배수관련시설,6
21000,동물및식물관련시설,우마사,6
17000,공장,방음기실,6
21000,동물및식물관련시설,살균실,6
17000,공장,계측실,6
02000,공동주택,dvd룸,6
22000,분뇨.쓰레기처리시설,실험실,6
05000,문화및집회시설,b,6
01000,단독주택,판넬,6
04000,제2종근린생활시설,휀룸,6
17000,공장,사무실및실험실,6
04000,제2종근린생활시설,전망대,6
02000,공동주택,10호,6
04000,제2종근린생활시설,가공업,6
03000,제1종근린생활시설,무인중계소,6
02000,공동주택,주민공방,6
17000,공장,9,6
09000,의료시설,1종근린생활시설,6
20000,자동차관련시설,전시시설,6
17000,공장,시험동,6
21000,동물및식물관련시설,왕겨창고,6
14000,업무시설,수리점,6
03000,제1종근린생활시설,제1종근린생활시설제1종근린생활시설,6
02000,공동주택,보호자대기소,6
02000,공동주택,재활용선별창고,6
10000,교육연구시설,다가구,6
17000,공장,간판및광고물제조업,6
18000,창고시설,퇴비저장고,6
04000,제2종근린생활시설,경노당,6
02000,공동주택,다세대10세대,6
04000,제2종근린생활시설,근린생횔시설,6
02000,공동주택,120세대,6
06000,종교시설,고적,6
04000,제2종근린생활시설,근린생활시설외2용도,6
03000,제1종근린생활시설,상수도모터실,6
21000,동물및식물관련시설,여주자영농업고등학교,6
05000,문화및집회시설,전통초가,6
02000,공동주택,연립4세대,6
17000,공장,냉방데크기계실,6
02000,공동주택,96세대,6
Z3000,근린생활시설,건조실,6
10000,교육연구시설,교육관련시설,6
19000,위험물저장및처리시설,유조탱크,6
21000,동물및식물관련시설,우사및주택,6
22000,분뇨.쓰레기처리시설,계분처리장,6
04000,제2종근린생활시설,제2종근린생활시서,6
03000,제1종근린생활시설,경찰초소,6
12000,수련시설,관,6
18000,창고시설,영농창고,6
Z3000,근린생활시설,동물관련시설,6
02000,공동주택,대피공간,6
02000,공동주택,6개소,6
05000,문화및집회시설,체육시설,6
Z3000,근린생활시설,경로당,6
02000,공동주택,204동,6
17000,공장,양수실,6
17000,공장,수소,6
14000,업무시설,60호,6
03000,제1종근린생활시설,즉석판매제조가공업,6
04000,제2종근린생활시설,경비탑,6
01000,단독주택,근린생활시설외2,6
14000,업무시설,오피스텔및,6
04000,제2종근린생활시설,연예장,6
05000,문화및집회시설,남한행궁상궐,6
21000,동물및식물관련시설,나동,6
02000,공동주택,키즈라운지,6
30000,자원순환관련시설,계단실,6
02000,공동주택,원룸형24세대,6
01000,단독주택,문간채,6
02000,공동주택,경비휴게실,6
02000,공동주택,다세대주택5세대,6
03000,제1종근린생활시설,읍사무소,6
23000,교정및군사시설,제2종근린생활시설,6
21000,동물및식물관련시설,육상양식어업시설,6
01000,단독주택,다중주택및,6
01000,단독주택,차양시설,6
18000,창고시설,작업창고,6
19000,위험물저장및처리시설,비상발전기실,6
Z3000,근린생활시설,발전실,6
23000,교정및군사시설,문고,6
05000,문화및집회시설,안내소,6
08000,운수시설,기숙사,6
01000,단독주택,농산물저장창고,6
01000,단독주택,건창고,6
01000,단독주택,농기구수리소,6
,,목욕탕,6
21000,동물및식물관련시설,식물관련시설외1,6
02000,공동주택,공동주택시설,6
17000,공장,타이탄4,6
18000,창고시설,기자재보관,6
Z9000,공공용시설,창고,6
02000,공동주택,아파트외,6
17000,공장,ba,6
14000,업무시설,문서고,6
01000,단독주택,화장실및샤워실,6
10000,교육연구시설,제2종근,6
11000,노유자시설,공중변소,6
21000,동물및식물관련시설,우형기사,6
01000,단독주택,저장실,6
17000,공장,기존,6
03000,제1종근린생활시설,근린생활지역,6
14000,업무시설,온실,6
Z5000,문화및집회시설,교회사택,6
17000,공장,옥외위험물저장소,6
10000,교육연구시설,사열대,6
14000,업무시설,제2종근린생활시설외,6
01000,단독주택,집하장,6
17000,공장,제품상차장,6
23000,교정및군사시설,저장고,6
01000,단독주택,다가구9,6
15000,숙박시설,관광팬션,6
04000,제2종근린생활시설,보이러실,6
03000,제1종근린생활시설,새마을공동작업장,6
22000,분뇨.쓰레기처리시설,발효퇴비장,6
02000,공동주택,공용쉐어,6
02000,공동주택,아파트및부대시설,6
17000,공장,사원임대,6
21000,동물및식물관련시설,둥식물관련시설,6
18000,창고시설,농산물집하창고,6
,,농기계보관창고,6
21000,동물및식물관련시설,가축관리사,6
16000,위락시설,근린생활시설및위락시설,6
19000,위험물저장및처리시설,가스탱크실,6
01000,단독주택,인터넷컴퓨터게임시설제공업,5
04000,제2종근린생활시설,천주교,5
21000,동물및식물관련시설,볕집창고,5
01000,단독주택,교육,5
22000,분뇨.쓰레기처리시설,기계적처리시설,5
04000,제2종근린생활시설,도시형,5
04000,제2종근린생활시설,교육원,5
01000,단독주택,위험물판매,5
03000,제1종근린생활시설,기계보호시설,5
04000,제2종근린생활시설,농산물제조업,5
09000,의료시설,물탱크실,5
04000,제2종근린생활시설,부품창고,5
01000,단독주택,71,5
19000,위험물저장및처리시설,주민공동이용시설,5
18000,창고시설,과수일반저장고,5
01000,단독주택,단층변소,5
18000,창고시설,냉각기실,5
02000,공동주택,종합경비실,5
19000,위험물저장및처리시설,가스저장시설,5
17000,공장,동력동,5
17000,공장,김치,5
02000,공동주택,3층,5
21000,동물및식물관련시설,퇴비사및퇴비저장시설,5
17000,공장,비상발전실,5
04000,제2종근린생활시설,피아노,5
01000,단독주택,주낵,5
04000,제2종근린생활시설,포교당,5
19000,위험물저장및처리시설,외2,5
03000,제1종근린생활시설,농민상담소,5
17000,공장,17,5
01000,단독주택,휴계음식점,5
10000,교육연구시설,엘리베이터실,5
03000,제1종근린생활시설,옥상,5
17000,공장,실험장,5
30000,자원순환관련시설,관리실,5
10000,교육연구시설,일반업무시설,5
04000,제2종근린생활시설,레스토랑,5
02000,공동주택,통신기기실,5
17000,공장,제품전시장,5
11000,노유자시설,공공용시설,5
04000,제2종근린생활시설,생활형숙박시설,5
03000,제1종근린생활시설,여경로당,5
17000,공장,문서고,5
17000,공장,골판지,5
21000,동물및식물관련시설,조류장,5
01000,단독주택,97농촌주택개량,5
01000,단독주택,부대복리시설,5
Z3000,근린생활시설,근생시설,5
21000,동물및식물관련시설,우분건조장,5
14000,업무시설,제1종근,5
10000,교육연구시설,지하실,5
02000,공동주택,중앙통제실,5
01000,단독주택,예식장,5
21000,동물및식물관련시설,축분발효시설,5
21000,동물및식물관련시설,휴게음식점,5
02000,공동주택,우수저류조점검층,5
02000,공동주택,6블럭,5
24000,방송통신시설,통신실,5
04000,제2종근린생활시설,화장실및샤워실,5
22000,분뇨.쓰레기처리시설,폐기물저장소,5
03000,제1종근린생활시설,행정연락소,5
03000,제1종근린생활시설,중앙공급실,5
13000,운동시설,원형마장,5
21000,동물및식물관련시설,몸채,5
17000,공장,석재,5
09000,의료시설,발전기실,5
21000,동물및식물관련시설,처리시설,5
03000,제1종근린생활시설,양노당,5
01000,단독주택,및점포,5
07000,판매시설,근린생활시설및판매시설,5
04000,제2종근린생활시설,녹차가공제조업소,5
03000,제1종근린생활시설,농업생산,5
18000,창고시설,수산물냉동창고,5
01000,단독주택,주택겸창고,5
21000,동물및식물관련시설,일반공장,5
20000,자동차관련시설,정비공업사,5
04000,제2종근린생활시설,제조업수리점,5
18000,창고시설,퇴비사및창고,5
01000,단독주택,1종근린생활시설및단독주택,5
12000,수련시설,교정시설,5
18000,창고시설,파렛트창고,5
21000,동물및식물관련시설,교육및연구시설,5
19000,위험물저장및처리시설,기름탱크,5
17000,공장,가압펌프장,5
01000,단독주택,공란,5
09000,의료시설,의료시설외1,5
20000,자동차관련시설,조립공장,5
04000,제2종근린생활시설,제2종근란생활시설,5
17000,공장,자동제어반제조업,5
01000,단독주택,다새대주택,5
03000,제1종근린생활시설,관광안내소,5
03000,제1종근린생활시설,관정,5
18000,창고시설,해태,5
01000,단독주택,재배사,5
04000,제2종근린생활시설,사무실및차고,5
01000,단독주택,다가구용단도주택,5
01000,단독주택,제조시설,5
02000,공동주택,교회,5
10000,교육연구시설,전시장,5
17000,공장,에어리프트실,5
03000,제1종근린생활시설,일반주택,5
11000,노유자시설,제조업소,5
02000,공동주택,주상복합아파트,5
02000,공동주택,에어로빅실,5
21000,동물및식물관련시설,화초및분재등의온실,5
Z6000,판매및영업시설,노유자시설,5
18000,창고시설,공구보관창고,5
03000,제1종근린생활시설,편의점,5
05000,문화및집회시설,세미나실,5
22000,분뇨.쓰레기처리시설,총인처리시설,5
21000,동물및식물관련시설,대기장,5
03000,제1종근린생활시설,v,5
03000,제1종근린생활시설,교육관,5
10000,교육연구시설,일용품소매점,5
02000,공동주택,입주자대표실,5
17000,공장,휴게,5
02000,공동주택,모터실,5
20000,자동차관련시설,상점,5
01000,단독주택,종교,5
03000,제1종근린생활시설,급식소,5
21000,동물및식물관련시설,관리창고,5
02000,공동주택,원룸형20세대,5
03000,제1종근린생활시설,전신,5
21000,동물및식물관련시설,탈병실,5
21000,동물및식물관련시설,한우사육시설,5
03000,제1종근린생활시설,2호,5
02000,공동주택,94세대,5
09000,의료시설,외부통로,5
03000,제1종근린생활시설,2층주택,5
17000,공장,노인정,5
02000,공동주택,단지형생활주택,5
03000,제1종근린생활시설,어구보수보관장,5
03000,제1종근린생활시설,궁도장,5
12000,수련시설,세면장,5
,,미용실,5
02000,공동주택,주민공공시설,5
30000,자원순환관련시설,야적장,5
18000,창고시설,전시실,5
19000,위험물저장및처리시설,lpg창고,5
30000,자원순환관련시설,폐수종말처리장,5
04000,제2종근린생활시설,소개업소,5
21000,동물및식물관련시설,물치장,5
03000,제1종근린생활시설,기타근린생활시설,5
04000,제2종근린생활시설,디자인학원,5
17000,공장,물치장,5
18000,창고시설,창고1,5
17000,공장,판지상자제조업,5
04000,제2종근린생활시설,13가구,5
14000,업무시설,사회복지시설,5
22000,분뇨.쓰레기처리시설,처리동,5
11000,노유자시설,사회복지회관,5
17000,공장,개선반,5
18000,창고시설,소각장,5
10000,교육연구시설,욕실,5
04000,제2종근린생활시설,고직사,5
19000,위험물저장및처리시설,관리사무실,5
01000,단독주택,신청,5
21000,동물및식물관련시설,우사통로,5
04000,제2종근린생활시설,연수원,5
17000,공장,골판지상자제조업,5
10000,교육연구시설,사제관,5
04000,제2종근린생활시설,판매및,5
02000,공동주택,다세대주택및사무소,5
19000,위험물저장및처리시설,초소,5
21000,동물및식물관련시설,공동,5
03000,제1종근린생활시설,자원순환관련시설,5
17000,공장,자동차정비공장,5
04000,제2종근린생활시설,농촌지도소,5
16000,위락시설,일용품소매점,5
19000,위험물저장및처리시설,gas,5
21000,동물및식물관련시설,우사1동,5
17000,공장,비내화모르타르제조업,5
03000,제1종근린생활시설,돈사,5
02000,공동주택,4블럭,5
18000,창고시설,제품보관,5
17000,공장,주차타워,5
01000,단독주택,6가구주택,5
17000,공장,폐기물보관고,5
17000,공장,가스보관창고,5
17000,공장,약초가공공장,5
17000,공장,옥외계단,5
04000,제2종근린생활시설,감물염색작업장,5
17000,공장,i,5
11000,노유자시설,통로,5
,,실험실,5
02000,공동주택,주방,5
17000,공장,운동장관람석캐노피,5
24000,방송통신시설,통신기기실,5
21000,동물및식물관련시설,육상전복양식장,5
01000,단독주택,변소및보일러실,5
18000,창고시설,농수산물냉동창고,5
01000,단독주택,주택및근린생할시설,5
18000,창고시설,창고용,5
10000,교육연구시설,디형,5
22000,분뇨.쓰레기처리시설,부속용도,5
12000,수련시설,산림휴양시설,5
01000,단독주택,유스호스텔,5
10000,교육연구시설,기숙학원,5
10000,교육연구시설,교육연구시설외3,5
17000,공장,소화호스실,5
17000,공장,정수처리실,5
21000,동물및식물관련시설,악취분진저감시설,5
03000,제1종근린생활시설,소매점및휴게음식점,5
03000,제1종근린생활시설,마을회관부속창고,5
30000,자원순환관련시설,가축분뇨처리,5
02000,공동주택,공공개방시설,5
02000,공동주택,업무시설및공동주택,5
01000,단독주택,어장막,5
17000,공장,고압가스제조소,5
18000,창고시설,창고시설외1건,5
01000,단독주택,주택및정미소,5
15000,숙박시설,팔각정,5
13000,운동시설,지하주차장,5
04000,제2종근린생활시설,도장,5
17000,공장,열처리공장,5
,,농기계창고,5
03000,제1종근린생활시설,공동집하장,5
03000,제1종근린생활시설,근린생활시설주택,5
03000,제1종근린생활시설,상수도시설,5
03000,제1종근린생활시설,전시판매장,5
03000,제1종근린생활시설,근린생활시설및화장실,5
06000,종교시설,물치,5
21000,동물및식물관련시설,및관리사,5
19000,위험물저장및처리시설,세차실,5
01000,단독주택,건조기창고,5
,,제조업,5
03000,제1종근린생활시설,8호,5
25000,발전시설,경비동,5
01000,단독주택,제1종근린새활시설,5
14000,업무시설,휀룸,5
17000,공장,제2종근,5
03000,제1종근린생활시설,위락시설및,5
17000,공장,오,5
04000,제2종근린생활시설,자동차정비공장,5
22000,분뇨.쓰레기처리시설,침사지,5
03000,제1종근린생활시설,정비고,5
17000,공장,굴뚝,5
02000,공동주택,오피스텔및도시형생활주택,5
04000,제2종근린생활시설,식당및기숙사,5
17000,공장,영업용,5
04000,제2종근린생활시설,가스충전소,5
02000,공동주택,203동,5
21000,동물및식물관련시설,외3,5
21000,동물및식물관련시설,시물관련시설,5
19000,위험물저장및처리시설,lpg저장창고,5
21000,동물및식물관련시설,관리용,5
07000,판매시설,근린공공시설,5
21000,동물및식물관련시설,버섯종균배양사,5
21000,동물및식물관련시설,어류배양장,5
18000,창고시설,콤프레샤실,5
17000,공장,기타건축용,5
05000,문화및집회시설,공동주택,5
01000,단독주택,보일러실및,5
22000,분뇨.쓰레기처리시설,숙소,5
18000,창고시설,기전실,5
02000,공동주택,이용원,5
02000,공동주택,2근린생활시설,5
25000,발전시설,운전보안시설,5
17000,공장,가스,5
01000,단독주택,마늘건조장,5
01000,단독주택,주거환경개선사업,5
01000,단독주택,근린생활시설제2종,5
02000,공동주택,부설주차장,5
21000,동물및식물관련시설,농가주택및,5
17000,공장,포장공장,5
05000,문화및집회시설,a,5
Z6000,판매및영업시설,역사,5
18000,창고시설,완제품보관,5
06000,종교시설,제1종,5
02000,공동주택,비주거용,5
01000,단독주택,지붕pit,5
17000,공장,154kv변전실,5
02000,공동주택,주민집회소,5
06000,종교시설,부엌,5
14000,업무시설,및공동주택,5
14000,업무시설,18호,5
02000,공동주택,15호,5
17000,공장,소화호스보관소,5
01000,단독주택,제1종근린생활시서,5
01000,단독주택,저탄장,5
07000,판매시설,오피스텔,5
18000,창고시설,곡물건조기창고,5
04000,제2종근린생활시설,농어가주택,5
02000,공동주택,실내수영장,5
04000,제2종근린생활시설,조선소,5
17000,공장,말소,5
18000,창고시설,해태처리장,5
21000,동물및식물관련시설,절각장,5
21000,동물및식물관련시설,돼지,5
01000,단독주택,및부속사,5
04000,제2종근린생활시설,주택부속창고,5
02000,공동주택,47세대,5
04000,제2종근린생활시설,근린생활시설외1건,5
03000,제1종근린생활시설,영업용및근린생활시설,5
03000,제1종근린생활시설,아토피치유체험장,5
JY,,식물관련시설,5
01000,단독주택,1종근생및주택,5
01000,단독주택,창고1동,5
02000,공동주택,가스기계실,5
04000,제2종근린생활시설,야외무대,5
03000,제1종근린생활시설,양수장관리사,5
22000,분뇨.쓰레기처리시설,폐기물재활용처리시설,5
,,새마을창고,5
01000,단독주택,단독2가구,5
01000,단독주택,다가구및제1종근린생활시설,5
21000,동물및식물관련시설,창고및우사,5
14000,업무시설,정비창고,5
30000,자원순환관련시설,차고지,5
04000,제2종근린생활시설,사무,5
02000,공동주택,점검층,5
07000,판매시설,아케이트,5
01000,단독주택,비각,5
03000,제1종근린생활시설,연쇄점및사무실,5
01000,단독주택,무기고,5
01000,단독주택,근린행활시설,5
10000,교육연구시설,구내식당,5
04000,제2종근린생활시설,놀이방,5
02000,공동주택,에어로빅장,5
27000,관광휴게시설,가스저장고,5
04000,제2종근린생활시설,제2종근린셍활시설,5
23000,교정및군사시설,작전시설,5
10000,교육연구시설,캐노피,5
02000,공동주택,스터디카페,5
Z3000,근린생활시설,우체국,5
17000,공장,자재적재장,5
21000,동물및식물관련시설,잎담배저장창고,5
Z5000,문화및집회시설,요사채,5
17000,공장,약품주입실,5
10000,교육연구시설,조례대지붕,5
20000,자동차관련시설,차고사무실,5
02000,공동주택,71세대,5
22000,분뇨.쓰레기처리시설,쓰레리처리시설,5
13000,운동시설,야구연습장,5
01000,단독주택,저온,5
01000,단독주택,대피소및창고,5
02000,공동주택,제1종근린시설,5
03000,제1종근린생활시설,케노피,5
01000,단독주택,저장소,5
02000,공동주택,코디네이터룸,5
06000,종교시설,운동시설,5
Z6000,판매및영업시설,상가,5
03000,제1종근린생활시설,의약품판매소,5
03000,제1종근린생활시설,착수정,5
15000,숙박시설,회의실,5
15000,숙박시설,관리사무소,5
19000,위험물저장및처리시설,가스보관창고,5
Z3000,근린생활시설,미용실,5
03000,제1종근린생활시설,의약품소매점,5
22000,분뇨.쓰레기처리시설,유입펌프동,5
01000,단독주택,및사무소,5
17000,공장,않는,5
06000,종교시설,샤워장,5
17000,공장,도정업,5
03000,제1종근린생활시설,나동,5
14000,업무시설,변전소,5
17000,공장,물품제조,5
04000,제2종근린생활시설,일반인쇄업,5
17000,공장,출하창고,5
01000,단독주택,위험물저장고,5
02000,공동주택,22,5
04000,제2종근린생활시설,일반음식점외,5
18000,창고시설,수련시설,5
01000,단독주택,2종근리생활시설,5
14000,업무시설,주민회의실,5
21000,동물및식물관련시설,물,5
08000,운수시설,캐노피,5
16000,위락시설,정비고,5
02000,공동주택,오수처리시설,5
16000,위락시설,위락시설및,5
03000,제1종근린생활시설,화원,5
02000,공동주택,점포및,5
07000,판매시설,계단실,5
21000,동물및식물관련시설,폐수조,5
15000,숙박시설,무인텔,5
02000,공동주택,펌프및열교환실,5
18000,창고시설,농산물가공시설,5
01000,단독주택,7구획,5
04000,제2종근린생활시설,고시원및주택,5
04000,제2종근린생활시설,물품보관창고,5
23000,교정및군사시설,관리실,5
21000,동물및식물관련시설,防毁ː,5
02000,공동주택,일반창고,5
02000,공동주택,아파트및상가,5
02000,공동주택,수도계량기실,5
18000,창고시설,농산물건조및보관,5
18000,창고시설,해태건조처리장,5
Z3000,근린생활시설,근린생활시설외1건,5
05000,문화및집회시설,문화재시설,5
05000,문화및집회시설,자연휴양림편의시설,5
17000,공장,근무자대기실,5
01000,단독주택,농가주택1동,5
15000,숙박시설,시나래마을,5
03000,제1종근린생활시설,마을공동체험관,5
03000,제1종근린생활시설,경찰출장소,5
Z6000,판매및영업시설,구매생활시설,5
14000,업무시설,국방,5
27000,관광휴게시설,자연휴양림시설,5
03000,제1종근린생활시설,숙박동,5
04000,제2종근린생활시설,메주제조,5
24000,방송통신시설,통신기지국,5
10000,교육연구시설,연립관사,5
04000,제2종근린생활시설,취사식당,5
04000,제2종근린생활시설,젓갈공장,5
17000,공장,차량정비고,5
11000,노유자시설,사회복지지설,5
05000,문화및집회시설,명륜당,5
17000,공장,충전실,5
09000,의료시설,요양시설,5
05000,문화및집회시설,온실,5
14000,업무시설,부동산중개사무소,5
18000,창고시설,산물벼건조저장시설,5
04000,제2종근린생활시설,12가구,5
04000,제2종근린생활시설,16가구,5
02000,공동주택,지하수조,5
01000,단독주택,재간,5
17000,공장,분류되지,5
02000,공동주택,필로티주차장,5
03000,제1종근린생활시설,급수,5
03000,제1종근린생활시설,공공근린생활시설,5
14000,업무시설,고속도로,5
02000,공동주택,도시형생활주택원룸형주택,5
27000,관광휴게시설,펜션,5
03000,제1종근린생활시설,농,5
03000,제1종근린생활시설,제1종근린생활설,5
02000,공동주택,lpg저장탱크,5
03000,제1종근린생활시설,동물위탁시설,5
21000,동물및식물관련시설,돈분처리시설,5
04000,제2종근린생활시설,사주문,5
04000,제2종근린생활시설,2종린생활시설,5
04000,제2종근린생활시설,제조업소창고,5
13000,운동시설,크럽하우스,5
14000,업무시설,옥외화장실,5
01000,단독주택,부설창고,5
14000,업무시설,15실,5
01000,단독주택,테라스,5
19000,위험물저장및처리시설,drum,5
22000,분뇨.쓰레기처리시설,펌프,5
18000,창고시설,농기구수리센타,5
01000,단독주택,제2종근린생활설,5
Z8000,교육연구및복지시설,합숙소,5
17000,공장,기름탱크실,5
14000,업무시설,위험물저장,5
06000,종교시설,관람및집회시설,5
03000,제1종근린생활시설,호스텔,5
04000,제2종근린생활시설,수리,5
17000,공장,주,5
01000,단독주택,위험물취급판매소,5
17000,공장,벽돌,5
01000,단독주택,창고및퇴비사,5
01000,단독주택,일반숙박시설,5
03000,제1종근린생활시설,판매소,5
01000,단독주택,단독두택,5
02000,공동주택,지하주차장p1,5
10000,교육연구시설,체육도장,5
21000,동물및식물관련시설,저온,5
18000,창고시설,발전실,5
03000,제1종근린생활시설,c동,5
21000,동물및식물관련시설,검역소,5
Z8000,교육연구및복지시설,교육원,5
17000,공장,금형및관련제품제조업,5
01000,단독주택,응접실,5
14000,업무시설,영화관,5
14000,업무시설,2가구,5
18000,창고시설,2층,5
02000,공동주택,어린이집2,5
01000,단독주택,시멘트벽돌조,5
01003,다가구주택,다가구주택,5
17000,공장,금속가공,5
06000,종교시설,다목적실,5
04000,제2종근린생활시설,싸이로,5
05000,문화및집회시설,한옥체험관,5
11000,노유자시설,일반창고,5
03000,제1종근린생활시설,특산물판매장,5
03000,제1종근린생활시설,수도공급설비,5
17000,공장,프라스틱,5
17000,공장,수지공장,5
17000,공장,양말제조,5
04000,제2종근린생활시설,당,5
01000,단독주택,다가구주택및제1종근생,5
13000,운동시설,인공암벽장,5
13000,운동시설,공동주택,5
03000,제1종근린생활시설,방송,5
01000,단독주택,보육시설,5
03000,제1종근린생활시설,목욕탕및주택,5
18000,창고시설,비축창고,5
02000,공동주택,영업소,5
21000,동물및식물관련시설,미생물배양실,5
18000,창고시설,농수산창고,5
12000,수련시설,체험학습장,5
17000,공장,냉방데크,5
03000,제1종근린생활시설,어음정,5
04000,제2종근린생활시설,감시사,5
Z6000,판매및영업시설,지하철역사,5
03000,제1종근린생활시설,생태체험관,5
18000,창고시설,화물창고,5
18000,창고시설,동창고,5
18000,창고시설,상여집,5
01000,단독주택,부주,5
18000,창고시설,과수저온저장창고,5
01000,단독주택,단독주택및공장,5
04000,제2종근린생활시설,조,5
01000,단독주택,문화재자료,5
Z9000,공공용시설,발전소,5
18000,창고시설,비료,5
02000,공동주택,음식물처리실,5
03000,제1종근린생활시설,농기계간이수리소,5
03000,제1종근린생활시설,영업용및제2종근린생활시설,5
27000,관광휴게시설,원두막,5
18000,창고시설,농림수산업용창고시설,5
01000,단독주택,근린생활시설및다중주택,5
01000,단독주택,주택용창고,5
17000,공장,발전설비,5
01000,단독주택,식품가공,5
01000,단독주택,위험물저장창고,5
30000,자원순환관련시설,근린공공시설,5
17000,공장,공정실,5
07000,판매시설,계단,5
05000,문화및집회시설,샤워장,5
06000,종교시설,생,5
20000,자동차관련시설,제조업소,5
17000,공장,hdpe,5
23000,교정및군사시설,제1종근린생활시설,5
03000,제1종근린생활시설,주택1가구,5
17000,공장,일반제조업,5
02000,공동주택,83,5
11000,노유자시설,보호작업장,5
02000,공동주택,커뮤니티라운지,5
16000,위락시설,청소년전자유기장,5
17000,공장,원료투입구,5
17000,공장,x,5
Z5000,문화및집회시설,유치원,5
17000,공장,농기계수리센타,5
05000,문화및집회시설,5,5
07000,판매시설,저온창고,5
21000,동물및식물관련시설,동물및시물관련시설,5
04000,제2종근린생활시설,11,5
04000,제2종근린생활시설,잠실,5
03000,제1종근린생활시설,마을공동목욕탕,5
03000,제1종근린생활시설,문화원,5
03000,제1종근린생활시설,집회소,5
04000,제2종근린생활시설,연사제조업,5
03000,제1종근린생활시설,진료실,5
01000,단독주택,다구용단독주택,5
01000,단독주택,욕장,5
21000,동물및식물관련시설,구내식당,5
21000,동물및식물관련시설,측사,5
18000,창고시설,상여보관소,5
03000,제1종근린생활시설,에어로빅장,5
14000,업무시설,공공시설,5
03000,제1종근린생활시설,말소,5
15000,숙박시설,부속,5
14000,업무시설,교회,5
17000,공장,pit,5
01000,단독주택,석유판매,5
02000,공동주택,다목적체육시설,5
19000,위험물저장및처리시설,충전소캐노피,5
03000,제1종근린생활시설,한방병원,5
18000,창고시설,통로,5
05000,문화및집회시설,노인정,5
10000,교육연구시설,교수실,5
17000,공장,14,5
Z3000,근린생활시설,미장원,5
17000,공장,substation,5
04000,제2종근린생활시설,농업기계수리시설,5
01000,단독주택,자동차,5
02000,공동주택,종교집회장,5
03000,제1종근린생활시설,일용품판매점,5
15000,숙박시설,1건,5
02000,공동주택,도시형생활주택14세대,5
03000,제1종근린생활시설,의약품도매점,5
11000,노유자시설,세탁장,5
30000,자원순환관련시설,자원순환관리시설,5
04000,제2종근린생활시설,수양관,5
17000,공장,블럭공장,5
02000,공동주택,가스기관실,5
21000,동물및식물관련시설,종묘,5
04000,제2종근린생활시설,철물관련제품제조업,5
03000,제1종근린생활시설,소매,5
01000,단독주택,농산물가공,5
06000,종교시설,파고라,5
17000,공장,유류보관창고,5
11000,노유자시설,지역아동센터,5
17000,공장,탈의장,5
01000,단독주택,축사및퇴비사,5
17000,공장,공장및휴게실,5
18000,창고시설,수산업용창고,5
21000,동물및식물관련시설,냉장실,5
04000,제2종근린생활시설,의식시설,5
03000,제1종근린생활시설,근린시설및단독주택,5
02000,공동주택,재활용품분리장,5
02000,공동주택,생활폐기물보관창고,5
02000,공동주택,다세데,5
02000,공동주택,아파트및점포,5
23000,교정및군사시설,일반초소,5
27000,관광휴게시설,무대창고,5
22000,분뇨.쓰레기처리시설,폐기물처리실,5
01000,단독주택,주택부속건물,5
01000,단독주택,농가용창고및주택,5
01000,단독주택,근린생활시설및주택1가구,5
21000,동물및식물관련시설,약초재배사,5
01000,단독주택,학교관사,5
10000,교육연구시설,부속숙소,5
08000,운수시설,역본체,5
04000,제2종근린생활시설,협문,5
02000,공동주택,주차장및기계실,5
02000,공동주택,지상elev,5
Z8000,교육연구및복지시설,체육관,5
05000,문화및집회시설,교회사택,5
20000,자동차관련시설,동물관련시설,5
01000,단독주택,단녹주택,5
21000,동물및식물관련시설,우사시설,5
07000,판매시설,대피소,5
03000,제1종근린생활시설,상옥,5
01000,단독주택,농가형,5
21000,동물및식물관련시설,제조장,5
04000,제2종근린생활시설,농수산물가공및처리시설,5
03000,제1종근린생활시설,점포및위락시설,5
Z3000,근린생활시설,상점,5
20000,자동차관련시설,변전실,5
18000,창고시설,재활용품,5
24000,방송통신시설,문화및집회시설,5
04000,제2종근린생활시설,영당,5
18000,창고시설,냉동고,5
27000,관광휴게시설,재활용분류창고,5
01000,단독주택,일부,5
17000,공장,f동,5
01000,단독주택,사육장,5
17000,공장,unloading,5
17000,공장,품질관리실,5
06000,종교시설,다가구,5
07000,판매시설,공중화장실,5
04000,제2종근린생활시설,국수제조업,5
18000,창고시설,농자재,5
01000,단독주택,농자재창고,5
01000,단독주택,농어가융자주택,5
12000,수련시설,야외화장실,5
04000,제2종근린생활시설,제2종근린공공시설,5
13000,운동시설,골프,5
18000,창고시설,세면장,5
22000,분뇨.쓰레기처리시설,공해공장,5
04000,제2종근린생활시설,주민공동이용시설,5
17000,공장,자재적치장,5
Z8000,교육연구및복지시설,숙소,5
04000,제2종근린생활시설,성황당,5
01000,단독주택,a,5
04000,제2종근린생활시설,14가구,5
04000,제2종근린생활시설,대합실,5
01000,단독주택,판매점,5
03000,제1종근린생활시설,제1존근린생활시설,5
02000,공동주택,제1종제2종근린생활시설,5
Z8000,교육연구및복지시설,생활관,5
24000,방송통신시설,운동시설,5
02000,공동주택,계단실2,5
04000,제2종근린생활시설,제조업및사무실,5
03000,제1종근린생활시설,신청,5
Z3000,근린생활시설,노래연습장,5
03000,제1종근린생활시설,근린공공시설및,5
02000,공동주택,공동체주택,5
19000,위험물저장및처리시설,주차장,5
05000,문화및집회시설,의료시설,5
03000,제1종근린생활시설,모타실,5
02000,공동주택,9호,5
18000,창고시설,제실,5
03000,제1종근린생활시설,농업인복지회관,5
04000,제2종근린생활시설,공원시설,5
02000,공동주택,점포및공동주택,5
01000,단독주택,자력,5
04000,제2종근린생활시설,보호각,5
17000,공장,레미콘제조시설,5
27000,관광휴게시설,관광지에,5
01000,단독주택,토광,5
11000,노유자시설,아동숙소,5
03000,제1종근린생활시설,구매시설및,5
10000,교육연구시설,직장어린이집,5
03000,제1종근린생활시설,마을회의실,5
14000,업무시설,캐노피,5
04000,제2종근린생활시설,근린운동시설,5
21000,동물및식물관련시설,소독기계실,5
04000,제2종근린생활시설,정비소,5
18000,창고시설,농산물보관창고및,5
03000,제1종근린생활시설,2종근생및주택,5
Z5000,문화및집회시설,비각,5
02000,공동주택,저류조기계실,5
21000,동물및식물관련시설,포장실,5
02000,공동주택,독신자숙소,5
17000,공장,페인트창고,5
24000,방송통신시설,사무소,5
21000,동물및식물관련시설,직원휴게실,5
27000,관광휴게시설,민속마을,5
17000,공장,메주가공공장,5
17000,공장,프레스공장,5
31000,야영장시설,방갈로,5
Z3000,근린생활시설,근린생활시설외1,5
01000,단독주택,마을공동농촌체험시설,5
15000,숙박시설,숙박시설및단독주택,5
21000,동물및식물관련시설,미꾸라지양식장,5
18000,창고시설,사료저장냉동창고,5
21000,동물및식물관련시설,동물및식물곤련시설,5
18000,창고시설,산업시설군,5
01000,단독주택,영업소및주택,5
22000,분뇨.쓰레기처리시설,계단,5
18000,창고시설,창고주택,5
04000,제2종근린생활시설,제조업소및단독주택,5
14000,업무시설,재활용보관창고,5
02000,공동주택,일반형,5
13000,운동시설,배구장,5
17000,공장,옥외창고,5
02000,공동주택,관람집회시설,5
08000,운수시설,터미널,5
01000,단독주택,제당,5
01000,단독주택,주택15가구,5
13000,운동시설,골프클럽하우스,5
01001,단독주택,제1종근린생활시설,5
05000,문화및집회시설,객사,5
17000,공장,방아간,5
03000,제1종근린생활시설,소방,5
21000,동물및식물관련시설,알창고,5
04000,제2종근린생활시설,공판장,5
27000,관광휴게시설,캐노피,5
17000,공장,육가공공장,5
18000,창고시설,연구실,5
04000,제2종근린생활시설,원룸,5
Z8000,교육연구및복지시설,후생복지시설,5
04000,제2종근린생활시설,정화조관리실,5
20000,자동차관련시설,의한,5
03000,제1종근린생활시설,치과기공소,5
17000,공장,해태처리공장,5
30000,자원순환관련시설,소매점,5
17000,공장,쓰레기수거장,5
03000,제1종근린생활시설,4호,5
17000,공장,아파트,5
27000,관광휴게시설,대피소,5
Z3000,근린생활시설,대피실,5
01000,단독주택,문화재,5
27000,관광휴게시설,음식점,5
18000,창고시설,농산물수집장,5
21000,동물및식물관련시설,모터실,5
18000,창고시설,과수선별장,5
03000,제1종근린생활시설,9세대,5
05000,문화및집회시설,문화회관,5
03000,제1종근린생활시설,숙사,5
11000,노유자시설,집,5
04000,제2종근린생활시설,청사,5
04000,제2종근린생활시설,유류취급소,5
01000,단독주택,착유실,5
21000,동물및식물관련시설,창고관리사,5
02000,공동주택,주차타워,5
03000,제1종근린생활시설,경노회관,5
11000,노유자시설,부대시설,5
11000,노유자시설,건강관리실,5
18000,창고시설,저온저장실,5
02000,공동주택,중앙기계실,5
04000,제2종근린생활시설,일반게임제공업소,5
03000,제1종근린생활시설,동물위탁관리업,5
04000,제2종근린생활시설,유독물판매소,5
01000,단독주택,옥상,5
18000,창고시설,농산물보관소,5
02000,공동주택,제1종근생및다세대주택,5
01000,단독주택,4다가구,5
10000,교육연구시설,식물관련시설,5
03000,제1종근린생활시설,수질측정소,5
10000,교육연구시설,공관,5
Z3000,근린생활시설,제조업,5
11000,노유자시설,노유자지설,5
02000,공동주택,어린이집1,5
18000,창고시설,농용창고,5
21000,동물및식물관련시설,제1종,5
09000,의료시설,교육연구,5
01000,단독주택,농기계차고,5
18000,창고시설,1종근생,5
07000,판매시설,일반소매시장,5
Z3000,근린생활시설,유기장,5
01000,단독주택,사주문,5
21000,동물및식물관련시설,약초건조장,5
03000,제1종근린생활시설,제2종근린생활시설및다가구주택,5
14000,업무시설,쓰레기집하장,5
04000,제2종근린생활시설,관광휴계시설,5
02000,공동주택,축사,5
11000,노유자시설,기타사회복지시설,5
02000,공동주택,영어마을,5
04000,제2종근린생활시설,식품가공,5
03000,제1종근린생활시설,공동시설,5
10000,교육연구시설,a,5
02000,공동주택,사원숙소,5
02000,공동주택,복지후생시설,5
21000,동물및식물관련시설,유기동물,5
01000,단독주택,상여보관소,5
21000,동물및식물관련시설,공동퇴비사,5
01000,단독주택,단독주택및기타,5
10000,교육연구시설,고남국민학교,5
03000,제1종근린생활시설,부락공동작업장,5
03000,제1종근린생활시설,상가및주택,5
07000,판매시설,상설시장,5
02000,공동주택,공동주택및부대복리시설,5
02000,공동주택,외곽경비소,5
03000,제1종근린생활시설,조경시설,5
17000,공장,레미콘제조장,5
06000,종교시설,종교시설외2,5
21000,동물및식물관련시설,육돈사,5
21000,동물및식물관련시설,장어양식장,5
01000,단독주택,주택영업,5
19000,위험물저장및처리시설,복지시설,5
20000,자동차관련시설,기계식세차장,5
08000,운수시설,선로반처소,5
18000,창고시설,교육연구및,5
18000,창고시설,위험물저장고,5
02000,공동주택,통합관리실,5
18000,창고시설,식품가공공장,5
04000,제2종근린생활시설,데크,5
05000,문화및집회시설,기숙사,5
20000,자동차관련시설,판매,5
04000,제2종근린생활시설,가압장,5
04000,제2종근린생활시설,방갈로,5
10000,교육연구시설,대학교기숙사,5
01000,단독주택,안마원,5
17000,공장,11,5
05000,문화및집회시설,대성전,5
21000,동물및식물관련시설,관사,5
19000,위험물저장및처리시설,기계식,5
16000,위락시설,카바레,5
17000,공장,행정동,5
20000,자동차관련시설,유개차고,5
01000,단독주택,96정주권융자주택,5
11000,노유자시설,장애자복지시설,5
01000,단독주택,농업용생산시설,5
10000,교육연구시설,시설관리실,5
13000,운동시설,대기실,5
17000,공장,구조용,5
01000,단독주택,및대피소,5
02000,공동주택,맘스테이,5
23000,교정및군사시설,국방시설,5
20000,자동차관련시설,의원,5
14100,공공업무시설,공공업무시설,5
04000,제2종근린생활시설,재1종근린생활시설,5
04000,제2종근린생활시설,컴퓨터,5
02000,공동주택,부대및복리시설,5
02000,공동주택,창의센터,5
03000,제1종근린생활시설,구매장,5
10000,교육연구시설,교직원,5
Z3000,근린생활시설,4,5
19000,위험물저장및처리시설,탱크,5
21000,동물및식물관련시설,건초보관창고,5
17000,공장,학원,5
11000,노유자시설,정신요양원,5
04000,제2종근린생활시설,수정각,5
18000,창고시설,냉동공장,5
04000,제2종근린생활시설,제조업소및,5
18000,창고시설,자전거보관소,5
17000,공장,미역염장공장,5
17000,공장,공조기실,5
01000,단독주택,재사,5
18000,창고시설,헛,5
18000,창고시설,양파저장고,5
01000,단독주택,주택및헛간,5
04000,제2종근린생활시설,농기구서비스센타,5
02000,공동주택,기계실및전화교환실,5
04000,제2종근린생활시설,업무시설및,5
02000,공동주택,재활용생활폐기물보관소,5
03000,제1종근린생활시설,야외무대,5
02000,공동주택,통신시설,5
02000,공동주택,우수저류조기계실,5
03000,제1종근린생활시설,농어가,5
19000,위험물저장및처리시설,저장탱크,5
14000,업무시설,교육연구및,5
04000,제2종근린생활시설,배수장,5
17000,공장,과자제조업,5
17000,공장,차체조립공장,5
01000,단독주택,부택,5
04000,제2종근린생활시설,관광호텔,5
26000,묘지관련시설,묘막,5
Z8000,교육연구및복지시설,요양원,5
01000,단독주택,농가주택및점포,5
18000,창고시설,어망어구보관창고,5
18000,창고시설,정부양곡창고,5
11000,노유자시설,실버요양원,5
17000,공장,농축산물가공처리시설,5
15000,숙박시설,교육연구및,5
17000,공장,타르생산과,5
27000,관광휴게시설,외1,5
03000,제1종근린생활시설,판매및근린생활시설,5
02000,공동주택,공동주택외1용도,5
,,재활용물품보관소,5
24000,방송통신시설,공공업무시설,5
24000,방송통신시설,전화기계실,5
04000,제2종근린생활시설,농산물처리작업장,5
15000,숙박시설,팬션형,5
17000,공장,벽돌및블럭제조업,5
17000,공장,포장용프라스틱성형용기제조,5
18000,창고시설,농업용창고및건조장,5
18000,창고시설,지하창고,5
21000,동물및식물관련시설,동물관련시설및주택,5
01000,단독주택,연초막,5
20000,자동차관련시설,자동차부품상,5
17000,공장,약품저장창고,5
26000,묘지관련시설,묘지관리시설,5
04000,제2종근린생활시설,본관사무실,5
10000,교육연구시설,종합실험실,5
24000,방송통신시설,1종근린생활시설,5
02000,공동주택,공동주텍,5
01000,단독주택,근린시설및다가구주택,5
15000,숙박시설,상점,5
02000,공동주택,25,5
04000,제2종근린생활시설,제2종근린생화릿설,5
08000,운수시설,문화및집회시설,5
15000,숙박시설,탁구장,5
14000,업무시설,재활용보관소,5
17000,공장,브로아실,5
04000,제2종근린생활시설,6세대,5
02000,공동주택,부,5
14000,업무시설,28호,5
02000,공동주택,다세대주택및도시형생활주택,5
02000,공동주택,농기구보관소,5
21000,동물및식물관련시설,화초,5
,,휴게실,5
04000,제2종근린생활시설,지하부속사,5
02000,공동주택,5블럭,5
07000,판매시설,휴게실,5
16000,위락시설,관람집회시설,5
15000,숙박시설,점포및숙박시설,5
30000,자원순환관련시설,공공하수처리장,5
21000,동물및식물관련시설,개사육,5
21000,동물및식물관련시설,흑염소사육장,5
17000,공장,가내공업,5
22000,분뇨.쓰레기처리시설,초침계단실,5
17000,공장,부산물처리장,5
12000,수련시설,다목적강당,5
04000,제2종근린생활시설,차류가공업,5
16000,위락시설,변소,5
19000,위험물저장및처리시설,유류,5
02000,공동주택,승하차대기소,5
10000,교육연구시설,실험실습실,5
22000,분뇨.쓰레기처리시설,물탱크실,5
17000,공장,관련시설,5
19000,위험물저장및처리시설,위험물처리저장시설,5
04000,제2종근린생활시설,부동산중개업,5
04000,제2종근린생활시설,제2종근생및,5
13000,운동시설,시설,5
20000,자동차관련시설,자동차시설,5
,,2종,5
06000,종교시설,목양실,5
01000,단독주택,전문음식점,5
03000,제1종근린생활시설,사설우체국,5
19000,위험물저장및처리시설,저장동,5
03000,제1종근린생활시설,무인,5
02000,공동주택,무인택배함실,5
22000,분뇨.쓰레기처리시설,오수정화시설,5
01000,단독주택,문화및,5
04000,제2종근린생활시설,비가림,5
11000,노유자시설,숙박시설,5
01000,단독주택,다가구10,5
21000,동물및식물관련시설,계사및관리사,5
16000,위락시설,전기실,5
02000,공동주택,재활용쓰레기집적소,5
01000,단독주택,시험실,5
27000,관광휴게시설,공방,5
02000,공동주택,76세대,5
12000,수련시설,대피소,5
18000,창고시설,주거용,5
10000,교육연구시설,주차시설,5
02000,공동주택,비상급수시설,5
01000,단독주택,다가구주택및주차장,5
02000,공동주택,지1,5
15000,숙박시설,점포및여인숙,5
02000,공동주택,다세대7세대,5
03000,제1종근린생활시설,관광농원,5
03000,제1종근린생활시설,재활용창고,5
01000,단독주택,아래체,5
02000,공동주택,제2종근린생활시설및,5
02000,공동주택,실내,5
05000,문화및집회시설,낙타사,5
05000,문화및집회시설,관람석,5
02000,공동주택,공용부,5
01000,단독주택,및근린,5
01000,단독주택,다가구용단독주택6가구,5
19000,위험물저장및처리시설,제어실,5
30000,자원순환관련시설,위험물저장,5
21000,동물및식물관련시설,수목원,5
17000,공장,통로차양,5
12000,수련시설,교도소,5
17000,공장,새마을도정공장,5
18000,창고시설,용,5
17000,공장,전분공장,5
15000,숙박시설,교육원,5
14000,업무시설,근린생활시설외1,5
09000,의료시설,수용실,5
04000,제2종근린생활시설,주문대,5
03000,제1종근린생활시설,증산회관,5
03000,제1종근린생활시설,간이양수장,5
01000,단독주택,마을공동농산어촌체험시설,5
01000,단독주택,단독주택9가구용,5
01000,단독주택,독신자숙소,5
02000,공동주택,주민회관,5
02000,공동주택,주차장1,5
01000,단독주택,제205호,5
17000,공장,도자기제조업,5
03000,제1종근린생활시설,산림치유시설,5
,,21,5
17000,공장,약품보관소,5
17000,공장,공장부속창고,5
16000,위락시설,위락시설외1,5
17000,공장,콤푸레셔실,5
03000,제1종근린생활시설,마을노인정,5
17000,공장,rt룸,5
18000,창고시설,부속실,5
17000,공장,일용품소매점,5
17000,공장,일반목재,5
16000,위락시설,근린생활시설및주택,5
18000,창고시설,가공,5
04000,제2종근린생활시설,농기계수리쎈타,5
03000,제1종근린생활시설,공연장,5
05000,문화및집회시설,금융업소,5
18000,창고시설,제2종근생시설,5
03000,제1종근린생활시설,버스승강장,5
22000,분뇨.쓰레기처리시설,2,5
30000,자원순환관련시설,부속화장실,5
03000,제1종근린생활시설,위락시설및근린생활시설,5
01000,단독주택,치과의원,5
Z3000,근린생활시설,처리시설,5
03000,제1종근린생활시설,가구전시장,5
17000,공장,정비소,5
18000,창고시설,관리시설,5
17000,공장,샤워,5
02000,공동주택,북까페,5
04000,제2종근린생활시설,농산물1차가공제조업소,5
04000,제2종근린생활시설,물품보관실,5
01000,단독주택,게스트룸,5
21000,동물및식물관련시설,건축물,5
20000,자동차관련시설,차량정비소,5
01000,단독주택,94농촌주택개량대상,5
04000,제2종근린생활시설,미곡처리장,5
02000,공동주택,지하3층주차장,5
17000,공장,위험물처리및저장시설,5
14000,업무시설,쓰레기처리장,5
10000,교육연구시설,체육관동,5
01000,단독주택,다가구주택및근,5
02000,공동주택,제2종근린생활시설및도시형생활주택,5
17000,공장,압축기,5
21000,동물및식물관련시설,미역,5
03000,제1종근린생활시설,마을체험장,5
04000,제2종근린생활시설,주택및음식점,5
04000,제2종근린생활시설,탕비실,5
04000,제2종근린생활시설,선별장,5
14000,업무시설,2종근린생활,5
05000,문화및집회시설,부속사,5
02000,공동주택,청소원휴게실,5
17000,공장,내의제조업,5
01000,단독주택,발코니,5
21000,동물및식물관련시설,계란보관창고,5
04000,제2종근린생활시설,목욕실,5
02000,공동주택,노유자,5
10000,교육연구시설,창고3,5
02000,공동주택,램프,5
15000,숙박시설,무도학원,5
21000,동물및식물관련시설,축양장관리사,5
02000,공동주택,90세대,5
Z3000,근린생활시설,휴게음식점,5
01000,단독주택,지,5
19000,위험물저장및처리시설,방,5
01000,단독주택,주택개량사업,5
01000,단독주택,사랑,5
,,공작물탱크,5
03000,제1종근린생활시설,안내실,5
31000,야영장시설,2종근린생활시설,5
01000,단독주택,제1종근링생활시설,5
18000,창고시설,2가구,5
04000,제2종근린생활시설,가내수공업,5
03000,제1종근린생활시설,전화국기계실,5
04000,제2종근린생활시설,식,5
18000,창고시설,방아간,5
15000,숙박시설,2종근린생활,5
02000,공동주택,동남아파트,5
08000,운수시설,대기실,5
18000,창고시설,보일러,5
21000,동물및식물관련시설,해태포자배양장,5
18000,창고시설,부속관리사,5
22000,분뇨.쓰레기처리시설,펌프동,5
23000,교정및군사시설,저장및정비시설,5
02000,공동주택,관리사무실및노인정,5
02000,공동주택,경비원아파트,5
30000,자원순환관련시설,자원관련순환시설,5
22000,분뇨.쓰레기처리시설,페수처리장,5
11000,노유자시설,냉장고,5
14000,업무시설,업무시설외2용도,5
01000,단독주택,4세대주택,5
21000,동물및식물관련시설,동물관련시설외1,5
01000,단독주택,주택및1종근린생활시설,5
21000,동물및식물관련시설,표고건조실,5
01000,단독주택,주택및농가용창고,5
17000,공장,작업동,5
04000,제2종근린생활시설,제본기계제조업,5
03000,제1종근린생활시설,농림수산물간이집하장,5
04000,제2종근린생활시설,제실및관리사,5
04000,제2종근린생활시설,제2종근린생활외1,5
04000,제2종근린생활시설,제1종근린생활시설외3,5
04000,제2종근린생활시설,케빈,5
17000,공장,타일,5
03000,제1종근린생활시설,근린생활시설및노유자시설,5
03000,제1종근린생활시설,회관및경노당,5
17000,공장,염장공장,5
03000,제1종근린생활시설,제2종근생활시설,5
20000,자동차관련시설,주민공동시설,5
03000,제1종근린생활시설,농민회관,5
04000,제2종근린생활시설,l,5
10000,교육연구시설,교육훈련,5
05000,문화및집회시설,제당,5
,,쓰레기처리시설,5
02000,공동주택,공용시설,5
Z3000,근린생활시설,기술계학원,5
04000,제2종근린생활시설,폐기물재활용시설,5
01000,단독주택,제2종근생및,5
14000,업무시설,통신시설,5
18000,창고시설,건조장및창고,5
02000,공동주택,역세권청년주택,5
19000,위험물저장및처리시설,직원휴게실,5
04000,제2종근린생활시설,목재가구제조장,5
06000,종교시설,비가림시설,5
04000,제2종근린생활시설,휴계소,5
04000,제2종근린생활시설,소독실,5
10000,교육연구시설,위험물창고,5
15000,숙박시설,위생시설,5
17000,공장,합숙소,5
17000,공장,계사,5
14000,업무시설,열교환기실,5
02000,공동주택,키즈놀이터,5
02000,공동주택,미화원실,5
04000,제2종근린생활시설,공중목욕탕,5
18000,창고시설,보관소,5
05000,문화및집회시설,샤워실,5
23000,교정및군사시설,부대복리시설,5
04000,제2종근린생활시설,교육연구복지시설,5
19000,위험물저장및처리시설,위험물관련시설,5
03000,제1종근린생활시설,동식물관련시설,5
26000,묘지관련시설,기계실,5
09000,의료시설,종교시설,5
10000,교육연구시설,1동,5
21000,동물및식물관련시설,버섯재배실,5
20000,자동차관련시설,샤워장,5
17000,공장,농,5
17000,공장,차양시설,5
02000,공동주택,207동,5
04000,제2종근린생활시설,통신용시설,5
14000,업무시설,공동시설,5
15000,숙박시설,예식장,5
10000,교육연구시설,휴계실,5
04000,제2종근린생활시설,도자기공방,5
18000,창고시설,간,5
17000,공장,구조용금속판제조업,5
23000,교정및군사시설,휴게실,5
18000,창고시설,마을공동농업용창고,5
21000,동물및식물관련시설,축사퇴비사,5
02000,공동주택,49세대,5
15000,숙박시설,미장원,5
10000,교육연구시설,영업소,5
01000,단독주택,농가주택창고,5
02000,공동주택,개별창고,5
01000,단독주택,부엌및욕실,5
17000,공장,주방및식탁용목재품제조업,5
20000,자동차관련시설,자동차관리시설,5
03000,제1종근린생활시설,군민회관,5
04000,제2종근린생활시설,주택외2,5
06000,종교시설,포교소,5
22000,분뇨.쓰레기처리시설,유입펌프장,5
03000,제1종근린생활시설,마을회관창고,5
04000,제2종근린생활시설,착량묘,5
04000,제2종근린생활시설,제2종글린생활시설,5
10000,교육연구시설,조직배양실,5
10000,교육연구시설,누동분교,5
30000,자원순환관련시설,외,5
JY,,동,5
17000,공장,일반공장및사무실,5
05000,문화및집회시설,체험객실,5
20000,자동차관련시설,부품,5
01000,단독주택,가설건축물,5
03000,제1종근린생활시설,비각,5
03000,제1종근린생활시설,화장실및샤워장,5
03000,제1종근린생활시설,상수도정수장,5
04000,제2종근린생활시설,근린생활시설및운동시설,5
06000,종교시설,연결통로,5
10000,교육연구시설,폐기물보관장,5
17000,공장,펠레타이징룸,5
23000,교정및군사시설,해군회관,5
30000,자원순환관련시설,자원회수시설,5
02000,공동주택,지하저수조펌프실,5
02000,공동주택,연와조,5
02000,공동주택,주민휴게공간,5
Z3000,근린생활시설,부속,5
01000,단독주택,유류창고,5
15000,숙박시설,욕실,5
17000,공장,김치가공공장,5
15000,숙박시설,제2종근,5
,,농가주택및창고,5
02000,공동주택,33세대,5
17000,공장,실험연구실,5
16000,위락시설,휴게음식점,5
21000,동물및식물관련시설,가축방역소독시설,5
18000,창고시설,보이라실,5
Z3000,근린생활시설,슈퍼마켓,5
08000,운수시설,처리시설,5
04000,제2종근린생활시설,지층,5
20000,자동차관련시설,기계식,5
,,숙소,5
10000,교육연구시설,문화및,5
04000,제2종근린생활시설,연습장,5
10000,교육연구시설,청소년수련원,5
16000,위락시설,제2종근린생활시설외,5
21000,동물및식물관련시설,배양시설,5
Z3000,근린생활시설,외,5
17000,공장,설비동,5
13000,운동시설,롤러스케이트장,5
01000,단독주택,겸,5
18000,창고시설,제1종근,5
17000,공장,as,5
07000,판매시설,위판장,5
,,경노당,5
17000,공장,가스저장창고,5
03000,제1종근린생활시설,연결통로,5
03000,제1종근린생활시설,의무실,5
21000,동물및식물관련시설,동물보호센터,5
10000,교육연구시설,수녀원,5
02000,공동주택,주민,5
14000,업무시설,대피실,5
11000,노유자시설,놀이방,5
21000,동물및식물관련시설,신청,5
11000,노유자시설,자동차관련시설,5
01000,단독주택,94주택개량,5
21000,동물및식물관련시설,b동,5
06000,종교시설,근린생활시설및주택,5
04000,제2종근린생활시설,도서관,5
15000,숙박시설,유기장,5
19000,위험물저장및처리시설,대기실,5
11000,노유자시설,노유자시설및,5
04000,제2종근린생활시설,고시원및사무소,5
01000,단독주택,화장실및보일러실,5
19000,위험물저장및처리시설,가스판매시설,5
04000,제2종근린생활시설,1종2종근린생활시설,5
18000,창고시설,농산물저온저장,5
01000,단독주택,청고,5
04000,제2종근린생활시설,부속실,5
01000,단독주택,12실,5
02000,공동주택,방풍실,5
04000,제2종근린생활시설,공작실,5
04000,제2종근린생활시설,소매점및사무실,5
17000,공장,탈수기동,5
19000,위험물저장및처리시설,compressor,5
23000,교정및군사시설,식당,5
17000,공장,부원료창고,5
10000,교육연구시설,휴게시설,5
03000,제1종근린생활시설,작은도서관,5
21000,동물및식물관련시설,배양동,5
21000,동물및식물관련시설,농가주택및창고,5
04000,제2종근린생활시설,사무소및일반음식점,5
17000,공장,전망대,5
02000,공동주택,다세대주책,5
04000,제2종근린생활시설,소개소,5
18000,창고시설,재활용품선별창고,5
10000,교육연구시설,교육용,5
14000,업무시설,노인복지시설,5
18000,창고시설,창고및부속사,5
11000,노유자시설,2가구,5
18000,창고시설,양수실,5
21000,동물및식물관련시설,단독주택및동물관련시설,5
26000,묘지관련시설,사당,5
01000,단독주택,다가구주택및근린시설,5
05000,문화및집회시설,g집회시설,5
11000,노유자시설,근린생활,5
13000,운동시설,스텐드,5
15000,숙박시설,숙박시설외1건,5
15000,숙박시설,복지시설,5
17000,공장,폐기물보관실,5
01000,단독주택,주말농장,5
07000,판매시설,및창고,5
04000,제2종근린생활시설,유산각,5
18000,창고시설,농기계및농산물보관창고,5
01000,단독주택,정사,5
21000,동물및식물관련시설,동물검역시설,5
18000,창고시설,농산물공동집하장,5
01000,단독주택,근린생활시설외1건,5
10000,교육연구시설,교육연구지원시설,5
17000,공장,골재보관창고,5
20000,자동차관련시설,태양광발전설비부대시설,5
,,단독,5
01000,단독주택,즈택,5
18000,창고시설,농어업창고,5
10000,교육연구시설,교사시설,5
10000,교육연구시설,교직원연립사택,5
04000,제2종근린생활시설,효자각,5
01000,단독주택,다가구주택용,5
02000,공동주택,일반업무시설,5
14000,업무시설,생활숙박시설,5
,,건조장,5
04000,제2종근린생활시설,예능계교습소,5
04000,제2종근린생활시설,도자기,5
10000,교육연구시설,야구연습장,5
17000,공장,구조물,5
21000,동물및식물관련시설,육추실,5
18000,창고시설,농기구수리점,5
15000,숙박시설,생시설,5
01000,단독주택,블럭,5
16000,위락시설,판매및영업시설,5
Z6000,판매및영업시설,점포,5
01000,단독주택,다가용,5
03000,제1종근린생활시설,공중샤워장,5
17000,공장,전자부품조립,5
02000,공동주택,비지니스센터,5
19000,위험물저장및처리시설,no,5
01000,단독주택,유선각,5
21000,동물및식물관련시설,착유대기장,5
18000,창고시설,차고지,5
02000,공동주택,단지내,5
01000,단독주택,부속창고및차고,5
17000,공장,배출가스,5
17000,공장,3동,5
10000,교육연구시설,교수회관,5
10000,교육연구시설,1건,5
Z8000,교육연구및복지시설,청소년수련원,5
06000,종교시설,요사채2,5
02000,공동주택,101세대,5
01000,단독주택,제1종린생활시설,5
01000,단독주택,차옥,5
19000,위험물저장및처리시설,제어동,5
07000,판매시설,구판장,5
07000,판매시설,제조업소,5
01000,단독주택,95농가주택,5
03000,제1종근린생활시설,볼링장,5
03000,제1종근린생활시설,저장고,5
17000,공장,김건조공장,5
17000,공장,rto판넬실,5
13000,운동시설,편의시설,5
02000,공동주택,원룸형6세대,5
10000,교육연구시설,근,5
14000,업무시설,부속건축물,5
14000,업무시설,5호,5
05000,문화및집회시설,물탱크실,5
04000,제2종근린생활시설,4세대,5
18000,창고시설,동물및,5
02000,공동주택,생활지원센터,5
21000,동물및식물관련시설,비가림운동장,5
02000,공동주택,관리실및,5
04000,제2종근린생활시설,원룸형주택,5
06000,종교시설,효자각,5
04000,제2종근린생활시설,자동차관련,5
02000,공동주택,통합로비,5
05000,문화및집회시설,남한행궁좌전,5
13000,운동시설,캐노피,5
03000,제1종근린생활시설,마을공동농촌체험장,5
02000,공동주택,지붕,5
01000,단독주택,근린생활시실,5
18000,창고시설,양생실,5
01000,단독주택,초등학교,5
15000,숙박시설,외1건,5
21000,동물및식물관련시설,버섯보관창고,5
18000,창고시설,농약보관창고,5
17000,공장,순수처리실,5
17000,공장,부속식당,5
17000,공장,펌프실2,5
20000,자동차관련시설,위험물처리시설,5
03000,제1종근린생활시설,창고및주택,5
02000,공동주택,민원실,5
03000,제1종근린생활시설,소매점및의원,5
Z3000,근린생활시설,부동산중개업소,5
18000,창고시설,담배건조실,5
10000,교육연구시설,보건실,5
17000,공장,냉동기,5
01000,단독주택,배양장,5
03000,제1종근린생활시설,관람장,5
21000,동물및식물관련시설,농기구보관창고,5
01000,단독주택,주단독택,5
01000,단독주택,목조주택,5
01000,단독주택,부건물,5
18000,창고시설,곡물보관창고,5
18000,창고시설,냉동보관창고,5
21000,동물및식물관련시설,보호소,5
27000,관광휴게시설,휴양림,5
Z3000,근린생활시설,부속시설,5
Z3000,근린생활시설,근린생활시설및업무시설,5
02000,공동주택,아파트18세대,5
20000,자동차관련시설,자동차관련시설및단독주택,5
21000,동물및식물관련시설,굼벵이사육사,5
01000,단독주택,주택및한의원,5
05000,문화및집회시설,지하주차장,5
17000,공장,식당및숙소,5
25000,발전시설,위험물,5
17000,공장,순수실,5
21000,동물및식물관련시설,식물관련시설축사,5
27000,관광휴게시설,관광휴양시설,5
02000,공동주택,연립주택8세대,5
15000,숙박시설,군사시설,5
17000,공장,유기질비료공장,5
04000,제2종근린생활시설,유흥시설,5
03000,제1종근린생활시설,탄약고,5
17000,공장,공자,5
,,시설,5
18000,창고시설,자재,5
Z3000,근린생활시설,도서실,5
04000,제2종근린생활시설,택지1,5
01000,단독주택,근란생활시설,5
14000,업무시설,일반업무,5
03000,제1종근린생활시설,예체능강습소,5
01000,단독주택,95농촌주택개량대상자,5
,,영업장,5
Z8000,교육연구및복지시설,영유아보육시설,5
21000,동물및식물관련시설,메추리,5
15000,숙박시설,민박시설,5
04000,제2종근린생활시설,간이화장실,5
16000,위락시설,유원시설업,5
04000,제2종근린생활시설,농산물작업장,5
17000,공장,안내실,5
02000,공동주택,부대복지시설,5
02000,공동주택,효친아파트,5
03000,제1종근린생활시설,수산물점포,5
17000,공장,탈의,5
05000,문화및집회시설,펌프실,5
17000,공장,염색공장,5
04000,제2종근린생활시설,미곡종합처리장,5
17000,공장,1가구,5
18000,창고시설,운송부대시설,5
11000,노유자시설,병원,5
04000,제2종근린생활시설,비공해공장,5
04000,제2종근린생활시설,농기계수리,5
17000,공장,sub,5
Z6000,판매및영업시설,의료시설,5
22000,분뇨.쓰레기처리시설,형,5
03000,제1종근린생활시설,점포사무실,5
13000,운동시설,실내승마장,5
02000,공동주택,78,5
01000,단독주택,벼건조장,5
02000,공동주택,1종근,5
10000,교육연구시설,생활시설,5
01000,단독주택,의약품도매점,5
11000,노유자시설,제1종근린생활시설외1,5
04000,제2종근린생활시설,창고및보일러실,5
02000,공동주택,방과후돌봄,5
18000,창고시설,교육,5
24000,방송통신시설,통신소,5
02000,공동주택,임대형기숙사,5
02000,공동주택,소방펌프실,5
09000,의료시설,일반업무시설,5
02000,공동주택,44세대,5
21000,동물및식물관련시설,먹이창고,5
21000,동물및식물관련시설,축산폐수처리장,5
21000,동물및식물관련시설,및우분장,5
01000,단독주택,정수장,5
02000,공동주택,도시형생활주택및,5
,,농산물저온창고,5
04000,제2종근린생활시설,약품투입실,5
03000,제1종근린생활시설,탐조등,5
19000,위험물저장및처리시설,저장처리시설,5
26000,묘지관련시설,휴게소,5
17000,공장,공장및부속시설,5
17000,공장,파지보관소,5
01000,단독주택,96정주권주택,5
01000,단독주택,점포겸주택,5
06000,종교시설,숙소동,5
17000,공장,톱밥공장,5
21000,동물및식물관련시설,대인소독실,5
21000,동물및식물관련시설,부속시설,5
25000,발전시설,태양광전기실,5
10000,교육연구시설,교육및연구복지시설,5
02000,공동주택,폐기물분리수거장,5
02000,공동주택,가스공급실,5
01000,단독주택,독,5
17000,공장,용기보관소,5
10000,교육연구시설,소각장,5
19000,위험물저장및처리시설,화약창고,5
01000,단독주택,주택및회의실,5
21000,동물및식물관련시설,애누에공동잠실,5
21000,동물및식물관련시설,장옥,5
01000,단독주택,일반목구조,5
01000,단독주택,농가창고및주택,5
01000,단독주택,전업농어가주택,5
21000,동물및식물관련시설,수산종묘생산시설,5
Z8000,교육연구및복지시설,고아원,5
06000,종교시설,부건,5
02000,공동주택,옥외승강장,5
03000,제1종근린생활시설,영업주택,5
03000,제1종근린생활시설,권양기실,5
17000,공장,폐수펌프실,5
17000,공장,농산물가공처리공장,5
17000,공장,크링카저장고,5
19000,위험물저장및처리시설,유류탱크,5
21000,동물및식물관련시설,가축창고,5
10000,교육연구시설,및복지시설,5
01000,단독주택,조립식,5
13000,운동시설,실내배드민턴장,5
02000,공동주택,도시형생활주택원룸,5
18000,창고시설,폐기물보관창고,5
30000,자원순환관련시설,근린생활시설,5
04000,제2종근린생활시설,청소년유기장,5
20000,자동차관련시설,정비창고,5
17000,공장,저장탱크,5
21000,동물및식물관련시설,보이라실,5
02000,공동주택,80세대,5
04000,제2종근린생활시설,근린및,5
13000,운동시설,티하우스1,5
03000,제1종근린생활시설,환기실,5
03000,제1종근린생활시설,재실,5
09000,의료시설,사택,5
03000,제1종근린생활시설,재2종근린생활시설,5
11000,노유자시설,아동보육시설,5
14000,업무시설,오피스텔용,5
02000,공동주택,어린이승하차장,5
08000,운수시설,식당,5
24000,방송통신시설,외,5
10000,교육연구시설,중앙도서관,5
23000,교정및군사시설,독신자숙소,5
17000,공장,약품저장소,5
27000,관광휴게시설,관리동,5
01000,단독주택,다가구및사무소,5
17000,공장,제빙실,5
16000,위락시설,전자유기장,5
02000,공동주택,기계실등,5
04000,제2종근린생활시설,고전막,5
03000,제1종근린생활시설,대기소,5
04000,제2종근린생활시설,식당및점포,5
01000,단독주택,의복제조업,5
05000,문화및집회시설,근린생활,5
21000,동물및식물관련시설,가변형축사,5
10000,교육연구시설,도복도,5
03000,제1종근린생활시설,하천부대시설,5
14000,업무시설,9호,5
20000,자동차관련시설,1종,5
12000,수련시설,관사,5
18000,창고시설,1종,5
04000,제2종근린생활시설,생및단독주택,5
01000,단독주택,c동,5
10000,교육연구시설,고시원,5
01000,단독주택,관리소,5
02000,공동주택,맘,5
02000,공동주택,창고및,5
Z3000,근린생활시설,관사,5
17000,공장,목공예,5
03000,제1종근린생활시설,마을다목적회관,5
02000,공동주택,지상엘리베이터,5
21000,동물및식물관련시설,분창고,5
20000,자동차관련시설,자동차매매상사,5
01000,단독주택,원사,5
21000,동물및식물관련시설,축산폐수시설,5
01000,단독주택,대피시설,5
02000,공동주택,도시형생활단지형다세대주택,5
31000,야영장시설,제1,5
19000,위험물저장및처리시설,꽃불류저장소,5
22000,분뇨.쓰레기처리시설,폐기물창고,5
02000,공동주택,지역정압기실,5
19000,위험물저장및처리시설,위허물저장,5
30000,자원순환관련시설,폐수처리장,5
18000,창고시설,정비창고,5
01000,단독주택,정부지원,5
21000,동물및식물관련시설,돈사및,5
01000,단독주택,판매소,5
20000,자동차관련시설,부속사,5
01000,단독주택,다가구주택11,5
03000,제1종근린생활시설,산불대응센터,5
03000,제1종근린생활시설,이동회관,5
Z6000,판매및영업시설,경비초소,5
03000,제1종근린생활시설,농가주택및근린생활시설,5
02000,공동주택,연립주택및점포,5
04000,제2종근린생활시설,관리용건축물,5
04000,제2종근린생활시설,어린이놀이집,5
18000,창고시설,농업기계보관창고,5
21000,동물및식물관련시설,동물및식물관련시설외1용도,5
01000,단독주택,61,5
02000,공동주택,180세대,5
25000,발전시설,태양광발전실,5
08000,운수시설,차고부속시설,5
10000,교육연구시설,엘리베이터,5
11000,노유자시설,장애인생활시설,5
23000,교정및군사시설,일반차량정비고,5
04000,제2종근린생활시설,분뇨처리시설,5
06000,종교시설,문수전,5
18000,창고시설,농업생산창고,5
21000,동물및식물관련시설,브로워실,5
,,동회관,5
10000,교육연구시설,저온저장고,5
21000,동물및식물관련시설,볏짚사,5
19000,위험물저장및처리시설,근생시설,4
21000,동물및식물관련시설,가금사,4
02000,공동주택,주민운동,4
19000,위험물저장및처리시설,석유판매,4
03000,제1종근린생활시설,선박출입항신고소,4
01000,단독주택,액화가스판매소,4
17000,공장,3기,4
03000,제1종근린생활시설,무도장,4
19000,위험물저장및처리시설,캐노피동,4
19000,위험물저장및처리시설,연구실,4
02000,공동주택,바이크센터,4
02000,공동주택,소각로,4
01000,단독주택,근생다가구주택,4
14000,업무시설,기타,4
18000,창고시설,정수장,4
03000,제1종근린생활시설,점포및단독주택,4
03000,제1종근린생활시설,문화생활관,4
02000,공동주택,도시형생활주택19세대,4
01000,단독주택,디가구주택,4
01000,단독주택,2종근린생활및주택,4
01000,단독주택,보건소,4
03000,제1종근린생활시설,근린공공시설외,4
21000,동물및식물관련시설,창고외,4
05000,문화및집회시설,전수회관,4
21000,동물및식물관련시설,농기계보관소,4
04402,사무소,사무소,4
Z3000,근린생활시설,공중변소,4
04000,제2종근린생활시설,점포외,4
02000,공동주택,제조장,4
02000,공동주택,다세대주택16세대,4
02000,공동주택,육아사랑방,4
04000,제2종근린생활시설,4가구용,4
04000,제2종근린생활시설,유자가공시설,4
23000,교정및군사시설,목욕탕,4
17000,공장,비금속광물제품제조업,4
17000,공장,적재장,4
01000,단독주택,저온저장,4
20000,자동차관련시설,주차관련시설,4
14000,업무시설,폐기물보관소,4
03000,제1종근린생활시설,입주자회의실,4
17000,공장,우천통로,4
02000,공동주택,69세대,4
01000,단독주택,경량철골구조,4
04000,제2종근린생활시설,위험물판매소,4
04000,제2종근린생활시설,증축,4
13000,운동시설,오수처리시설,4
17000,공장,폐유저장소,4
02000,공동주택,88세대,4
17000,공장,2기계실,4
17000,공장,직업훈련원,4
17000,공장,저수조펌프실,4
04000,제2종근린생활시설,이,4
03000,제1종근린생활시설,선어구점,4
21000,동물및식물관련시설,수산물보관창고,4
14000,업무시설,10세대,4
01000,단독주택,담독주택,4
18000,창고시설,외3,4
21000,동물및식물관련시설,가축운동시설,4
10000,교육연구시설,공익시설,4
17000,공장,작업자실,4
18000,창고시설,트랙동창고,4
17000,공장,쿨링타워,4
Z3000,근린생활시설,체육도장,4
17000,공장,양수장,4
20000,자동차관련시설,검차대,4
21000,동물및식물관련시설,젖소축사,4
03000,제1종근린생활시설,제당,4
02000,공동주택,단지형다세,4
04000,제2종근린생활시설,다가구주택2가구,4
04000,제2종근린생활시설,화장실및,4
17000,공장,종교시설,4
17000,공장,기숙사및,4
03000,제1종근린생활시설,영,4
07000,판매시설,유흥주점,4
03000,제1종근린생활시설,청소년게임제공업소,4
17000,공장,쓰레기보관장,4
18000,창고시설,수산물가공공장,4
11000,노유자시설,공동작업장,4
21000,동물및식물관련시설,종교시설,4
Z8000,교육연구및복지시설,영,4
01000,단독주택,95주택개량사업,4
15000,숙박시설,수영장,4
04000,제2종근린생활시설,목재건구제조,4
04000,제2종근린생활시설,하역장,4
14000,업무시설,목욕탕,4
08000,운수시설,부대시설,4
03000,제1종근린생활시설,정수장기계실,4
15000,숙박시설,근린생할시설,4
01000,단독주택,19가구주택,4
10000,교육연구시설,1종,4
21000,동물및식물관련시설,시험실,4
19000,위험물저장및처리시설,1종근생,4
06000,종교시설,근생시설,4
20000,자동차관련시설,일반창고,4
17000,공장,식품제조장,4
05000,문화및집회시설,제2종근생,4
04000,제2종근린생활시설,쓰레기보관소,4
02000,공동주택,사랑의복지아파트,4
01000,단독주택,단독주택및보일러실,4
03000,제1종근린생활시설,2종근린생활시설및교육연구시설,4
19000,위험물저장및처리시설,building,4
02000,공동주택,지하2층,4
Z6000,판매및영업시설,제1,4
14000,업무시설,업무시설외1용도,4
17000,공장,경인쇄업,4
01000,단독주택,7다가구,4
18000,창고시설,사과저온저장고,4
21000,동물및식물관련시설,발효퇴비사,4
27000,관광휴게시설,휴계실,4
23000,교정및군사시설,차량호,4
20000,자동차관련시설,기계식주차,4
03000,제1종근린생활시설,문화재,4
03000,제1종근린생활시설,정수장관리실,4
11000,노유자시설,동사무소,4
03000,제1종근린생활시설,수산물위판장,4
17000,공장,연주,4
17000,공장,소규모공장,4
10000,교육연구시설,가스저장실,4
Z3000,근린생활시설,택,4
01000,단독주택,복층,4
Z3000,근린생활시설,미용원,4
04000,제2종근린생활시설,동제,4
17000,공장,이동식작업장,4
04000,제2종근린생활시설,폐차장,4
04000,제2종근린생활시설,상가용,4
02000,공동주택,도시형단지형,4
02000,공동주택,스크린골프장,4
04000,제2종근린생활시설,제제2종근린생활시설,4
15000,숙박시설,제1종근,4
04000,제2종근린생활시설,체능계학원,4
17000,공장,가스제조업,4
02000,공동주택,생활근린,4
01000,단독주택,벼놋,4
01000,단독주택,농시,4
01000,단독주택,단독주택1가구용,4
01000,단독주택,제2종근린시설및다가구주택,4
21000,동물및식물관련시설,자돈컨테이너,4
18000,창고시설,농업용창고및저온저장고,4
17000,공장,공급업,4
24000,방송통신시설,계전기실,4
02000,공동주택,영풍직원아파트,4
02000,공동주택,지하통로,4
02000,공동주택,소통교류시설,4
02000,공동주택,다목적창고,4
20000,자동차관련시설,자동차교습소,4
03000,제1종근린생활시설,민방위대피호,4
03000,제1종근린생활시설,휴게음식점및주택,4
03000,제1종근린생활시설,마을회관및노인회관,4
03000,제1종근린생활시설,주택영업,4
03000,제1종근린생활시설,마을화장실,4
33000,"국방,군사시설",폐기물보관소,4
11000,노유자시설,노모당,4
10000,교육연구시설,농업용교육원,4
10000,교육연구시설,실내야구연습장,4
06000,종교시설,종교시설및주택,4
20000,자동차관련시설,외3,4
04000,제2종근린생활시설,동물위탁시설,4
19000,위험물저장및처리시설,용기충전장,4
03000,제1종근린생활시설,수도사업소,4
25000,발전시설,관리동,4
26000,묘지관련시설,변소,4
08000,운수시설,공공업무시설,4
03000,제1종근린생활시설,이가,4
01000,단독주택,어업용주택,4
04000,제2종근린생활시설,임산물가공,4
02000,공동주택,맘카페,4
17000,공장,농기계,4
02000,공동주택,202동,4
01000,단독주택,근린생횔시설,4
14000,업무시설,오피스,4
19000,위험물저장및처리시설,외1건,4
03000,제1종근린생활시설,제2종근린생활시설및,4
03000,제1종근린생활시설,이동식화장실,4
03000,제1종근린생활시설,5층,4
21000,동물및식물관련시설,분재,4
18000,창고시설,관리소,4
15000,숙박시설,일반목욕탕,4
21000,동물및식물관련시설,돈사창고,4
04000,제2종근린생활시설,조합사무실,4
30000,자원순환관련시설,식물관련시설,4
05000,문화및집회시설,복지회관,4
01000,단독주택,농가시설,4
18000,창고시설,냉동저장고,4
01000,단독주택,커뮤니티,4
07000,판매시설,저수조,4
17000,공장,멸치건조장,4
26000,묘지관련시설,종교시설,4
02000,공동주택,행복주택,4
10000,교육연구시설,돌봄교실,4
01000,단독주택,농촌개량,4
17000,공장,사일로,4
03000,제1종근린생활시설,양곡창고,4
10000,교육연구시설,제1종근린생활시설외,4
30000,자원순환관련시설,공동주택,4
02000,공동주택,재활용생활폐기물보관시설,4
03000,제1종근린생활시설,의류매장,4
02000,공동주택,재활용시설,4
02000,공동주택,음식물쓰레기처리실,4
19000,위험물저장및처리시설,lpg판매소,4
01000,단독주택,다가구주택및제1종근,4
04000,제2종근린생활시설,장식용목재품제조업,4
10000,교육연구시설,보관장,4
14000,업무시설,도시형생활,4
01000,단독주택,수도원,4
07000,판매시설,보일러실,4
17000,공장,일반공장및,4
21000,동물및식물관련시설,공작물,4
04000,제2종근린생활시설,농산물가공장,4
14000,업무시설,관람집회,4
06000,종교시설,문루,4
04000,제2종근린생활시설,식품가공시설,4
03000,제1종근린생활시설,비상발전기실,4
04000,제2종근린생활시설,및위락시설,4
03000,제1종근린생활시설,8세대,4
06000,종교시설,교육장,4
02000,공동주택,실내골프클럽,4
21000,동물및식물관련시설,운동시설,4
02000,공동주택,다목적,4
09000,의료시설,노인복지시설,4
18000,창고시설,취급소,4
11000,노유자시설,도서실,4
04000,제2종근린생활시설,잎담배공동건조장,4
03000,제1종근린생활시설,마을공화당,4
03000,제1종근린생활시설,법원,4
03000,제1종근린생활시설,대피소및보일러실,4
03000,제1종근린생활시설,교육및,4
10000,교육연구시설,예능계강습소,4
13000,운동시설,실외,4
03000,제1종근린생활시설,기술계강습소,4
04000,제2종근린생활시설,지서,4
01000,단독주택,점포외1,4
17000,공장,기계전기실,4
17000,공장,bag,4
02000,공동주택,정보검색실,4
17000,공장,모폐드보관소,4
,,농가용,4
04000,제2종근린생활시설,18가구,4
14000,업무시설,단지형연립,4
21000,동물및식물관련시설,방역시설,4
14000,업무시설,부속시설,4
17000,공장,cp,4
21000,동물및식물관련시설,건조,4
17000,공장,밧데리실,4
21000,동물및식물관련시설,포자배양실,4
18000,창고시설,공구창고,4
01000,단독주택,변소및욕실,4
01000,단독주택,제2종근린생횔시설,4
17000,공장,펌프실1,4
10000,교육연구시설,대안학교,4
09000,의료시설,근린공공시설,4
17000,공장,석탄창고,4
02000,공동주택,직원합숙소,4
13000,운동시설,경비동,4
06000,종교시설,수녀원숙소,4
04000,제2종근린생활시설,재조업소,4
06000,종교시설,해우소,4
04000,제2종근린생활시설,제조업소및소매점,4
04000,제2종근린생활시설,집회소,4
22000,분뇨.쓰레기처리시설,퇴비처리장,4
19000,위험물저장및처리시설,세차기실,4
17000,공장,지게차보관소,4
17000,공장,자동창고,4
03000,제1종근린생활시설,무선전화국,4
15000,숙박시설,부속시설,4
18000,창고시설,상점,4
11000,노유자시설,건조장,4
17000,공장,사무실및화장실,4
01000,단독주택,표구점,4
17000,공장,filter,4
10000,교육연구시설,여,4
06000,종교시설,부속건물,4
04000,제2종근린생활시설,말소,4
11000,노유자시설,물탱크,4
Z3000,근린생활시설,이용원,4
31000,야영장시설,쉼터,4
25000,발전시설,처리시설,4
Z3000,근린생활시설,관리사무실,4
02000,공동주택,취사,4
02007,기숙사,기숙사,4
01000,단독주택,집합주택,4
01000,단독주택,근린생활시설및다가구주택7가구,4
21000,동물및식물관련시설,닭장,4
18000,창고시설,창고외1용도,4
01000,단독주택,문각,4
23000,교정및군사시설,유개호,4
19000,위험물저장및처리시설,교육연구,4
10000,교육연구시설,학교교육연구시설,4
01000,단독주택,개량융자분,4
04000,제2종근린생활시설,공동주택외1,4
20000,자동차관련시설,자동차관련시설및주택,4
20000,자동차관련시설,자동차관련시설및사무실,4
17000,공장,상토가공공장,4
03000,제1종근린생활시설,제1종근린생활시설외4,4
03000,제1종근린생활시설,검수구,4
05000,문화및집회시설,가옥,4
14000,업무시설,고속도로ic영업소,4
02000,공동주택,근린시설및다세대주택,4
02000,공동주택,안내소,4
04000,제2종근린생활시설,일용품판매점,4
01000,단독주택,수족관,4
02000,공동주택,96,4
15000,숙박시설,문화,4
03000,제1종근린생활시설,농기구수리센타,4
,,유아원,4
Z8000,교육연구및복지시설,복지회관,4
14000,업무시설,2종근생시설,4
02000,공동주택,생활숙박시설,4
02000,공동주택,음식물쓰레기,4
09000,의료시설,문화및집회시설,4
21000,동물및식물관련시설,축사및사료창고,4
17000,공장,냉각기실,4
19000,위험물저장및처리시설,정압실,4
18000,창고시설,시험실,4
04000,제2종근린생활시설,부화장,4
01000,단독주택,톱밥발효우사,4
02000,공동주택,도시형생활주택다세대,4
06000,종교시설,독성각,4
03000,제1종근린생활시설,본관,4
17000,공장,일반취급소,4
10000,교육연구시설,속셈학원,4
09000,의료시설,실험실,4
19000,위험물저장및처리시설,액화석유,4
17000,공장,도장,4
10000,교육연구시설,기타,4
02000,공동주택,정화조기계실,4
,,말소,4
11000,노유자시설,노유시설,4
21000,동물및식물관련시설,정수장,4
21000,동물및식물관련시설,92,4
27000,관광휴게시설,부수되는시설,4
17000,공장,로우밀,4
21000,동물및식물관련시설,식물관련시시설,4
01000,단독주택,마차간,4
01000,단독주택,농산물저온창고,4
04000,제2종근린생활시설,철물제조업,4
04000,제2종근린생활시설,부동산중계업소,4
01000,단독주택,7가구주택,4
17000,공장,건조공장,4
17000,공장,유독물보관창고,4
17000,공장,교반실,4
01000,단독주택,96년,4
02000,공동주택,82세대,4
17000,공장,아스콘공장,4
06000,종교시설,주지실,4
01000,단독주택,삼층,4
17000,공장,호우퍼,4
01000,단독주택,95농가주택개량대상자,4
05000,문화및집회시설,기타집회장,4
21000,동물및식물관련시설,약품보관창고,4
17000,공장,세면실,4
01000,단독주택,단도구택,4
11000,노유자시설,유아시설,4
15000,숙박시설,창고및보일러실,4
18000,창고시설,정비실,4
02000,공동주택,전기펌프실,4
05000,문화및집회시설,동재,4
01000,단독주택,및축사,4
02000,공동주택,19b,4
03000,제1종근린생활시설,약품투입동,4
01000,단독주택,95농촌주택개량사업,4
04000,제2종근린생활시설,및일반음식점,4
09000,의료시설,약국,4
20000,자동차관련시설,농기계수리점,4
17000,공장,밧자타워,4
04000,제2종근린생활시설,양어장,4
05000,문화및집회시설,학원,4
01000,단독주택,휴계실,4
17000,공장,p실,4
21000,동물및식물관련시설,목공소,4
18000,창고시설,농수산물보관및,4
04000,제2종근린생활시설,공장및창고,4
10000,교육연구시설,대문,4
23000,교정및군사시설,부대시설,4
06000,종교시설,회합실,4
08000,운수시설,교양실,4
10000,교육연구시설,대학원,4
04000,제2종근린생활시설,제1종및제2종,4
09000,의료시설,연구소,4
15000,숙박시설,기계,4
15000,숙박시설,1종,4
18000,창고시설,발효실,4
04000,제2종근린생활시설,국수제조장,4
10000,교육연구시설,예능계,4
04000,제2종근린생활시설,창고및사무실,4
21000,동물및식물관련시설,주택및우사,4
10000,교육연구시설,제1종근,4
06000,종교시설,자동차관련시설,4
04000,제2종근린생활시설,사업장,4
22000,분뇨.쓰레기처리시설,폐기물보관창고,4
21000,동물및식물관련시설,농업창고,4
18000,창고시설,창고2,4
18000,창고시설,과실저장창고,4
23000,교정및군사시설,병영문화쉼터,4
01000,단독주택,부속창고및화장실,4
15000,숙박시설,팬션,4
03000,제1종근린생활시설,2종근린생활시설및위락시설,4
19000,위험물저장및처리시설,analyzer,4
02000,공동주택,제1종근린생활시설및도시형생활주택,4
02000,공동주택,아이숲,4
02000,공동주택,스카이가든,4
03000,제1종근린생활시설,근리공공시설,4
04000,제2종근린생활시설,제실의,4
17000,공장,ray실,4
01000,단독주택,탁아소,4
33000,"국방,군사시설",생활관,4
18000,창고시설,대추건조장,4
04000,제2종근린생활시설,경양식,4
17000,공장,직원,4
20000,자동차관련시설,부속상,4
21000,동물및식물관련시설,간이축사,4
04000,제2종근린생활시설,생및다가구주택,4
20000,자동차관련시설,부속사무실,4
04000,제2종근린생활시설,해태가공처리장,4
04000,제2종근린생활시설,정미공장,4
02000,공동주택,독신자용,4
19000,위험물저장및처리시설,유독물판매시설,4
17000,공장,종이제조업,4
20000,자동차관련시설,여객자동차운수사업법에의한차고,4
10000,교육연구시설,골프학습장,4
Z5000,문화및집회시설,극장,4
27000,관광휴게시설,민박주택,4
01000,단독주택,근린생활시설및단독주택4가구,4
01000,단독주택,농어업주택,4
21000,동물및식물관련시설,자라양식장,4
21000,동물및식물관련시설,관리사및돈사,4
21000,동물및식물관련시설,메추리시설,4
25000,발전시설,합숙소,4
21000,동물및식물관련시설,복지시설,4
14000,업무시설,제2종근린생활시설및업무시설,4
02000,공동주택,사원연립주택,4
07000,판매시설,철도,4
02000,공동주택,1종근린생활시설및다세대주택,4
10000,교육연구시설,종교연수원,4
01000,단독주택,돔하우스,4
05000,문화및집회시설,의식시설,4
21000,동물및식물관련시설,말소,4
17000,공장,혼합싸이로,4
01000,단독주택,91년,4
18000,창고시설,어업용시설,4
05000,문화및집회시설,요사채,4
15000,숙박시설,집회시설,4
02000,공동주택,86세대,4
02000,공동주택,우수저장소,4
18000,창고시설,다방,4
01000,단독주택,농가창고및,4
20000,자동차관련시설,업무,4
17000,공장,복지실,4
01000,단독주택,칠성각,4
04000,제2종근린생활시설,마을공동작업장,4
01000,단독주택,동물식물관련시설,4
04000,제2종근린생활시설,게임장,4
15000,숙박시설,관,4
20000,자동차관련시설,직원휴게실,4
02000,공동주택,영업용,4
10000,교육연구시설,편의시설,4
03000,제1종근린생활시설,식품점,4
10000,교육연구시설,대강당,4
02000,공동주택,실내다목적,4
16000,위락시설,근린생활시설및,4
06000,종교시설,보제루,4
19000,위험물저장및처리시설,취급시설,4
04000,제2종근린생활시설,철문및관련제품제조,4
03000,제1종근린생활시설,교육연구시설외,4
03000,제1종근린생활시설,lg,4
,,군사시설,4
20000,자동차관련시설,3급정비소,4
14000,업무시설,샤워실,4
01000,단독주택,판매,4
01000,단독주택,농기계수리소,4
17000,공장,농산물저온가공,4
18000,창고시설,농산물처리시설,4
21000,동물및식물관련시설,분뇨적치장,4
Z3000,근린생활시설,문화및집회시설,4
03000,제1종근린생활시설,조적조,4
08000,운수시설,교육연구및복지시설,4
17000,공장,에이,4
13000,운동시설,수련시설,4
07000,판매시설,시장점포,4
07000,판매시설,일반게임제공업소,4
03000,제1종근린생활시설,마을경노당,4
19000,위험물저장및처리시설,가스취급소,4
17000,공장,전통식품가공공장,4
03000,제1종근린생활시설,누상각,4
10000,교육연구시설,위험물저장및처리시설,4
06000,종교시설,전기실,4
02000,공동주택,생활폐기물,4
04000,제2종근린생활시설,안내소,4
09000,의료시설,보건진료소,4
04000,제2종근린생활시설,수산물제조업,4
17000,공장,gas,4
17000,공장,가마,4
,,변전실,4
17000,공장,콤푸렛샤실,4
03000,제1종근린생활시설,6세대,4
17000,공장,냉동고,4
15000,숙박시설,물탱크,4
20000,자동차관련시설,근,4
17000,공장,분뇨쓰레기처리시설,4
14000,업무시설,용역원실,4
18000,창고시설,취사장,4
17000,공장,전,4
03000,제1종근린생활시설,가게,4
08000,운수시설,검사고,4
20000,자동차관련시설,부속,4
Z8000,교육연구및복지시설,목욕탕,4
04000,제2종근린생활시설,식당및사무실,4
19000,위험물저장및처리시설,공작물,4
Z9000,공공용시설,창고시설,4
02000,공동주택,주차장등,4
02000,공동주택,107동,4
12000,수련시설,야외무대,4
17000,공장,엠,4
19000,위험물저장및처리시설,충전장,4
24000,방송통신시설,발전기실,4
04000,제2종근린생활시설,녹차제조업소,4
31000,야영장시설,통로,4
17000,공장,잔해처리실,4
17000,공장,부속건축물,4
19000,위험물저장및처리시설,셀프세차장,4
22000,분뇨.쓰레기처리시설,분뇨및쓰레기,4
02000,공동주택,업무시설및다세대주택,4
02000,공동주택,복합커뮤니티,4
26000,묘지관련시설,장례시설,4
23000,교정및군사시설,직장어린이집,4
03000,제1종근린생활시설,건조기,4
21000,동물및식물관련시설,축종,4
18000,창고시설,저온보관창고,4
01000,단독주택,블록조,4
04000,제2종근린생활시설,야외공연장,4
04000,제2종근린생활시설,일반사무실,4
04001,일반음식점,일반음식점,4
17000,공장,조종실,4
17000,공장,스크린하우스,4
JY,,창고시설,4
21000,동물및식물관련시설,분만돈사,4
01000,단독주택,화장실및욕실,4
21000,동물및식물관련시설,장실,4
21000,동물및식물관련시설,제실,4
18000,창고시설,공공시설,4
21000,동물및식물관련시설,양묘장,4
03000,제1종근린생활시설,무인통신국사,4
,,공장및,4
03000,제1종근린생활시설,기타제1종근생,4
11000,노유자시설,노인회,4
03000,제1종근린생활시설,국사,4
03000,제1종근린생활시설,1층근린생활시설,4
02000,공동주택,12동,4
16000,위락시설,2용도,4
21000,동물및식물관련시설,교육장,4
18000,창고시설,곶감창고,4
11000,노유자시설,근린,4
04000,제2종근린생활시설,속셈,4
17000,공장,부속숙소,4
04000,제2종근린생활시설,검사실,4
17000,공장,안경제조업,4
02000,공동주택,셔틀스테이션,4
02000,공동주택,아파트영구임대,4
02000,공동주택,도시형생활주택및근생,4
02000,공동주택,스쿨버스존,4
23000,교정및군사시설,병영식당,4
10000,교육연구시설,교육연구시설학교,4
18000,창고시설,농산물선별및집하장,4
10000,교육연구시설,선수휴게실,4
07000,판매시설,도소매시장,4
22000,분뇨.쓰레기처리시설,축산분뇨처리장,4
20000,자동차관련시설,자동차수리공장,4
30000,자원순환관련시설,자원순화시설,4
07000,판매시설,판매시설외3,4
19000,위험물저장및처리시설,위험물취급및저장시설,4
10000,교육연구시설,외4,4
02000,공동주택,우수저수조점검층,4
24000,방송통신시설,간이tvr중계소,4
03000,제1종근린생활시설,집단에너지,4
24000,방송통신시설,개인휴대전화기지국,4
01000,단독주택,다구구용주택,4
17000,공장,예열기,4
21000,동물및식물관련시설,교육연구,4
17000,공장,압측기실,4
18000,창고시설,다목적개량곳간,4
21000,동물및식물관련시설,한우사육사,4
18000,창고시설,농가형저온저장고,4
18000,창고시설,농수산물저온저장창고,4
01000,단독주택,주택외2건,4
18000,창고시설,주류창고,4
21000,동물및식물관련시설,톱밥발효개방형축사,4
21000,동물및식물관련시설,농생시설,4
01000,단독주택,단독구조,4
01000,단독주택,제2종근린생활시설및다중주택,4
04000,제2종근린생활시설,유선각,4
04000,제2종근린생활시설,임산물가공시설,4
04000,제2종근린생활시설,제2종근생및창고,4
04000,제2종근린생활시설,제2종근생활근린시설,4
06000,종교시설,제2동근린생활시설,4
04000,제2종근린생활시설,제12종근린생활시설,4
04000,제2종근린생활시설,주유소캐노피,4
11000,노유자시설,부속시설,4
15000,숙박시설,근생및숙박시설,4
14000,업무시설,행정연락소,4
14000,업무시설,자재창고,4
17000,공장,콤푸레사실,4
17000,공장,정화조기계실,4
17000,공장,소화설비실,4
21000,동물및식물관련시설,토사,4
01000,단독주택,다,4
18000,창고시설,목욕실,4
02000,공동주택,사무공간,4
19000,위험물저장및처리시설,가스판매,4
02000,공동주택,버스쉘터,4
,,무기고,4
06000,종교시설,전시장,4
14000,업무시설,코인세탁실,4
01000,단독주택,단독주택및근,4
08000,운수시설,기타운수시설,4
03000,제1종근린생활시설,다가구주택2가구,4
02000,공동주택,통제실,4
03000,제1종근린생활시설,체능계강습소,4
13000,운동시설,강의실,4
09000,의료시설,관리실,4
15000,숙박시설,제2종근생시설,4
17000,공장,상담실,4
17000,공장,조작실,4
01000,단독주택,정주권사업,4
22000,분뇨.쓰레기처리시설,재활용창고,4
14000,업무시설,시청사,4
18000,창고시설,학원,4
10000,교육연구시설,위험물저장창고,4
01000,단독주택,담배벌크,4
06000,종교시설,사무동,4
03000,제1종근린생활시설,엽연초,4
01000,단독주택,제1종근생및,4
Z5000,문화및집회시설,교육연구시설,4
02000,공동주택,공연장,4
01000,단독주택,92년,4
02000,공동주택,다중주택,4
03000,제1종근린생활시설,소각장,4
11000,노유자시설,노인주거복지시설,4
17000,공장,침구제조업,4
02000,공동주택,개인스튜디오,4
04000,제2종근린생활시설,조리실,4
04000,제2종근린생활시설,제연팬룸,4
18000,창고시설,투입구,4
03000,제1종근린생활시설,부속정자,4
24000,방송통신시설,무인통신국사,4
12000,수련시설,집,4
18000,창고시설,a,4
17000,공장,집수조,4
01000,단독주택,근린생활및다가구용단독주택,4
02000,공동주택,상업용지,4
08000,운수시설,일반음식점,4
03000,제1종근린생활시설,1종근린,4
17000,공장,gis,4
02000,공동주택,건강지원센터,4
01000,단독주택,변전실,4
15000,숙박시설,제1종및제2종근린생활시설,4
01000,단독주택,곡물건조기,4
19000,위험물저장및처리시설,가스정압시설,4
22000,분뇨.쓰레기처리시설,투입동,4
17000,공장,pci,4
18000,창고시설,주택및사무실,4
10000,교육연구시설,예술관,4
18000,창고시설,농수산물보관용,4
15000,숙박시설,1종근생,4
02000,공동주택,미디어실,4
01000,단독주택,95년,4
04000,제2종근린생활시설,다가구용주택,4
04000,제2종근린생활시설,서예학원,4
18000,창고시설,물품,4
21000,동물및식물관련시설,축산,4
03000,제1종근린생활시설,기사대기실,4
18000,창고시설,축산업용,4
,,차고,4
02000,공동주택,파고라,4
26000,묘지관련시설,관리실,4
18000,창고시설,부속창고시설,4
21000,동물및식물관련시설,소독장,4
21000,동물및식물관련시설,퇴비사및저장시설,4
Z3000,근린생활시설,종교집회장,4
17000,공장,드럼쉘타,4
02000,공동주택,단지형다세대주택15세대,4
23000,교정및군사시설,교정시설,4
17000,공장,공창,4
17000,공장,콤푸레샤동,4
02000,공동주택,지하주차장p2,4
01000,단독주택,분양불가능주택,4
Z3000,근린생활시설,여인숙,4
10000,교육연구시설,교육연구시시설,4
03000,제1종근린생활시설,제1종근린행활시설,4
03000,제1종근린생활시설,교사,4
11000,노유자시설,자원봉사실,4
11000,노유자시설,휴양시설,4
21000,동물및식물관련시설,쓰레기,4
03000,제1종근린생활시설,k텔레콤,4
13000,운동시설,구령대,4
14000,업무시설,잡옥,4
Z8000,교육연구및복지시설,보육원,4
31000,야영장시설,공동취사장,4
Z8000,교육연구및복지시설,사무소,4
17000,공장,건조기실,4
03000,제1종근린생활시설,제연휀룸,4
04000,제2종근린생활시설,식당동,4
04000,제2종근린생활시설,노인복지회관,4
03000,제1종근린생활시설,지역특산물,4
17000,공장,자수,4
02000,공동주택,단지형다세대16세대,4
21000,동물및식물관련시설,자원순환관련시설,4
04000,제2종근린생활시설,소매점및,4
21000,동물및식물관련시설,젓소,4
01000,단독주택,변사,4
02000,공동주택,분전반실,4
04000,제2종근린생활시설,헬스장,4
14000,업무시설,직업훈련소,4
03000,제1종근린생활시설,주차시설,4
Z5000,문화및집회시설,기도실,4
05000,문화및집회시설,개량형주택,4
04000,제2종근린생활시설,하역창고,4
01000,단독주택,및제1종근생,4
18000,창고시설,육묘장,4
10000,교육연구시설,문서창고,4
02000,공동주택,온가족카페,4
04000,제2종근린생활시설,의료,4
02000,공동주택,소회의실,4
15000,숙박시설,d,4
21000,동물및식물관련시설,공동작업장,4
03000,제1종근린생활시설,편익시설,4
,,a,4
02000,공동주택,근생용,4
07000,판매시설,쓰레기처리장,4
07000,판매시설,차고,4
21000,동물및식물관련시설,인공수정소,4
04000,제2종근린생활시설,지,4
02000,공동주택,협동주택및점포,4
18000,창고시설,감귤관리사,4
02000,공동주택,주차장램프,4
17000,공장,이불제조,4
17000,공장,관사,4
01000,단독주택,4실,4
21000,동물및식물관련시설,a,4
21000,동물및식물관련시설,60,4
02000,공동주택,여성전용공방,4
10000,교육연구시설,야외공연장,4
22000,분뇨.쓰레기처리시설,공원화장실,4
17000,공장,과자공장,4
17000,공장,소화전펌프실,4
05000,문화및집회시설,문화원,4
21000,동물및식물관련시설,비가름시설,4
21000,동물및식물관련시설,양사,4
01000,단독주택,농가주텍,4
17000,공장,제어장치,4
27000,관광휴게시설,교육장,4
03000,제1종근린생활시설,양조장,4
13000,운동시설,실내낚시터,4
08000,운수시설,제1종,4
07000,판매시설,철도역사,4
02000,공동주택,지하경비실,4
07000,판매시설,인터넷컴퓨터게임시설제공업소,4
Z3000,근린생활시설,근린생활시설및숙박시설,4
Z6000,판매및영업시설,공동주택,4
17000,공장,제재업공장,4
06000,종교시설,문회및집회시설,4
03000,제1종근린생활시설,냉장창고,4
05000,문화및집회시설,민가,4
14000,업무시설,창업지원센터,4
01000,단독주택,사무실및창고,4
02000,공동주택,사원,4
31000,야영장시설,일반음식점,4
01000,단독주택,7실,4
17000,공장,g동,4
01000,단독주택,주택및위락시설,4
21000,동물및식물관련시설,토끼사육시설,4
18000,창고시설,농산물선별보관창고,4
21000,동물및식물관련시설,계사및계분장,4
01000,단독주택,근린생,4
17000,공장,호스보관함,4
08000,운수시설,위험물저장,4
Z5000,문화및집회시설,외1,4
03000,제1종근린생활시설,공급시설,4
03000,제1종근린생활시설,전신전화국기계동,4
03000,제1종근린생활시설,가족야영장,4
02000,공동주택,재활용품창고1,4
02000,공동주택,공동주택부대시설,4
02000,공동주택,공동주택및근린공공시설,4
02000,공동주택,단지형다세대도시형생활주택,4
26000,묘지관련시설,상여보관소,4
04000,제2종근린생활시설,건설사무실,4
06000,종교시설,종교연수원,4
17000,공장,탄산음료제조업,4
27000,관광휴게시설,자연휴양림내편익시설,4
04000,제2종근린생활시설,제2종근린생활실설,4
04000,제2종근린생활시설,공동화장실,4
17000,공장,농기구수리센타,4
Z8000,교육연구및복지시설,보일러실,4
15000,숙박시설,숙발시설,4
14000,업무시설,1종근생,4
11000,노유자시설,수녀원,4
17000,공장,정액공장,4
06000,종교시설,동물및식물관련시설,4
03000,제1종근린생활시설,단층주택,4
19000,위험물저장및처리시설,위험물및처리시설,4
03000,제1종근린생활시설,방재센터,4
04000,제2종근린생활시설,식품창고,4
01000,단독주택,주점영업,4
16000,위락시설,보일러실,4
01000,단독주택,부속채,4
02000,공동주택,옥외코어,4
14000,업무시설,45호,4
17000,공장,작업장및창고,4
02000,공동주택,지하주차장램프,4
02000,공동주택,키즈랜드,4
17000,공장,곡분과자제조업,4
21000,동물및식물관련시설,분건조장,4
04000,제2종근린생활시설,2종종근린생활시설,4
13000,운동시설,실외체육시설의,4
10000,교육연구시설,사,4
18000,창고시설,마을공동농기계,4
17000,공장,전시시설,4
14000,업무시설,탁구장,4
02000,공동주택,아지트,4
22000,분뇨.쓰레기처리시설,퇴비화시설,4
03000,제1종근린생활시설,다목적,4
24000,방송통신시설,1,4
17000,공장,배처플랜트,4
17000,공장,축전지실,4
01000,단독주택,19실,4
13000,운동시설,연습장,4
04000,제2종근린생활시설,장식용목제품제조,4
03000,제1종근린생활시설,2종근린생활시설외1용도,4
18000,창고시설,배송시설,4
04000,제2종근린생활시설,과수원,4
17000,공장,직물제조업,4
10000,교육연구시설,창고4,4
17000,공장,밸브실,4
21000,동물및식물관련시설,물품창고,4
23000,교정및군사시설,야외화장실,4
20000,자동차관련시설,퇴비사,4
,,51,4
04000,제2종근린생활시설,시무소,4
03000,제1종근린생활시설,염소멸균실,4
14000,업무시설,회관,4
03000,제1종근린생활시설,어민회관,4
02000,공동주택,스파기계실,4
18000,창고시설,물류센터,4
01000,단독주택,농기계보관소,4
04000,제2종근린생활시설,흙벽돌제조시설,4
02000,공동주택,주민공동시,4
18000,창고시설,마늘건조용,4
11000,노유자시설,물리치료실,4
27000,관광휴게시설,오수처리시설,4
01000,단독주택,제거식,4
02000,공동주택,일반기숙사,4
18000,창고시설,주택시설,4
01000,단독주택,및1종근린생활시설,4
03000,제1종근린생활시설,가,4
02000,공동주택,예능계학원,4
10000,교육연구시설,농업용,4
03000,제1종근린생활시설,재활용선별장,4
18000,창고시설,식품보관,4
01000,단독주택,다가구8세대,4
07000,판매시설,생,4
02000,공동주택,16b,4
13000,운동시설,스케이트장,4
02000,공동주택,강의실,4
03000,제1종근린생활시설,배드민턴장,4
10000,교육연구시설,보안관실,4
02000,공동주택,지하계단,4
01000,단독주택,가축병원,4
04000,제2종근린생활시설,기타게임시설,4
02000,공동주택,감시제어실,4
17000,공장,위험물제조공장,4
14000,업무시설,일반유흥음식점,4
19000,위험물저장및처리시설,자가주유소,4
17000,공장,주조장,4
01000,단독주택,수산물보관창고,4
24000,방송통신시설,자동교환실,4
04000,제2종근린생활시설,부대급식시설,4
27000,관광휴게시설,저온저장고,4
02000,공동주택,단지형다세대세대,4
22000,분뇨.쓰레기처리시설,폐기물처리시설및,4
07000,판매시설,농산물집하장,4
,,집선실,4
04000,제2종근린생활시설,일반및휴게음식점,4
04000,제2종근린생활시설,운전실,4
21000,동물및식물관련시설,양어장부대시설,4
04000,제2종근린생활시설,우형기사,4
04000,제2종근린생활시설,제2종근린생활시설제조업소,4
01003,다가구주택,단독주택,4
04000,제2종근린생활시설,하우스,4
04000,제2종근린생활시설,기타체육시설,4
11000,노유자시설,비가림시설,4
03000,제1종근린생활시설,제1동근린생활시설,4
01000,단독주택,가금사,4
01000,단독주택,나무간,4
24000,방송통신시설,변전소,4
01000,단독주택,와가,4
02000,공동주택,외2건,4
22000,분뇨.쓰레기처리시설,분뇨탱크,4
21000,동물및식물관련시설,염소투입실,4
02000,공동주택,어린이실내놀이터,4
11000,노유자시설,근,4
20000,자동차관련시설,cng충전소,4
01000,단독주택,녹색관광센타,4
04000,제2종근린생활시설,31,4
02000,공동주택,환기구,4
17000,공장,곡물가공품제조업,4
02000,공동주택,진입램프,4
18000,창고시설,양곡건조장,4
01000,단독주택,사무소및단독주택,4
01000,단독주택,단독주택12가구용,4
01000,단독주택,창고외1,4
21000,동물및식물관련시설,기타제1종근린생활시설,4
02000,공동주택,차량대기장소,4
02000,공동주택,미혼여성근로자임대아파트,4
02000,공동주택,경비대기실,4
28000,가설건축물,가설건축물,4
22000,분뇨.쓰레기처리시설,분뇨장,4
02000,공동주택,지하대피호,4
21000,동물및식물관련시설,돈사및돈분장,4
21000,동물및식물관련시설,작물재배온실,4
02000,공동주택,맘스존1,4
02000,공동주택,가스탱크실,4
02000,공동주택,펌프장,4
02000,공동주택,주민커뮤니티시설,4
22000,분뇨.쓰레기처리시설,오폐수처리장,4
06000,종교시설,식당동,4
01000,단독주택,미술학원,4
03000,제1종근린생활시설,육각정,4
03000,제1종근린생활시설,버스간이승강장,4
02000,공동주택,키즈까페,4
04000,제2종근린생활시설,제근린생활시설,4
03000,제1종근린생활시설,용도,4
02000,공동주택,제1종근생시설,4
03000,제1종근린생활시설,지층,4
22000,분뇨.쓰레기처리시설,분뇨쓰레기,4
03000,제1종근린생활시설,9,4
18000,창고시설,예냉창고,4
23000,교정및군사시설,연립주택,4
23000,교정및군사시설,발전실,4
17000,공장,비품창고,4
21000,동물및식물관련시설,사료저장시설,4
02000,공동주택,우수관리실,4
02000,공동주택,공동주태,4
Z3000,근린생활시설,은행,4
02000,공동주택,썬큰,4
17000,공장,파쇄실,4
02000,공동주택,스포츠시설,4
02000,공동주택,지하상가,4
19000,위험물저장및처리시설,고로,4
13000,운동시설,제1종및제2종근린생활시설,4
02000,공동주택,코인세탁소,4
02000,공동주택,오수정화시설,4
01000,단독주택,노인공동생활가정,4
04000,제2종근린생활시설,청소년수련시설,4
03000,제1종근린생활시설,생활문화센터,4
17000,공장,콘트롤룸,4
13000,운동시설,스탠드,4
18000,창고시설,농산물건조시설,4
19000,위험물저장및처리시설,보관,4
13000,운동시설,공설운동장,4
13000,운동시설,티하우스2,4
17000,공장,석제품제조,4
03000,제1종근린생활시설,어구점,4
01000,단독주택,94정주권주택개량,4
01000,단독주택,단독주택6가구용,4
17000,공장,제품보관장,4
17000,공장,계량장,4
08000,운수시설,역부속사,4
11000,노유자시설,가스저장소,4
19000,위험물저장및처리시설,주유동,4
17000,공장,gk,4
10000,교육연구시설,다가구용단독주택,4
04000,제2종근린생활시설,검정고시학원,4
04000,제2종근린생활시설,제소업소,4
10000,교육연구시설,남자기숙사,4
18000,창고시설,부엌,4
04000,제2종근린생활시설,인터넷컴퓨터게임시설제공업의시설,4
17000,공장,항만시설,4
04000,제2종근린생활시설,직원휴게실,4
14000,업무시설,사무실및,4
22000,분뇨.쓰레기처리시설,축산폐수공동처리장,4
21000,동물및식물관련시설,격리실,4
03000,제1종근린생활시설,관람집회,4
02000,공동주택,멀티미디어센터,4
02000,공동주택,주민시설,4
02000,공동주택,13호,4
23000,교정및군사시설,행정,4
04000,제2종근린생활시설,금형,4
17000,공장,국수제조업,4
17000,공장,자동제어반제조,4
18000,창고시설,찰고시설,4
15000,숙박시설,발전실,4
02000,공동주택,건,4
03000,제1종근린생활시설,탈취휀실,4
04000,제2종근린생활시설,대피호,4
21000,동물및식물관련시설,농가주택및우사,4
11000,노유자시설,보이라실,4
02000,공동주택,2종근린생활시설및공동주택,4
26000,묘지관련시설,관리사무실,4
18000,창고시설,작물재배사,4
01000,단독주택,재래식,4
21000,동물및식물관련시설,기자재창고,4
01000,단독주택,농기계수리센타,4
Z3000,근린생활시설,매표소,4
01000,단독주택,96정주권,4
17000,공장,임산물,4
22000,분뇨.쓰레기처리시설,식물관련시설,4
02000,공동주택,휘트니센터,4
02000,공동주택,9개소,4
14000,업무시설,요금소,4
02000,공동주택,공용쉐어공간,4
01000,단독주택,대중음식,4
17000,공장,폐유,4
04000,제2종근린생활시설,새마을,4
21000,동물및식물관련시설,연구실,4
01000,단독주택,주택상가,4
04000,제2종근린생활시설,무도유흥음식점,4
01000,단독주택,및차고,4
13000,운동시설,house,4
Z8000,교육연구및복지시설,아동시설,4
13000,운동시설,옥외화장실,4
17000,공장,자전거보관대,4
05000,문화및집회시설,미술전시장,4
33000,"국방,군사시설",공공용시설,4
11000,노유자시설,휴게소,4
03000,제1종근린생활시설,마을농기계보관창고,4
04000,제2종근린생활시설,승방,4
01000,단독주택,새마을융자주택,4
03000,제1종근린생활시설,제어동,4
15000,숙박시설,위탁시설,4
27000,관광휴게시설,점포,4
21000,동물및식물관련시설,사슴농장,4
01000,단독주택,다각구용단독주택,4
04000,제2종근린생활시설,기타목제가구제조업,4
04000,제2종근린생활시설,종탑,4
02000,공동주택,66세대,4
18000,창고시설,저온창고및,4
03000,제1종근린생활시설,의약품,4
17000,공장,포장동,4
17000,공장,폐기물처리동,4
02000,공동주택,행복,4
09000,의료시설,부속,4
08000,운수시설,정류소,4
18000,창고시설,부식창고,4
05000,문화및집회시설,한옥체험장,4
04000,제2종근린생활시설,공장및근린생활시설,4
03000,제1종근린생활시설,검도장,4
22000,분뇨.쓰레기처리시설,돈사,4
17000,공장,고객안내실,4
17000,공장,출하과사무실,4
03000,제1종근린생활시설,저장및,4
09000,의료시설,산후조리원,4
02000,공동주택,가스정압소,4
02000,공동주택,다세대주택및소매점,4
30000,자원순환관련시설,가축분료처리시설,4
08000,운수시설,철도차량기지,4
,,연탄공장,4
04000,제2종근린생활시설,목재가구제조,4
08000,운수시설,무기고,4
17000,공장,골재크러셔,4
Z5000,문화및집회시설,제당,4
12000,수련시설,산촌문화체험관,4
08000,운수시설,여객선터미널,4
14000,업무시설,업무시설및제2종근린생활시설,4
01000,단독주택,일반주거지역,4
01000,단독주택,주택12가구,4
01000,단독주택,근린생활시설및다가구주택8가구,4
21000,동물및식물관련시설,주민공동이용시설,4
17000,공장,모타하우스,4
03000,제1종근린생활시설,마을제당,4
04000,제2종근린생활시설,다가구주택및제2종근린생활시설,4
08000,운수시설,내무반,4
01000,단독주택,다가구주택7,4
17000,공장,방적공장,4
17000,공장,해조류가공공장,4
21000,동물및식물관련시설,144,4
03000,제1종근린생활시설,농업인,4
22000,분뇨.쓰레기처리시설,세차장,4
03000,제1종근린생활시설,기타전시장,4
01000,단독주택,가스저장소,4
17000,공장,집하장,4
05000,문화및집회시설,제조업소,4
06000,종교시설,근,4
01000,단독주택,민박용주택,4
07000,판매시설,연쇄점,4
21000,동물및식물관련시설,창고및화장실,4
04000,제2종근린생활시설,문서고,4
03000,제1종근린생활시설,농기계수리소,4
03000,제1종근린생활시설,숯가마,4
17000,공장,수산물건조장,4
17000,공장,조립실,4
22000,분뇨.쓰레기처리시설,음식물류폐기물처리시설,4
06000,종교시설,승방,4
02000,공동주택,관리사무소외,4
02000,공동주택,미화휴게실,4
07000,판매시설,재활용보관소,4
11000,노유자시설,다목적강당,4
03000,제1종근린생활시설,우체국청사,4
04000,제2종근린생활시설,비디오물감상실,4
06000,종교시설,취사장,4
06000,종교시설,교회실,4
04000,제2종근린생활시설,수산물가공,4
15000,숙박시설,여,4
21000,동물및식물관련시설,소각장,4
,,생활시설,4
17000,공장,크링커싸이로,4
,,농산물저장창고,4
02000,공동주택,우수재활용,4
01000,단독주택,다동,4
04000,제2종근린생활시설,금속가구제조업,4
14000,업무시설,외1용도,4
01000,단독주택,케노피,4
04000,제2종근린생활시설,문고,4
02000,공동주택,펌푸실,4
01000,단독주택,근린생활시설및점포,4
06000,종교시설,칠성당,4
04000,제2종근린생활시설,영육아보육시설,4
21000,동물및식물관련시설,분뇨장,4
21000,동물및식물관련시설,근생,4
02000,공동주택,주민공동이용시설,4
18000,창고시설,노인정,4
06000,종교시설,대문간,4
03000,제1종근린생활시설,휴게음식점및사무소,4
02000,공동주택,다세대12세대,4
01000,단독주택,벼건조기,4
17000,공장,유독물,4
02000,공동주택,요가실,4
03000,제1종근린생활시설,예비군,4
02000,공동주택,기계실및전기실,4
10000,교육연구시설,미술실,4
Z8000,교육연구및복지시설,업무시설,4
01000,단독주택,t,4
Z5000,문화및집회시설,숙소,4
17000,공장,목공실,4
17000,공장,bd,4
18000,창고시설,교사,4
,,냉동창고,4
04000,제2종근린생활시설,일용잡화점,4
04000,제2종근린생활시설,보관,4
17000,공장,락카룸,4
03000,제1종근린생활시설,주2,4
04000,제2종근린생활시설,액화가스취급소,4
,,새마을회관,4
02000,공동주택,관리사무소및,4
11000,노유자시설,고아원사,4
,,관리소,4
21000,동물및식물관련시설,지목변경불가,4
19000,위험물저장및처리시설,뇌관고,4
14000,업무시설,소화가스실,4
02000,공동주택,지하펌프실,4
04000,제2종근린생활시설,휴게시설,4
,,영업,4
21000,동물및식물관련시설,동식물관려시설,4
02000,공동주택,부녀회실,4
07000,판매시설,지하상가,4
17000,공장,설비창고,4
17000,공장,야외화장실,4
11000,노유자시설,노인전문요양원,4
03000,제1종근린생활시설,분리수거장,4
04000,제2종근린생활시설,제2종근린생활시설단독주택,4
04000,제2종근린생활시설,농산물가공처리시설및저온창고,4
04000,제2종근린생활시설,료사,4
04000,제2종근린생활시설,취수장,4
13000,운동시설,씨름장,4
13000,운동시설,트랩하우스,4
01000,단독주택,복리시설,4
11000,노유자시설,유아,4
,,시장,4
23000,교정및군사시설,창고시설,4
01000,단독주택,97농촌주택개량사업분,4
01000,단독주택,부속보일러실,4
18000,창고시설,배양실,4
04000,제2종근린생활시설,임시,4
Z3000,근린생활시설,컴퓨터학원,4
04000,제2종근린생활시설,제조업공장,4
10000,교육연구시설,퇴비사,4
01000,단독주택,노래방,4
18000,창고시설,양어장,4
10000,교육연구시설,4가구,4
Z3000,근린생활시설,취사장,4
10000,교육연구시설,아동시설,4
,,발전기실,4
02000,공동주택,주동출입구,4
20000,자동차관련시설,기사대기실,4
03000,제1종근린생활시설,제1종근린생활시설점,4
17000,공장,승강장,4
04000,제2종근린생활시설,단독주택외1용도,4
04000,제2종근린생활시설,농산물처리장,4
10000,교육연구시설,학교건물,4
01000,단독주택,다가구주택10,4
22000,분뇨.쓰레기처리시설,수질오염방지지설,4
04999,기타제2종근린생활시설,2종근린생활시설,4
06000,종교시설,시,4
17000,공장,기타곡물가공품제조업소,4
02000,공동주택,재활품창고,4
02000,공동주택,쓰레기수집장,4
02000,공동주택,헬스케어센터,4
02000,공동주택,재활용수거장,4
21000,동물및식물관련시설,새마을공동축사,4
21000,동물및식물관련시설,마을공동축사,4
18000,창고시설,제2종근린생활시설외1,4
17000,공장,옥내탱크저장소,4
18000,창고시설,찬고,4
18000,창고시설,공장및창고,4
18000,창고시설,공동농기계창고,4
18000,창고시설,원당창고,4
14000,업무시설,단지형다세대주택및오피스텔,4
14000,업무시설,사무실및점포,4
02000,공동주택,주상복합상가,4
02000,공동주택,스라브,4
02000,공동주택,창업지원센터,4
02000,공동주택,셔틀elev,4
24000,방송통신시설,공공근린시설,4
,,창고및화장실,4
18000,창고시설,공작물,4
04000,제2종근린생활시설,농촌주택,4
18000,창고시설,휴게소,4
04000,제2종근린생활시설,두부제조업,4
17000,공장,용접장,4
18000,창고시설,제2종근린생할시설,4
02000,공동주택,어린이버스정거장,4
21000,동물및식물관련시설,치잠실,4
21000,동물및식물관련시설,기계창고,4
04000,제2종근린생활시설,단독주텍,4
17000,공장,세탁소,4
20000,자동차관련시설,어린이공원,4
03000,제1종근린생활시설,제2종근린생화시설,4
04000,제2종근린생활시설,9,4
21000,동물및식물관련시설,판매시설,4
04000,제2종근린생활시설,공조실,4
03000,제1종근린생활시설,사무실및창고,4
17000,공장,chip,4
04000,제2종근린생활시설,지장전,4
14000,업무시설,업무시설및다세대주택,4
01000,단독주택,제1종근린샐활시설,4
14000,업무시설,기타공공시설,4
02000,공동주택,공용식당,4
Z8000,교육연구및복지시설,수련시설,4
17000,공장,경비실및화장실,4
13000,운동시설,고전막사,4
14000,업무시설,1층,4
21000,동물및식물관련시설,수도,4
27000,관광휴게시설,화장실및샤워실,4
19000,위험물저장및처리시설,유독물창고,4
19000,위험물저장및처리시설,고압가스창고,4
07000,판매시설,지하실,4
02000,공동주택,지하주자장,4
02000,공동주택,택배보관창고,4
02000,공동주택,고가수조,4
02000,공동주택,tps실,4
21000,동물및식물관련시설,건조사,4
10000,교육연구시설,양수장,4
21000,동물및식물관련시설,식물관련시설외,4
04000,제2종근린생활시설,가구전시장,4
14000,업무시설,기계식주차,4
05000,문화및집회시설,원숭이사,4
01000,단독주택,주차시설,4
16000,위락시설,전문음식점,4
13000,운동시설,카트보관소,4
17000,공장,김,4
04000,제2종근린생활시설,육가공업소,4
11000,노유자시설,다목적회관,4
03000,제1종근린생활시설,주점,4
18000,창고시설,농기계임대사업소,4
18000,창고시설,상수도,4
01000,단독주택,제2종근린생시설,4
14000,업무시설,위험물저장처리시설,4
01000,단독주택,부화장,4
05000,문화및집회시설,서재,4
17000,공장,가공업,4
15000,숙박시설,점포및,4
23000,교정및군사시설,기숙사,4
01000,단독주택,컨테이너,4
03000,제1종근린생활시설,열교환실,4
17000,공장,델류지밸브하우스,4
03000,제1종근린생활시설,가동,4
03000,제1종근린생활시설,pc방,4
04000,제2종근린생활시설,주택시설,4
06000,종교시설,영산전,4
05000,문화및집회시설,공중변소,4
04000,제2종근린생활시설,용왕당,4
07000,판매시설,등,4
03000,제1종근린생활시설,자동차매매장,4
06000,종교시설,공장,4
01000,단독주택,이층,4
03000,제1종근린생활시설,농수산물,4
01000,단독주택,저수조,4
01000,단독주택,양어장관리사,4
03000,제1종근린생활시설,인터넷컴퓨터게임시설제공업의시설,4
03000,제1종근린생활시설,종업원숙소,4
17000,공장,system,4
03000,제1종근린생활시설,공용화기로,4
03000,제1종근린생활시설,탐조등실,4
17000,공장,농기계수리,4
01000,단독주택,건조,4
17000,공장,급식시설,4
21000,동물및식물관련시설,지하실,4
01000,단독주택,단독주택부속사,4
17000,공장,출하동,4
17000,공장,가내공장,4
14000,업무시설,탈의실,4
03000,제1종근린생활시설,파출소청사,4
01000,단독주택,관람집회시설,4
17000,공장,창고및기계실,4
17000,공장,자재집하장,4
19000,위험물저장및처리시설,취사용가스판매장,4
10000,교육연구시설,역도장,4
17000,공장,주택및,4
,,돈분장,4
04999,기타제2종근린생활시설,근린생활시설,4
04000,제2종근린생활시설,종교사찰,4
01000,단독주택,개량변소,4
01000,단독주택,아스팔트슁글,4
11000,노유자시설,부식창고,4
20000,자동차관련시설,휴게소,4
20000,자동차관련시설,운전실,4
13000,운동시설,가스저장소,4
14000,업무시설,복도,4
01000,단독주택,일반음식점및단독주택,4
04000,제2종근린생활시설,통제실,4
04000,제2종근린생활시설,단독주택시설,4
21000,동물및식물관련시설,c,4
02000,공동주택,도시형생활주택소형주택,4
04000,제2종근린생활시설,배수지,4
06000,종교시설,대중처소,4
04000,제2종근린생활시설,탁아소,4
07000,판매시설,휀룸,4
14000,업무시설,3용도,4
04000,제2종근린생활시설,안내실,4
04000,제2종근린생활시설,팔각정,4
10000,교육연구시설,제2종근린생활시설외,4
22000,분뇨.쓰레기처리시설,오,4
15000,숙박시설,숙박시설외3,4
04000,제2종근린생활시설,야외객장,4
10000,교육연구시설,별관교실동,4
04000,제2종근린생활시설,남면,4
21000,동물및식물관련시설,두남관광농원,4
02000,공동주택,신축,4
02000,공동주택,관리소및노인정,4
02000,공동주택,도시형생활주택외1,4
02000,공동주택,다세댁주택,4
03000,제1종근린생활시설,무인통신장비함,4
03000,제1종근린생활시설,제1종근린생활시설및노유자시설,4
22000,분뇨.쓰레기처리시설,쓰레기매립장,4
04000,제2종근린생활시설,제1종ㆍ제2종근린생활시설,4
04000,제2종근린생활시설,종대,4
01000,단독주택,단독주택15가구,4
18000,창고시설,과수퇴비저장소,4
01000,단독주택,주택및농산물보관창고,4
18000,창고시설,과일저온저장고,4
05000,문화및집회시설,중계탑,4
14000,업무시설,주차장비가림시설,4
12000,수련시설,청소련수련시설,4
03000,제1종근린생활시설,건강생활지원센터,4
03000,제1종근린생활시설,다목적창고,4
11000,노유자시설,육아원,4
04000,제2종근린생활시설,제2종근린생활사설,4
01000,단독주택,보육원,4
17000,공장,차체,4
17000,공장,부품실,4
17000,공장,dryer,4
19000,위험물저장및처리시설,주유,4
02000,공동주택,05,4
21000,동물및식물관련시설,퇴적사,4
22000,분뇨.쓰레기처리시설,재활용품,4
02000,공동주택,일반목욕장,4
01000,단독주택,문간체,4
18000,창고시설,데크,4
17000,공장,협력업체,4
03000,제1종근린생활시설,농업시설,4
14000,업무시설,보육시설,4
13000,운동시설,정비고,4
Z3000,근린생활시설,퇴비사,4
11000,노유자시설,노인주간보호센터,4
01000,단독주택,어업용창고,4
26000,묘지관련시설,차고,4
03000,제1종근린생활시설,시험실,4
02000,공동주택,주거행복지원센터,4
20000,자동차관련시설,자동차정비고,4
04000,제2종근린생활시설,모의전투게임관련시설,4
01000,단독주택,양말편조업,4
18000,창고시설,단무지저장고,4
20000,자동차관련시설,1용도,4
18000,창고시설,공구실,4
18000,창고시설,벼건조실,4
,,분뇨,4
03000,제1종근린생활시설,농업용수,4
17000,공장,조리실,4
17000,공장,경비실및사무실,4
21000,동물및식물관련시설,수조육상양식업,4
03000,제1종근린생활시설,가구제조업,4
01000,단독주택,15다가구,4
02000,공동주택,대세대,4
02000,공동주택,대기공간,4
Z5000,문화및집회시설,교회당,4
03000,제1종근린생활시설,1종근린생활시설외,4
04000,제2종근린생활시설,식품가공제조업,4
06000,종교시설,종중재실,4
,,집회시설,4
01000,단독주택,근생2종,4
17000,공장,조명장치제조업,4
19000,위험물저장및처리시설,부속시설,4
15000,숙박시설,2근린생활시설,4
07000,판매시설,회의실,4
04000,제2종근린생활시설,한약방,4
02000,공동주택,dvd실,4
31000,야영장시설,세척장,4
17000,공장,제2조립공장사무실,4
01000,단독주택,가공시설,4
10000,교육연구시설,이발소,4
03000,제1종근린생활시설,미술학원,4
17000,공장,기계보호시설,4
19000,위험물저장및처리시설,정압동,4
02000,공동주택,지하연결계단,4
18000,창고시설,구내식당,4
14000,업무시설,정화조관리실,4
01000,단독주택,냉동실,4
02000,공동주택,정화조관리,4
04000,제2종근린생활시설,1호,4
11000,노유자시설,직장보육시설,4
18000,창고시설,적치장,4
02000,공동주택,전시장,4
02000,공동주택,출입코어,4
02000,공동주택,2종근생시설,4
11000,노유자시설,저수조,4
03000,제1종근린생활시설,제2종근생및단독주택,4
10000,교육연구시설,지진관측소,4
17000,공장,직장어린이집,4
Z8000,교육연구및복지시설,교육및연구시설,4
10000,교육연구시설,공중화장실,4
08000,운수시설,역,4
05000,문화및집회시설,근생,4
02000,공동주택,a단지,4
10000,교육연구시설,승강기,4
17000,공장,폐자재창고,4
Z8000,교육연구및복지시설,종교시설,4
03000,제1종근린생활시설,한문,4
01000,단독주택,보일라,4
02000,공동주택,테니스장,4
03000,제1종근린생활시설,부락공동,4
02000,공동주택,용역대기실,4
02000,공동주택,공공도서관,4
07000,판매시설,용역원실,4
24000,방송통신시설,수위실,4
31000,야영장시설,세면장,4
06000,종교시설,부속동,4
03000,제1종근린생활시설,향여집,4
21000,동물및식물관련시설,간이,4
15000,숙박시설,기계식주차장,4
17000,공장,15,4
14000,업무시설,업무시설및다가구주택,4
14000,업무시설,지역자치센터,4
03000,제1종근린생활시설,송수설비,4
27000,관광휴게시설,대합실,4
01000,단독주택,96농촌주택개량,4
17000,공장,ess전기실,4
01000,단독주택,단독주택근린생활시설,4
17000,공장,옥내주차장,4
03000,제1종근린생활시설,건재상,4
17000,공장,폐기물장,4
17000,공장,t동,4
04000,제2종근린생활시설,1종및2종근린생활시설,4
23000,교정및군사시설,강당,4
08000,운수시설,펌프실,4
04000,제2종근린생활시설,쓰레기집하장,4
17000,공장,플라스틱,4
03000,제1종근린생활시설,물품소매점,4
05000,문화및집회시설,발전기실,4
,,회의실,4
02000,공동주택,우수조점검층,4
15000,숙박시설,e,4
02000,공동주택,장애인화장실,4
02000,공동주택,생할편익시설,4
21000,동물및식물관련시설,3동,4
17000,공장,도계장,4
01000,단독주택,다가구주택외1용도,4
01000,단독주택,주택및주유소,4
17000,공장,주류제조시설,4
17000,공장,오징어건조장,4
14000,업무시설,제설시설,4
04000,제2종근린생활시설,경신리,4
Z5000,문화및집회시설,문화및집회관련시설,4
13000,운동시설,운동시설외2,4
04000,제2종근린생활시설,제조업소및창고,4
04000,제2종근린생활시설,목은선조영당,4
04000,제2종근린생활시설,농업용시설,4
04000,제2종근린생활시설,전통공예품제작실,4
07000,판매시설,경매장,4
01000,단독주택,96주택,4
06000,종교시설,설,4
19000,위험물저장및처리시설,lpg충전소사무실,4
02000,공동주택,재활용품분류보관시설,4
02000,공동주택,쓰레기분리창고,4
21000,동물및식물관련시설,오리퇴비사,4
02000,공동주택,가스저장창고,4
02000,공동주택,무인택배시스템,4
20000,자동차관련시설,2급정비공장,4
15000,숙박시설,생활형숙박시설및단독주택,4
03000,제1종근린생활시설,상수도취수장,4
11000,노유자시설,노유자시설및근린생활시설,4
03000,제1종근린생활시설,농림수산업용,4
03000,제1종근린생활시설,하수처리시설펌프장,4
03000,제1종근린생활시설,공동농기계보관창고,4
17000,공장,인형제조업,4
20000,자동차관련시설,주차장관리소,4
22000,분뇨.쓰레기처리시설,냄새저감시설,4
15000,숙박시설,관리사무실,4
03000,제1종근린생활시설,소매점및다가구주택,4
10000,교육연구시설,취사장,4
18000,창고시설,근린생활시설및,4
02000,공동주택,학부모대기실,4
17000,공장,부속경비실,4
18000,창고시설,농업용창고및,4
11000,노유자시설,대중음식점,4
15000,숙박시설,로비,4
06000,종교시설,관리사무소,4
15000,숙박시설,관리사,4
04000,제2종근린생활시설,가스저장창고,4
06000,종교시설,산신당,4
01000,단독주택,천뗍領,4
05000,문화및집회시설,판매및영업시설,4
17000,공장,근린,4
20000,자동차관련시설,부속차고,4
03000,제1종근린생활시설,단지형다세대,4
21000,동물및식물관련시설,관리관련시설,4
02000,공동주택,스마트셀,4
02000,공동주택,남자기숙사,4
Z3000,근린생활시설,구판장,4
05000,문화및집회시설,다가구주택,4
Z8000,교육연구및복지시설,직업훈련소,4
01000,단독주택,부속작업실,4
Z8000,교육연구및복지시설,실습실,4
01000,단독주택,간이축사,4
06000,종교시설,문화재,4
19000,위험물저장및처리시설,수소저장소,4
04000,제2종근린생활시설,교회주택,4
04000,제2종근린생활시설,감귤저장고,4
17000,공장,장식용,4
03000,제1종근린생활시설,펌푸실,4
03000,제1종근린생활시설,단독주택1가구,4
02000,공동주택,대학생,4
03000,제1종근린생활시설,바베큐장,4
17000,공장,김공장,4
17000,공장,제어동,4
,,문화,4
01000,단독주택,목사사택,4
18000,창고시설,농기자재보관창고,4
01000,단독주택,유리온실,4
01000,단독주택,단층행랑,4
21000,동물및식물관련시설,부자재창고,4
19000,위험물저장및처리시설,옥외저장소,4
02000,공동주택,서고,4
01000,단독주택,제2종근린생활시시설,4
20000,자동차관련시설,운송부대시설,4
02000,공동주택,206동,4
31000,야영장시설,보일러실,4
21000,동물및식물관련시설,1가구,4
21000,동물및식물관련시설,농사용,4
02000,공동주택,지상1층,4
02000,공동주택,방제센터,4
Z9000,공공용시설,방송통신시설,4
27000,관광휴게시설,처리시설,4
17000,공장,조쇄실,4
04000,제2종근린생활시설,단지형다세대주택,4
03000,제1종근린생활시설,주민복지회관,4
17000,공장,turbo,4
03000,제1종근린생활시설,근림생활시설,4
15000,숙박시설,린넨실,4
02000,공동주택,다가구용단독주택,4
30000,자원순환관련시설,급기타워,4
12000,수련시설,1,4
11000,노유자시설,외1건,4
14000,업무시설,11호,4
11000,노유자시설,양로시설,4
14000,업무시설,관리동,4
01000,단독주택,주택및주택,4
01000,단독주택,전자유기장,4
02000,공동주택,원룸형29세대,4
03000,제1종근린생활시설,점포및대중음식점,4
27000,관광휴게시설,정문,4
04000,제2종근린생활시설,제전,4
02000,공동주택,16호,4
11000,노유자시설,노유자복지시설,4
04000,제2종근린생활시설,관리실및,4
04000,제2종근린생활시설,기타창고시설,4
21000,동물및식물관련시설,주거용,4
03000,제1종근린생활시설,자동차영업소,4
17000,공장,방적업,4
09000,의료시설,금융업소,4
02000,공동주택,90,4
01000,단독주택,가축용창고,4
01000,단독주택,주산학원,4
26000,묘지관련시설,정자각,4
03000,제1종근린생활시설,소방청사,4
07000,판매시설,숙박,4
04000,제2종근린생활시설,동물보호센터,4
,,농업용주택,4
17000,공장,01,4
01000,단독주택,양봉사,4
19000,위험물저장및처리시설,위험물취급,4
04000,제2종근린생활시설,주택및식당,4
02000,공동주택,농가주택,4
02000,공동주택,다세대및근린생활시설,4
10000,교육연구시설,공학관,4
01000,단독주택,보이라실및창고,4
03000,제1종근린생활시설,철물점,4
04000,제2종근린생활시설,즉석판매제조업,4
04000,제2종근린생활시설,석재공장,4
04000,제2종근린생활시설,사무소및창고,4
17000,공장,유량계실,4
01000,단독주택,한우,4
21000,동물및식물관련시설,지붕위태양광,4
18000,창고시설,건초장,4
08000,운수시설,영업,4
01000,단독주택,별동,4
18000,창고시설,과실저온저장고,4
01000,단독주택,창고및농가주택,4
14000,업무시설,주차시설,4
04000,제2종근린생활시설,기타건축용목제품제조업,4
02000,공동주택,가스용기보관소,4
20000,자동차관련시설,욕실,4
16000,위락시설,옥탑,4
05000,문화및집회시설,수복방,4
21000,동물및식물관련시설,곡물건조실,4
17000,공장,달리분류되지않은,4
31000,야영장시설,관리사,4
15000,숙박시설,주차타워,4
02000,공동주택,선큰,4
06000,종교시설,선실,4
02000,공동주택,집단주택,4
18000,창고시설,부산물처리장,4
Z5000,문화및집회시설,종실,4
02000,공동주택,코오롱아파트,4
02000,공동주택,화장실시설,4
23000,교정및군사시설,전차차고,4
05000,문화및집회시설,전시동d형,4
02000,공동주택,정문경비실,4
30000,자원순환관련시설,오폐수처리시설,4
02000,공동주택,근린및다세대주택,4
02000,공동주택,쉐어하우스,4
03000,제1종근린생활시설,화채간,4
03000,제1종근린생활시설,근린공공시설및주택,4
19000,위험물저장및처리시설,자동차연료공급시설,4
17000,공장,일반공장및부대시설,4
17000,공장,국수공장,4
10000,교육연구시설,차양시설,4
01000,단독주택,2종근린생활시설외1,4
09000,의료시설,건강관리실,4
16000,위락시설,차양막,4
21000,동물및식물관련시설,버섯및식물재배사,4
27000,관광휴게시설,휴계소,4
Z6000,판매및영업시설,농산물도매시장,4
01000,단독주택,근린시설및단독주택,4
18000,창고시설,농가주택및농업용창고,4
18000,창고시설,냉동저장창고,4
07000,판매시설,톨게이트,4
01000,단독주택,다가구주택12,4
07000,판매시설,시설,4
17000,공장,골재저장실,4
02000,공동주택,지하현관,4
21000,동물및식물관련시설,계란선별장,4
06000,종교시설,대법당,4
02000,공동주택,어린이,4
07000,판매시설,여객자동차터미널,4
02000,공동주택,판매장,4
13000,운동시설,전시시설,4
03000,제1종근린생활시설,가구,4
02000,공동주택,외4,4
18000,창고시설,식품공장,4
17000,공장,철물,4
13000,운동시설,다목적실,4
04000,제2종근린생활시설,청소년,4
21000,동물및식물관련시설,대문,4
02000,공동주택,키즈놀이방,4
19000,위험물저장및처리시설,사무실및,4
21000,동물및식물관련시설,연초건조장,4
18000,창고시설,관리인숙소,4
30000,자원순환관련시설,외1,4
27000,관광휴게시설,사무소,4
15000,숙박시설,관광,4
02000,공동주택,오피스텔3호,4
15000,숙박시설,공중목욕탕,4
17000,공장,급식실,4
03000,제1종근린생활시설,일반음식점및소매점,4
18000,창고시설,기계,4
05000,문화및집회시설,작업실,4
20000,자동차관련시설,등,4
02000,공동주택,지하주차장등,4
17000,공장,금속가구제조,4
01000,단독주택,전자오락실,4
14000,업무시설,휴게시설,4
17000,공장,유류저장창고,4
03000,제1종근린생활시설,관리인실,4
01000,단독주택,제1종근린생활시,4
03000,제1종근린생활시설,활어판매장,4
22000,분뇨.쓰레기처리시설,급수동,4
03000,제1종근린생활시설,마을복지관,4
01000,단독주택,농어촌민박시설,4
21000,동물및식물관련시설,동식물관련시설축사,4
03000,제1종근린생활시설,경로정,4
02000,공동주택,재활용품분리창고,4
07000,판매시설,기타,4
07000,판매시설,폐기물보관소,4
18000,창고시설,건축자재보관창고,4
17000,공장,발효장,4
05000,문화및집회시설,야외공연장,4
04000,제2종근린생활시설,액화가스판매소,4
07000,판매시설,물품저장실,4
21000,동물및식물관련시설,착유우사,4
18000,창고시설,건초창고,4
17000,공장,가방제조업,4
01000,단독주택,옹기굴,4
02000,공동주택,어린이놀이방,4
03000,제1종근린생활시설,2차,4
04000,제2종근린생활시설,도매점,4
03000,제1종근린생활시설,가족탕,4
13000,운동시설,실내야구연습장,4
16000,위락시설,제2종근,4
17000,공장,석탄,4
07000,판매시설,동물및식물관련시설,4
02000,공동주택,용역자휴게실,4
02000,공동주택,음식점,4
04000,제2종근린생활시설,창고동,4
03000,제1종근린생활시설,농산물소매점,4
,,여인숙,4
03000,제1종근린생활시설,유류취급소,4
10000,교육연구시설,다목적강당및급식소,4
21000,동물및식물관련시설,사료보관실,4
03000,제1종근린생활시설,연결복도,4
01000,단독주택,노래연습실,4
02000,공동주택,x,4
09000,의료시설,생활편익시설,4
17000,공장,미곡종합처리시설,4
18000,창고시설,선별처리장,4
01000,단독주택,주택16가구,4
17000,공장,process,4
17000,공장,일반공장및기숙사,4
02000,공동주택,지하차고,4
03000,제1종근린생활시설,충전실,4
04000,제2종근린생활시설,부속저온창고,4
17000,공장,제약공장,4
18000,창고시설,건조사,4
06000,종교시설,공동주택,4
04000,제2종근린생활시설,10,4
18000,창고시설,농가시설,4
04000,제2종근린생활시설,미술관,4
02000,공동주택,주간보호센터,4
02000,공동주택,주택1세대,4
19000,위험물저장및처리시설,발전실,4
01000,단독주택,전시실,4
03000,제1종근린생활시설,중대본부사무실,4
14000,업무시설,6,4
06000,종교시설,공공용시설,4
04000,제2종근린생활시설,단독주택1가구용,4
21000,동물및식물관련시설,야냉육묘장,4
21000,동물및식물관련시설,양송이재배장,4
17000,공장,세탁업,4
03000,제1종근린생활시설,제1정근린생활시설,4
11000,노유자시설,청소년시설,4
03000,제1종근린생활시설,제2종근린생활시설및교육연구시설,4
03000,제1종근린생활시설,여성회관,4
03000,제1종근린생활시설,농축산물판매장,4
18000,창고시설,기타사무소,4
22000,분뇨.쓰레기처리시설,감량화시설,4
02000,공동주택,복지회관,4
30000,자원순환관련시설,오수중계펌프장,4
18000,창고시설,유기질비료,4
02000,공동주택,쓰레기보관창고,4
18000,창고시설,칭고,4
16000,위락시설,기계실,4
27000,관광휴게시설,축사,4
05000,문화및집회시설,민속관,4
21000,동물및식물관련시설,육묘,4
01000,단독주택,주거환경,4
,,저장탱크,4
17000,공장,사무실및수위실,4
29000,장례시설,휴게음식점,4
21000,동물및식물관련시설,톱밥발효우사및,4
04000,제2종근린생활시설,인쇄공장,4
18000,창고시설,제품,4
01000,단독주택,노유자,4
03000,제1종근린생활시설,소매점외,4
Z3000,근린생활시설,위험물,4
17000,공장,상,4
18000,창고시설,수산물보관,4
20000,자동차관련시설,전시장,4
17000,공장,발전기,4
04000,제2종근린생활시설,생산시설,4
14000,업무시설,일반공장,4
01000,단독주택,계단탑,4
02000,공동주택,57,4
03000,제1종근린생활시설,근생주택,4
03000,제1종근린생활시설,리회관,4
02000,공동주택,가압장,4
17000,공장,견직물제조업,4
02000,공동주택,재활용품창고2,4
18000,창고시설,정주권주택,4
04000,제2종근린생활시설,상가홀,4
04000,제2종근린생활시설,주거점거실,4
21000,동물및식물관련시설,산림관리사,4
01000,단독주택,평가건본가,4
01000,단독주택,단독주택외3,4
21000,동물및식물관련시설,동물및식물관련시설및창고시설,4
17000,공장,도료공장,4
01000,단독주택,단독주택9가구,4
01000,단독주택,가정주택,4
01000,단독주택,주택14가구,4
21000,동물및식물관련시설,양돈사,4
01000,단독주택,다용도실및변소,4
18000,창고시설,창고용시설,4
18000,창고시설,복숭아,4
17000,공장,벨트컨베이어,4
24000,방송통신시설,전기차충전기차양,4
06000,종교시설,종,4
02000,공동주택,아파트96세대,4
19000,위험물저장및처리시설,옥내위험물저장소,4
10000,교육연구시설,분뇨처리장,4
17000,공장,시멘트출하시설,4
17000,공장,공용화장실,4
17000,공장,소금공장,4
17000,공장,재료보관창고,4
17000,공장,의장공장,4
Z3000,근린생활시설,근생및주택,4
24000,방송통신시설,원격교환장치기계실,4
05000,문화및집회시설,교육연구및복지시설문화및집회시설,4
05000,문화및집회시설,서울대공원시설,4
17000,공장,채소절임식품제조업,4
17000,공장,공장사무소,4
02000,공동주택,도시가스,4
17000,공장,건조기,4
17000,공장,상자,4
03000,제1종근린생활시설,취수탑,4
01000,단독주택,제종근린생활시설,4
17000,공장,부속공장,4
17000,공장,감시정,4
12000,수련시설,생활권,4
18000,창고시설,송풍기실,4
18000,창고시설,건어물보관창고,4
21000,동물및식물관련시설,원예용퇴비사,4
21000,동물및식물관련시설,말사육장,4
14000,업무시설,근린생활시설외,4
18000,창고시설,해수탱크,4
02000,공동주택,cube,4
02000,공동주택,수처리실,4
23000,교정및군사시설,숙영시설,4
03000,제1종근린생활시설,관측소,4
04000,제2종근린생활시설,문화재,4
06000,종교시설,정려,4
04000,제2종근린생활시설,사무실용,4
17000,공장,조립동,4
17000,공장,침구및관련제품,4
30000,자원순환관련시설,페기물처분시설,4
02000,공동주택,안내실,4
30000,자원순환관련시설,물탱크실,4
18000,창고시설,중학교,4
11000,노유자시설,마을공동시설,4
03000,제1종근린생활시설,수전배수펌프장,4
22000,분뇨.쓰레기처리시설,분노,4
15000,숙박시설,통신실,4
21000,동물및식물관련시설,식품관련시설,4
21000,동물및식물관련시설,폐수처리시설,4
15000,숙박시설,근린생활시설외,4
17000,공장,주택및사무실,4
04000,제2종근린생활시설,경찰관파출소,4
17000,공장,금속장치물,4
Z3000,근린생활시설,지하실,4
20000,자동차관련시설,식물관련시설,4
04000,제2종근린생활시설,전자부품조립,4
17000,공장,석고저장고,4
03000,제1종근린생활시설,초침계단실,4
02000,공동주택,소형,4
20000,자동차관련시설,대피소및중간기계실,4
13000,운동시설,학원,4
30000,자원순환관련시설,오수처리장,4
10000,교육연구시설,교육연구시설및기숙사,4
09000,의료시설,동물관련시설,4
02000,공동주택,버스승강장,4
03000,제1종근린생활시설,원사,4
04000,제2종근린생활시설,상여보관소,4
04000,제2종근린생활시설,새마을공장,4
Z3000,근린생활시설,사찰,4
25000,발전시설,망루,4
21000,동물및식물관련시설,버섯재배사및관리사,4
21000,동물및식물관련시설,포도원두막,4
01000,단독주택,농업용저온창고,4
21000,동물및식물관련시설,동식물관련시시설,4
21000,동물및식물관련시설,가축사육시설,4
01000,단독주택,근린생활시설및주택5가구,4
18000,창고시설,농산물보관창고시설,4
01000,단독주택,다가구용단독주택외1,4
18000,창고시설,저온저장창고및작업장,4
17000,공장,목공장,4
17000,공장,기화기실,4
22000,분뇨.쓰레기처리시설,폐기물처분시설,4
14000,업무시설,작업실,4
02000,공동주택,50세대,4
01000,단독주택,단독조택,4
18000,창고시설,이동식화장실,4
18000,창고시설,농산물창고시설,4
17000,공장,건조로,4
Z6000,판매및영업시설,판매장,4
19000,위험물저장및처리시설,소,4
17000,공장,콤프레셔,4
14000,업무시설,열교환실,4
07000,판매시설,수산물판매장,4
03000,제1종근린생활시설,식품제조,4
15000,숙박시설,8실,4
18000,창고시설,농협,4
17000,공장,지,4
03000,제1종근린생활시설,전자유기장,4
04000,제2종근린생활시설,인터넷컴퓨터게임제공업소,4
04000,제2종근린생활시설,공동작업장,4
10000,교육연구시설,부설주차장,4
01000,단독주택,주거시설군,4
27000,관광휴게시설,주방,4
04000,제2종근린생활시설,야적장,4
04000,제2종근린생활시설,소매점및일반음식점,4
02000,공동주택,91세대,4
11000,노유자시설,영유아시설,4
04000,제2종근린생활시설,떡,4
06000,종교시설,숙사,4
10000,교육연구시설,물치,4
01000,단독주택,공동주방,4
04000,제2종근린생활시설,수퍼마켓,4
26000,묘지관련시설,매점,4
02000,공동주택,84세대,4
18000,창고시설,제빙공장,4
03000,제1종근린생활시설,문방구,4
04000,제2종근린생활시설,교화원,4
04000,제2종근린생활시설,목재가구,4
,,배수장,4
07000,판매시설,농수산물공판장,4
04000,제2종근린생활시설,한정식,4
17000,공장,쓰레기보관창고,4
03000,제1종근린생활시설,어선신고소,4
13000,운동시설,기사식당,4
01000,단독주택,24호,4
03000,제1종근린생활시설,빨래방,4
03000,제1종근린생활시설,옥내변전소,4
03000,제1종근린생활시설,건조저장고,4
03000,제1종근린생활시설,목욕탕및여관,4
07000,판매시설,위험물저장및처리시설,4
02000,공동주택,전기실2,4
17000,공장,루브오일셀타,4
04000,제2종근린생활시설,종,4
01000,단독주택,정주권개발사업,4
27000,관광휴게시설,흡연부스,4
04000,제2종근린생활시설,상업용,4
02000,공동주택,다세대6세대,4
18000,창고시설,발아실,4
02000,공동주택,주민커뮤니티,4
30000,자원순환관련시설,처리장,4
04000,제2종근린생활시설,외5,4
10000,교육연구시설,실습,4
04000,제2종근린생활시설,농산물가공처리장,4
03000,제1종근린생활시설,주산학원,4
17000,공장,종업원식당,4
13000,운동시설,마방,4
01000,단독주택,단독주택2세대,4
11000,노유자시설,생활시설,4
33000,"국방,군사시설",차양대,4
09000,의료시설,학원,4
02000,공동주택,청소원,4
02000,공동주택,육아정보사랑방,4
01000,단독주택,의한,4
14000,업무시설,농협사무실,4
02000,공동주택,hall,4
16000,위락시설,2종근생,4
01000,단독주택,주택및홀,4
01000,단독주택,다용도실및창고,4
09000,의료시설,공동주택,4
18000,창고시설,욕탕,4
10000,교육연구시설,병원,4
07000,판매시설,의료,4
01000,단독주택,연구실,4
16000,위락시설,일반유흥,4
02000,공동주택,노래방,4
26000,묘지관련시설,경비실,4
13000,운동시설,물탱크,4
14000,업무시설,40호,4
23000,교정및군사시설,b,4
14000,업무시설,다중생활시설,4
21000,동물및식물관련시설,착유대기실,4
02000,공동주택,62세대,4
01000,단독주택,출입문,4
01000,단독주택,노인회관,4
03000,제1종근린생활시설,취수정,4
14000,업무시설,휘트니스센터,4
15000,숙박시설,b,4
13000,운동시설,풀장,4
03000,제1종근린생활시설,목용탕,4
05000,문화및집회시설,야외무대,4
17000,공장,정비작업장,4
17000,공장,본관사무실,4
16000,위락시설,2근린생활시설,4
04000,제2종근린생활시설,사무실및작업장,4
18000,창고시설,농협양곡창고,4
17000,공장,수산물처리장,4
Z5000,문화및집회시설,요사,4
04000,제2종근린생활시설,7호,4
17000,공장,석고치장,4
21000,동물및식물관련시설,위험물저장및처리시설,4
03000,제1종근린생활시설,어민대기소,4
03000,제1종근린생활시설,점포영업,4
01000,단독주택,다가구15세대,4
Z3000,근린생활시설,욕실,4
10000,교육연구시설,기관실,4
17000,공장,골재적재장,4
31000,야영장시설,비가림시설,4
17000,공장,농업용창고,4
15000,숙박시설,비가림시설,4
08000,운수시설,골프장,4
17000,공장,농기구수리점,4
19000,위험물저장및처리시설,위험물판매,4
Z3000,근린생활시설,식품위생시설,4
18000,창고시설,정비공장,4
04000,제2종근린생활시설,수조,4
18000,창고시설,식품제조업소,4
11000,노유자시설,교육원,4
21000,동물및식물관련시설,0m2,4
15000,숙박시설,eps,4
20000,자동차관련시설,자동차부품창고,4
14000,업무시설,28세대,4
17000,공장,유류저장실,4
04000,제2종근린생활시설,구조용,4
25000,발전시설,석탄취급설비타워,4
05000,문화및집회시설,축사,4
03101,동사무소,동사무소,4
12000,수련시설,자연학습원,4
02000,공동주택,분리,4
10000,교육연구시설,봉화중고등학교,4
26000,묘지관련시설,묘지관리사,4
04000,제2종근린생활시설,제1종근린생활시설외2용도,4
04000,제2종근린생활시설,대중전문음식점,4
04000,제2종근린생활시설,제품보관창고,4
04000,제2종근린생활시설,상여집,4
03000,제1종근린생활시설,간이상수도기계실,4
17000,공장,증기생산,4
30000,자원순환관련시설,마을하수처리장,4
02000,공동주택,재활용수거시설,4
04999,기타제2종근린생활시설,제1,4
17000,공장,분석기기실,4
05000,문화및집회시설,제사,4
27000,관광휴게시설,주차요금정산소,4
27000,관광휴게시설,육각정,4
11000,노유자시설,냉동저장고,4
21100,축사,축사,4
21000,동물및식물관련시설,버섯재배및종묘배양,4
18000,창고시설,농가용시설,4
01000,단독주택,농가주택및우사,4
18000,창고시설,창고및소매점,4
01000,단독주택,음식점및주택,4
21000,동물및식물관련시설,고양이사육시설,4
10000,교육연구시설,교사1동,4
18000,창고시설,창고시,4
17000,공장,공동화장실,4
20000,자동차관련시설,경매장,4
05000,문화및집회시설,홍보관,4
11000,노유자시설,다가구,4
02000,공동주택,푸른도서관,4
Z3000,근린생활시설,전시시설,4
17000,공장,36102,4
17000,공장,시,4
02000,공동주택,폄프실,4
04000,제2종근린생활시설,준비실,4
27000,관광휴게시설,농산물판매장,4
04000,제2종근린생활시설,현관,4
06000,종교시설,지하주차장,4
17000,공장,도시락제조공장,4
21000,동물및식물관련시설,동물관련시설외,4
27000,관광휴게시설,직원숙소,4
Z3000,근린생활시설,집하장,4
19000,위험물저장및처리시설,경비동,4
01000,단독주택,가스저장고,4
13000,운동시설,제2종,4
02000,공동주택,4개동,4
02000,공동주택,문서고,4
04000,제2종근린생활시설,실습장,4
04000,제2종근린생활시설,시무실,4
10000,교육연구시설,변전소,4
17000,공장,금형,4
01000,단독주택,제재소,4
03000,제1종근린생활시설,노유자지설,4
02000,공동주택,창업지원시설,4
17000,공장,커피가공업,4
17000,공장,샤워실및화장실,4
17000,공장,계근장,4
11000,노유자시설,사회복지,4
30000,자원순환관련시설,폐기물보관창고,4
04000,제2종근린생활시설,교육연구시설및,4
17000,공장,1건,4
18000,창고시설,보관실,4
01000,단독주택,직원관사,4
01000,단독주택,주책,4
18000,창고시설,농수산물보관시설,4
01000,단독주택,다가구주택및점포,4
06000,종교시설,대문채,4
21000,동물및식물관련시설,농수산물,4
04000,제2종근린생활시설,사찰숙소,4
04000,제2종근린생활시설,목재제조장,4
11000,노유자시설,외1용도,4
13000,운동시설,생활체육관,4
02000,공동주택,전기실1,4
17000,공장,lpg출하장,4
02000,공동주택,외부계단1,4
03000,제1종근린생활시설,방송시설,4
03000,제1종근린생활시설,및2종근린생활시설,4
01000,단독주택,댜가구주택,4
19000,위험물저장및처리시설,control,4
Z5000,문화및집회시설,불당,4
03000,제1종근린생활시설,배전실,4
14000,업무시설,관광호텔,4
14000,업무시설,구내식당,4
18000,창고시설,대기소,4
02000,공동주택,lpg저장고,4
21000,동물및식물관련시설,농기구창고,4
18000,창고시설,건조시설,4
10000,교육연구시설,동,4
17000,공장,환경오염방지시설,4
17000,공장,폐수장,4
02000,공동주택,다목적체육실,4
04000,제2종근린생활시설,저장창고,4
17000,공장,콤프렛샤실,4
02000,공동주택,택지4,4
02000,공동주택,및제2종근생,4
03000,제1종근린생활시설,우체국관사,4
09000,의료시설,장례시설,4
04000,제2종근린생활시설,잡옥,4
01000,단독주택,연초,4
23000,교정및군사시설,법당,4
07000,판매시설,열교환실,4
17000,공장,분석기실as,4
10000,교육연구시설,숙소동,4
14000,업무시설,차고지,4
04000,제2종근린생활시설,예체능강습소,4
03000,제1종근린생활시설,테니스장,4
05000,문화및집회시설,도서관,4
15000,숙박시설,제2종근린생활,4
14000,업무시설,대형장비보관소,4
,,b,4
04000,제2종근린생활시설,건축물,4
04000,제2종근린생활시설,근림생활시설,4
21000,동물및식물관련시설,부속축사,4
17000,공장,대피호,4
04000,제2종근린생활시설,자동차부속상,4
11000,노유자시설,교실,4
14000,업무시설,제2근린생활시설,4
18000,창고시설,및단독주택,4
01000,단독주택,나뭇간,4
18000,창고시설,현장사무실,4
,,제조장,4
Z5000,문화및집회시설,농가주택,4
02000,공동주택,정문,4
04000,제2종근린생활시설,저장시설,4
15000,숙박시설,외4,4
20000,자동차관련시설,자동차운수사업법에의한차고,4
03000,제1종근린생활시설,수족관,4
04000,제2종근린생활시설,위험물저장창고,4
01000,단독주택,근린생활시설및다가구주택6가구,4
18000,창고시설,관리사창고,4
01000,단독주택,일부말소,4
21000,동물및식물관련시설,해태종묘장,4
18000,창고시설,벼건조창고,4
06000,종교시설,교회및단독주택,4
17000,공장,중앙통제실,4
04000,제2종근린생활시설,선광장,4
04000,제2종근린생활시설,일반음식정,4
06000,종교시설,적묵당,4
20000,자동차관련시설,정비시설,4
03000,제1종근린생활시설,지진계실,4
01000,단독주택,감건조대,4
21000,동물및식물관련시설,1건,4
19000,위험물저장및처리시설,수소연료공급시설,4
02000,공동주택,미화원휴게소,4
03000,제1종근린생활시설,제1종근생외,4
09000,의료시설,연구실,4
17000,공장,주형및,4
10000,교육연구시설,유치원및,4
17000,공장,제품전시실,4
01000,단독주택,자원순환관련시설,4
17000,공장,eg,4
07000,판매시설,종합상가,4
02000,공동주택,2호연립,4
01000,단독주택,근생시설및주택,4
02000,공동주택,작은문고,4
01000,단독주택,근린생활시,4
01000,단독주택,96농촌,4
02000,공동주택,휘트니스시설,4
27000,관광휴게시설,분리수거장,4
02000,공동주택,택지3,4
02000,공동주택,볼링장,4
07000,판매시설,근,4
04000,제2종근린생활시설,제분공장,4
27000,관광휴게시설,관광전망대,4
18000,창고시설,정부양곡도정공장,4
18000,창고시설,사무실및관리사,4
20000,자동차관련시설,초소,4
11000,노유자시설,건조대,4
21000,동물및식물관련시설,탱크실,4
01000,단독주택,제1종근린생활시설외2용도,4
18000,창고시설,제2종근린생활시설및창고,4
21000,동물및식물관련시설,농산물가공시설,4
01000,단독주택,근린생활시설및주택7가구,4
04000,제2종근린생활시설,한식당,4
04000,제2종근린생활시설,제2종근린생활시설외4,4
04000,제2종근린생활시설,제2종근린생활서설,4
19000,위험물저장및처리시설,위험물처장,4
10000,교육연구시설,약초건조원,4
17000,공장,브랜딩,4
22000,분뇨.쓰레기처리시설,악취여과,4
01000,단독주택,및근,4
22000,분뇨.쓰레기처리시설,분뇨건조장,4
02000,공동주택,근린생활시설및판매시설,4
02000,공동주택,헬스센터,4
03000,제1종근린생활시설,회관및경로당,4
03000,제1종근린생활시설,간이승강장,4
14000,업무시설,복지회관,4
01000,단독주택,19세대다가구,4
21000,동물및식물관련시설,과수용퇴비사,4
17000,공장,기타목제가구제조업,4
06000,종교시설,용화전,4
19000,위험물저장및처리시설,유틸리티실,4
01000,단독주택,썬룸,4
04000,제2종근린생활시설,처리,4
10000,교육연구시설,관광휴게시설,4
01000,단독주택,마루,4
06000,종교시설,영업,4
11000,노유자시설,생활관,4
17000,공장,식품제조가공공장,4
17000,공장,목재,4
04000,제2종근린생활시설,기타창고,4
17000,공장,방재센터,4
02000,공동주택,제2종린생활시설,4
11000,노유자시설,1종,4
17000,공장,수배전,4
22000,분뇨.쓰레기처리시설,중계펌프장,4
01000,단독주택,저장처리시설,4
21000,동물및식물관련시설,관리,4
01000,단독주택,시멘트블럭조,4
17000,공장,가마실,4
01000,단독주택,효자문,4
04000,제2종근린생활시설,누각,4
02000,공동주택,64세대,4
30000,자원순환관련시설,자원순환관려시설,4
03000,제1종근린생활시설,미술관,4
21000,동물및식물관련시설,염소사육시설,4
11000,노유자시설,위락시설,4
02000,공동주택,음악연주실,4
04000,제2종근린생활시설,레미콘,4
11000,노유자시설,노인전문요양시설,4
18000,창고시설,정비소,4
07000,판매시설,주차관리실,4
17000,공장,가공시설,4
01000,단독주택,닥독주택,4
02000,공동주택,다목적룸,4
01000,단독주택,본건물,4
18000,창고시설,창고시시설,4
18000,창고시설,기자재창고,4
21000,동물및식물관련시설,배수지관리사,4
18000,창고시설,자가창고,4
02000,공동주택,근생및다세대,4
04000,제2종근린생활시설,정화조기계실,4
11000,노유자시설,운동실,4
04000,제2종근린생활시설,부속건축물,4
17000,공장,고객대기실,4
22000,분뇨.쓰레기처리시설,스레기처리시설,4
11000,노유자시설,다목적실,4
Z8000,교육연구및복지시설,교육,4
03000,제1종근린생활시설,제1종근린셍활시설,4
02000,공동주택,노인정및관리실,4
06000,종교시설,종교시설및,4
23000,교정및군사시설,업무시설,4
18000,창고시설,배보관창고,4
18000,창고시설,농산물가공,4
02000,공동주택,열교환기,4
10000,교육연구시설,급식동,4
06000,종교시설,서당,4
04000,제2종근린생활시설,도자기공장,4
17000,공장,2607,4
10000,교육연구시설,음악관,4
04000,제2종근린생활시설,근린생활시설점포,4
17000,공장,필로티,4
,,근린생활,4
17000,공장,쇼트실,4
02000,공동주택,배전반실,4
21000,동물및식물관련시설,사이로,4
Z3000,근린생활시설,복지시설,4
03000,제1종근린생활시설,여과실,4
01000,단독주택,개선사업,4
04000,제2종근린생활시설,비료창고,4
01000,단독주택,식품제조업소,4
02000,공동주택,도시생활형주택,4
04000,제2종근린생활시설,제1종근리생활시설,4
17000,공장,셀타,4
02000,공동주택,주민쉼터,4
10000,교육연구시설,세차장,4
01000,단독주택,포치,4
03000,제1종근린생활시설,열교환기실,4
03000,제1종근린생활시설,및점포,4
04000,제2종근린생활시설,소방파출소,4
10000,교육연구시설,2종근린생활,4
05000,문화및집회시설,4,4
04000,제2종근린생활시설,종근생,4
02000,공동주택,및제1,4
02000,공동주택,침술원,4
21000,동물및식물관련시설,동물관련시설및,4
17000,공장,2가구,4
17000,공장,사무,4
07000,판매시설,방재센터,4
17000,공장,자재실,4
17000,공장,타워,4
21000,동물및식물관련시설,오리부화장,4
06000,종교시설,종중제각,4
14000,업무시설,기타공용,4
18000,창고시설,산지유통센터,4
17000,공장,근린생활시설및공장,4
21000,동물및식물관련시설,누에사육시설,4
04000,제2종근린생활시설,주택점포,4
04000,제2종근린생활시설,폐수처리장,4
01000,단독주택,다가구용단독주택2가구,4
04000,제2종근린생활시설,법당및요사체,4
04000,제2종근린생활시설,버섯재배사,4
11000,노유자시설,사찰,4
19000,위험물저장및처리시설,가스정압기실,4
04000,제2종근린생활시설,수산물가공처리장,4
17000,공장,하론실,4
18000,창고시설,자재보관,4
03000,제1종근린생활시설,양,4
17000,공장,2층견학통로,4
21000,동물및식물관련시설,식물및,4
17000,공장,공장및제2종근린생활시설,4
16000,위락시설,위락시설외2,4
08000,운수시설,분류장,4
01000,단독주택,농업용단독주택,4
01000,단독주택,용도변경,4
01000,단독주택,농업용부속창고,4
24000,방송통신시설,전기통신기계실,4
17000,공장,숙,4
03000,제1종근린생활시설,지하도,4
03000,제1종근린생활시설,점검구,4
17000,공장,제품드럼자재창고,4
17000,공장,포장재가공공장,4
02000,공동주택,게스트하우스2,4
02000,공동주택,33평형,4
02000,공동주택,맘스존2,4
02000,공동주택,연립주택12세대,4
14000,업무시설,근린생활시설및오피스텔,4
30000,자원순환관련시설,침출수펌프장,4
31000,야영장시설,화장실및샤워장,4
02000,공동주택,펌프실1,4
02000,공동주택,전기실및펌프실,4
02000,공동주택,수리점,4
03000,제1종근린생활시설,2종근생활시설,4
02000,공동주택,편의시설,4
11000,노유자시설,장애인재활센터,3
01000,단독주택,2종근생활시설,3
10000,교육연구시설,유스호스텔,3
22000,분뇨.쓰레기처리시설,브로와동,3
02000,공동주택,종합상가,3
10000,교육연구시설,테니스장,3
Z8000,교육연구및복지시설,점포,3
22000,분뇨.쓰레기처리시설,축산폐수,3
02000,공동주택,제1근린생활시설,3
02000,공동주택,단지형8세대,3
04000,제2종근린생활시설,경양식식당,3
17000,공장,24211,3
04000,제2종근린생활시설,5세대,3
01000,단독주택,피부미용실,3
18000,창고시설,복도,3
21000,동물및식물관련시설,농수산물보관,3
17000,공장,숙소및사무실,3
26000,묘지관련시설,관리동,3
21000,동물및식물관련시설,축분발효건조장,3
02000,공동주택,우수저류조관리실,3
30000,자원순환관련시설,압축시설,3
18000,창고시설,노인복지시설,3
21000,동물및식물관련시설,동물및식물관련시설축사,3
02000,공동주택,35세대,3
04000,제2종근린생활시설,과자점,3
21000,동물및식물관련시설,종오리사,3
01000,단독주택,다각구용,3
Z3000,근린생활시설,자동차,3
07000,판매시설,매장,3
04000,제2종근린생활시설,취급소,3
14000,업무시설,별관,3
04000,제2종근린생활시설,성인오락실,3
01000,단독주택,식물및동물관련시설,3
20000,자동차관련시설,자동차관련시설및제1,3
15000,숙박시설,숙박및위락시설,3
15000,숙박시설,가스저장소,3
01000,단독주택,주택및광,3
18000,창고시설,문간,3
01000,단독주택,일반음식점및다가구주택,3
21000,동물및식물관련시설,사육시설,3
21000,동물및식물관련시설,감귤선과장,3
01000,단독주택,간이휴게실,3
01000,단독주택,휴게데크,3
21000,동물및식물관련시설,야생조수사육장,3
18000,창고시설,골재치장,3
18000,창고시설,어업창고,3
21000,동물및식물관련시설,관리사및가축용창고,3
18000,창고시설,간이저온창고,3
27000,관광휴게시설,임시화장실,3
03000,제1종근린생활시설,근린셍활시설,3
05000,문화및집회시설,군민회관,3
01000,단독주택,23호,3
04000,제2종근린생활시설,봉제제조업,3
21000,동물및식물관련시설,볏짚,3
17000,공장,산세장,3
17000,공장,사무소동,3
02000,공동주택,휘트니트센터,3
02000,공동주택,옥외계단1,3
02000,공동주택,방문자숙소,3
02000,공동주택,건물식주차장,3
30000,자원순환관련시설,관광휴게시설,3
02000,공동주택,외부코어,3
19000,위험물저장및처리시설,세차기기계실,3
04000,제2종근린생활시설,농산물가공작업장,3
04000,제2종근린생활시설,게임제공업,3
04000,제2종근린생활시설,식품제조가공시설,3
04000,제2종근린생활시설,목공예작업장,3
06000,종교시설,출입문,3
15000,숙박시설,농원여관,3
23000,교정및군사시설,주유시설,3
05000,문화및집회시설,판매장,3
01000,단독주택,94농촌주거환경개선사업에,3
17000,공장,금속판,3
02000,공동주택,빗물기계실,3
08000,운수시설,숙소,3
18000,창고시설,농기계및,3
,,양수장,3
10000,교육연구시설,관리인숙소,3
17000,공장,원료야적장,3
17000,공장,밧차타워,3
17000,공장,관제실,3
14000,업무시설,6세대,3
02000,공동주택,후문,3
21000,동물및식물관련시설,약품실,3
14000,업무시설,종교집회장,3
10000,교육연구시설,b동,3
18000,창고시설,면사무소,3
17000,공장,콤프레실,3
04000,제2종근린생활시설,미,3
02000,공동주택,분리수거,3
14000,업무시설,21호,3
04000,제2종근린생활시설,용화전,3
15000,숙박시설,기타,3
09000,의료시설,상점,3
,,보관창고,3
14000,업무시설,홀,3
02000,공동주택,근린생황시설,3
03000,제1종근린생활시설,농협구판장,3
Z8000,교육연구및복지시설,도서실,3
03000,제1종근린생활시설,회의장,3
13000,운동시설,에어로빅장,3
03000,제1종근린생활시설,간이급수시설,3
04000,제2종근린생활시설,과자제조장,3
02000,공동주택,도심형생활주택,3
04000,제2종근린생활시설,판매소,3
03000,제1종근린생활시설,배수지검수구실,3
03000,제1종근린생활시설,다가구용단독주택2가구,3
13000,운동시설,씨름연습장,3
01000,단독주택,주택개량대상자,3
14000,업무시설,47호,3
17000,공장,연사,3
11000,노유자시설,교육관,3
20000,자동차관련시설,제2종근,3
17000,공장,chip처리장,3
20000,자동차관련시설,세차장기계실,3
14000,업무시설,예금취급소,3
05000,문화및집회시설,대기실,3
06000,종교시설,부대,3
02000,공동주택,재활치료실,3
18000,창고시설,변소및,3
02000,공동주택,단지형다세대4세대,3
17000,공장,금속,3
17000,공장,blowerl실,3
04000,제2종근린생활시설,제품제조장,3
04000,제2종근린생활시설,공소,3
01000,단독주택,가내공업,3
16000,위락시설,지하실,3
03000,제1종근린생활시설,방풍실,3
15000,숙박시설,집회장,3
01000,단독주택,주조장,3
25000,발전시설,3,3
17000,공장,집진기,3
21000,동물및식물관련시설,식믈관련시설,3
24000,방송통신시설,통신공사기계실,3
04202,성당,성당,3
30000,자원순환관련시설,저장조,3
02000,공동주택,버스대기공간,3
15000,숙박시설,기타숙박,3
17000,공장,적하장,3
Z6000,판매및영업시설,매표소,3
04000,제2종근린생활시설,회,3
17000,공장,버켓엘리베이터,3
01000,단독주택,빈주택,3
21000,동물및식물관련시설,에누에공동잠실,3
18000,창고시설,농어업생산시설,3
18000,창고시설,염장탱크,3
18000,창고시설,근린생활시설및창고시설,3
19000,위험물저장및처리시설,유,3
21000,동물및식물관련시설,농업용건조장,3
01000,단독주택,단독주택및공장시설,3
02000,공동주택,다세대주택외2,3
30000,자원순환관련시설,폐기물보관시설,3
02000,공동주택,재활용집회장,3
02000,공동주택,쓰레기분리시설,3
01000,단독주택,과일저장고,3
,,생약건조장,3
27000,관광휴게시설,공작실,3
18000,창고시설,농수산물산지유통시설,3
03000,제1종근린생활시설,h회관,3
Z5000,문화및집회시설,교,3
Z5000,문화및집회시설,설,3
01000,단독주택,불치장,3
21000,동물및식물관련시설,육상해조류,3
20000,자동차관련시설,자동차정비차고,3
17000,공장,ess실,3
03000,제1종근린생활시설,소매점및제조업소,3
03000,제1종근린생활시설,소방회관,3
03000,제1종근린생활시설,2종린생활시설,3
01000,단독주택,사원,3
01000,단독주택,단독주택용6가구,3
03000,제1종근린생활시설,근린생활시설및단독주택1가구용,3
03000,제1종근린생활시설,공공건물,3
03000,제1종근린생활시설,효자문,3
12000,수련시설,일반음식점,3
04000,제2종근린생활시설,19가구,3
04000,제2종근린생활시설,주문배송시설,3
24000,방송통신시설,무인,3
17000,공장,단독주택외1용도,3
15000,숙박시설,휴게소,3
27000,관광휴게시설,쉼터,3
17000,공장,제과공장,3
10000,교육연구시설,온수실,3
10000,교육연구시설,시설관리동,3
04000,제2종근린생활시설,농산물가공및처리시설,3
16000,위락시설,유희시설,3
04000,제2종근린생활시설,주택2가구,3
04000,제2종근린생활시설,근린생활설,3
15000,숙박시설,f,3
03000,제1종근린생활시설,근린생활시설2종,3
17000,공장,원재료창고,3
02000,공동주택,핑퐁클럽,3
11000,노유자시설,복지원,3
02000,공동주택,7동,3
17000,공장,유독물보관시설,3
17000,공장,건축용,3
04000,제2종근린생활시설,부동산중개소,3
04000,제2종근린생활시설,대피시설,3
04000,제2종근린생활시설,무료급식소,3
17000,공장,옥내,3
02000,공동주택,기타제2종근린생활시설,3
04000,제2종근린생활시설,선수대기실,3
06000,종교시설,법회관,3
21000,동물및식물관련시설,6,3
,,발효우사,3
21000,동물및식물관련시설,과원,3
09000,의료시설,소각장,3
10000,교육연구시설,가족형숙소,3
03000,제1종근린생활시설,경,3
03000,제1종근린생활시설,당,3
01000,단독주택,다가구용5가구,3
03000,제1종근린생활시설,산촌체험관,3
04000,제2종근린생활시설,두부제조실,3
04000,제2종근린생활시설,수의실,3
04000,제2종근린생활시설,사무실및휴게실,3
06000,종교시설,문화및집회관련시설,3
22000,분뇨.쓰레기처리시설,폐기물보관소,3
20000,자동차관련시설,제2종근린생활시설및자동차관련시설,3
14000,업무시설,전산센터,3
10000,교육연구시설,139실,3
03000,제1종근린생활시설,신기마을회관,3
03000,제1종근린생활시설,거점별안내소,3
03000,제1종근린생활시설,수위관측소기기실,3
11000,노유자시설,교육연구및복지시설외2,3
03000,제1종근린생활시설,변전소본관,3
03000,제1종근린생활시설,제1종근린생활시설외2건,3
03000,제1종근린생활시설,근린생활판매시설,3
03000,제1종근린생활시설,시설용지,3
03000,제1종근린생활시설,농민휴게실,3
10000,교육연구시설,통합학교,3
03000,제1종근린생활시설,행여집,3
13000,운동시설,비디오탑,3
17000,공장,골재적치창고,3
18000,창고시설,주택1가구,3
07000,판매시설,여관,3
01000,단독주택,부속창고및,3
01000,단독주택,지상2,3
01000,단독주택,겸용,3
17000,공장,02,3
14000,업무시설,주유대,3
03000,제1종근린생활시설,터널관리사무소,3
27000,관광휴게시설,공용화장실,3
01000,단독주택,대사관,3
21000,동물및식물관련시설,관리사및부속창고,3
03000,제1종근린생활시설,사무실및,3
17000,공장,김가공제조업,3
02000,공동주택,이동,3
13000,운동시설,근생,3
17000,공장,tms룸,3
12000,수련시설,외1,3
21000,동물및식물관련시설,저수조,3
23000,교정및군사시설,성당,3
14000,업무시설,공작실,3
01000,단독주택,개발사업,3
15000,숙박시설,의료시설,3
21000,동물및식물관련시설,동물관련실설,3
03000,제1종근린생활시설,享체,3
04000,제2종근린생활시설,마을공동시설,3
01000,단독주택,잡가,3
24000,방송통신시설,무인통신기지국,3
18000,창고시설,이,3
01000,단독주택,건조창고,3
18000,창고시설,교육원,3
04000,제2종근린생활시설,정비,3
04000,제2종근린생활시설,조정실,3
18000,창고시설,차양시설,3
02000,공동주택,주민사랑방,3
14000,업무시설,장례식장,3
14000,업무시설,소화약제실,3
14000,업무시설,업무용,3
01000,단독주택,욕실및,3
20000,자동차관련시설,주차전용,3
24000,방송통신시설,공공시설,3
24000,방송통신시설,방송중계소,3
18000,창고시설,구매점,3
20000,자동차관련시설,쓰레기처리시설,3
04000,제2종근린생활시설,사무실동,3
01000,단독주택,삼문,3
21000,동물및식물관련시설,농가주택외,3
02000,공동주택,원룸형연립주택,3
18000,창고시설,농가용주택및,3
18000,창고시설,축산용창고,3
01000,단독주택,단독주주택,3
18000,창고시설,어장창고,3
01000,단독주택,다가구주택및2종근생,3
18000,창고시설,농수산보관창고,3
18000,창고시설,과수원관리사,3
18000,창고시설,농기계간이수리소,3
18000,창고시설,다가구,3
02000,공동주택,청년,3
10000,교육연구시설,급식장,3
02000,공동주택,다세대14,3
09000,의료시설,노인요양병원,3
12000,수련시설,관리사무실,3
10000,교육연구시설,교과교실,3
11000,노유자시설,경,3
11000,노유자시설,당,3
10000,교육연구시설,외1용도,3
03000,제1종근린생활시설,주민복지관,3
02000,공동주택,관리실및공중변소,3
03000,제1종근린생활시설,제1종그린생활시설,3
17000,공장,제품출하대,3
17000,공장,암모니아저장소,3
03000,제1종근린생활시설,펌프동,3
02000,공동주택,단지형다세대13세대,3
03000,제1종근린생활시설,수조,3
17000,공장,국수제조,3
27000,관광휴게시설,오수정화조관리실,3
02000,공동주택,입주민창고,3
03000,제1종근린생활시설,종,3
20000,자동차관련시설,관리소,3
01000,단독주택,2종근린생화시설,3
24000,방송통신시설,v중계소,3
01000,단독주택,당독주택,3
03000,제1종근린생활시설,장의사,3
17000,공장,임가공공장,3
10000,교육연구시설,교양관,3
01000,단독주택,물품저장소,3
21000,동물및식물관련시설,우사관리사,3
02000,공동주택,전기감시실,3
02000,공동주택,용원실,3
04000,제2종근린생활시설,제1종ㆍ2종근린생활시설,3
01000,단독주택,공공업무시설,3
03000,제1종근린생활시설,미용업,3
14000,업무시설,도서관,3
19000,위험물저장및처리시설,분석기실,3
21000,동물및식물관련시설,숙소부속사,3
04000,제2종근린생활시설,가공소,3
27000,관광휴게시설,정자각,3
10000,교육연구시설,본부,3
07000,판매시설,주차시설,3
19000,위험물저장및처리시설,보관실,3
01000,단독주택,농어가시설,3
01000,단독주택,생활관,3
21000,동물및식물관련시설,침전조,3
14000,업무시설,숙박,3
03000,제1종근린생활시설,의식시설,3
15000,숙박시설,안내실,3
21000,동물및식물관련시설,고양이사육사,3
04000,제2종근린생활시설,철문및,3
04000,제2종근린생활시설,1종근생시설,3
01000,단독주택,분식점,3
02000,공동주택,제1종근생활시설,3
11000,노유자시설,입주자회의실,3
04000,제2종근린생활시설,식품위생,3
01000,단독주택,농산물저온저장창고,3
04000,제2종근린생활시설,린생활시설,3
04000,제2종근린생활시설,정려각,3
02000,공동주택,발,3
14000,업무시설,대중목욕탕,3
19000,위험물저장및처리시설,충전실,3
Z5000,문화및집회시설,박물관,3
11000,노유자시설,샤워실,3
22000,분뇨.쓰레기처리시설,폭기조,3
01000,단독주택,물부엌,3
18000,창고시설,방재실,3
21000,동물및식물관련시설,톱밥우사x2동,3
17000,공장,co2,3
01000,단독주택,다가구주택및1종근생시설,3
01000,단독주택,지원사업,3
13000,운동시설,노래연습장,3
21000,동물및식물관련시설,잠종보호실,3
01000,단독주택,97년,3
01000,단독주택,지붕,3
Z8000,교육연구및복지시설,차고,3
01000,단독주택,일반업무시설,3
21000,동물및식물관련시설,분재온실,3
02000,공동주택,77세대,3
10000,교육연구시설,연주실,3
01000,단독주택,해태건조장,3
01000,단독주택,94주택개량대상자,3
20000,자동차관련시설,물탱크실,3
22000,분뇨.쓰레기처리시설,환경미화원,3
01000,단독주택,및2종근린생활시설,3
01000,단독주택,기재신청,3
18000,창고시설,친환경벼발아실,3
18000,창고시설,하수처리장,3
01000,단독주택,근생시설및다가구주택,3
01000,단독주택,주택및노래연습장,3
18000,창고시설,화학창고,3
21000,동물및식물관련시설,가축사육,3
01000,단독주택,간이화장실,3
04000,제2종근린생활시설,수련원,3
17000,공장,흡연구역,3
17000,공장,지함제조업,3
10000,교육연구시설,교사2동,3
17000,공장,전통식품제조,3
19000,위험물저장및처리시설,보수처리시설,3
31000,야영장시설,일반야영장,3
11000,노유자시설,모,3
05000,문화및집회시설,종교관련시설,3
09000,의료시설,기타의료시설,3
28000,가설건축물,저온저장고,3
25000,발전시설,제2종근린생활시설,3
22000,분뇨.쓰레기처리시설,임산물처리장,3
17000,공장,특정폐기물보관장,3
17000,공장,동정공장,3
17000,공장,레미컨공장,3
17000,공장,조립금속제품제조업,3
17000,공장,감식초가공공장,3
17000,공장,공예공장,3
17000,공장,수도실,3
17000,공장,시멘트공장,3
02000,공동주택,지하주차장및대피소,3
02000,공동주택,재활용장,3
02000,공동주택,쓰레기수거장,3
02000,공동주택,다세대주택및2종근린생활시설,3
02000,공동주택,지하자차장,3
02000,공동주택,재활용수집소,3
02000,공동주택,부속및공유시설,3
17000,공장,공동구,3
13000,운동시설,오수처리장,3
23000,교정및군사시설,군인,3
04000,제2종근린생활시설,마을공동구판장,3
09000,의료시설,복지시설,3
27000,관광휴게시설,쓰레기소각장,3
17000,공장,hbo,3
20000,자동차관련시설,자동차정비실,3
01000,단독주택,3다가구,3
17000,공장,공장1,3
17000,공장,제빙냉동공장,3
17000,공장,사료제조공장,3
02000,공동주택,단지형자세대주택,3
18000,창고시설,과수저온,3
07000,판매시설,판매및근린생활시설,3
19000,위험물저장및처리시설,위험물저장미처리시설,3
31000,야영장시설,시설,3
19000,위험물저장및처리시설,주유기캐노피,3
19000,위험물저장및처리시설,유독물판매소,3
17000,공장,금형제조업,3
17000,공장,주공정동,3
03000,제1종근린생활시설,양수장관리실,3
18000,창고시설,탁구장,3
20000,자동차관련시설,주차장전용건물,3
03000,제1종근린생활시설,a,3
07000,판매시설,관리사,3
04000,제2종근린생활시설,목제건구제조업,3
21000,동물및식물관련시설,연구소,3
01000,단독주택,식품공장,3
13000,운동시설,락카룸,3
04000,제2종근린생활시설,물품저장고,3
17000,공장,오수펌프장,3
27000,관광휴게시설,사랑채,3
11000,노유자시설,숙소동,3
19000,위험물저장및처리시설,제유소,3
19000,위험물저장및처리시설,위럼물저장및처리시설,3
03000,제1종근린생활시설,영업용및주택,3
03000,제1종근린생활시설,부락회관,3
03000,제1종근린생활시설,농민휴게소,3
03000,제1종근린생활시설,비상급수시설양수장,3
03000,제1종근린생활시설,근린생활1종,3
03000,제1종근린생활시설,제1종근린생활시설및숙박시설,3
11000,노유자시설,부녀복지회관,3
03000,제1종근린생활시설,마을관정,3
11000,노유자시설,게이트볼장,3
03000,제1종근린생활시설,철도역사,3
03000,제1종근린생활시설,소매점외1,3
13000,운동시설,배수지전기실,3
04000,제2종근린생활시설,창고시설및단독주택,3
17000,공장,옵셋인쇄업,3
04000,제2종근린생활시설,노인여가복지시설,3
04000,제2종근린생활시설,농작업휴게실,3
17000,공장,사옥,3
20000,자동차관련시설,운전보안시설,3
20000,자동차관련시설,경비동,3
10000,교육연구시설,사당,3
01000,단독주택,버섯,3
18000,창고시설,옥탑,3
18000,창고시설,작업장및,3
04000,제2종근린생활시설,기타건축용,3
03000,제1종근린생활시설,위탁시설,3
04000,제2종근린생활시설,기타숙박시설,3
03000,제1종근린생활시설,해수욕장,3
14000,업무시설,공연장,3
04000,제2종근린생활시설,수리실,3
10000,교육연구시설,계측계량소,3
08000,운수시설,수위실,3
24000,방송통신시설,교육연구시설,3
21000,동물및식물관련시설,냉장창고,3
14000,업무시설,업부시설,3
,,농기계,3
13000,운동시설,역도장,3
18000,창고시설,농어민창고,3
01000,단독주택,단동주택,3
05000,문화및집회시설,관사,3
17000,공장,1공장,3
31000,야영장시설,여자화장실,3
01000,단독주택,개사육장,3
04000,제2종근린생활시설,제2종생활근린시설,3
02000,공동주택,142,3
17000,공장,용접작업장,3
02000,공동주택,p1,3
04000,제2종근린생활시설,제설창고,3
,,농가주택및,3
01000,단독주택,단독주택용,3
02000,공동주택,관리사무실등,3
04000,제2종근린생활시설,근린생활시시설,3
21000,동물및식물관련시설,육추장,3
01000,단독주택,사회복지시설,3
02000,공동주택,문고시설,3
10000,교육연구시설,동물및식물관련시설,3
04000,제2종근린생활시설,군사시설물,3
18000,창고시설,완제품창고,3
04000,제2종근린생활시설,침술원,3
03000,제1종근린생활시설,단독주택및창고,3
10000,교육연구시설,숙박동,3
18000,창고시설,배,3
19000,위험물저장및처리시설,작업실,3
04000,제2종근린생활시설,운동장,3
21000,동물및식물관련시설,축사추인조치건,3
18000,창고시설,가공공장,3
11000,노유자시설,노숙인요양원,3
04000,제2종근린생활시설,조선공장,3
04000,제2종근린생활시설,주차타워,3
04000,제2종근린생활시설,식품가공제조업소,3
02000,공동주택,쉘터,3
01000,단독주택,동물관리시설,3
04000,제2종근린생활시설,제2증근린생활시설,3
04000,제2종근린생활시설,근린활시설,3
04000,제2종근린생활시설,기타공연장,3
04000,제2종근린생활시설,콤푸레샤실,3
17000,공장,기게실,3
04000,제2종근린생활시설,주택및제2종근생,3
18000,창고시설,문화및,3
03000,제1종근린생활시설,수산물판매장,3
03000,제1종근린생활시설,농산물공판장,3
17000,공장,약품처리장,3
03000,제1종근린생활시설,농촌마을체험장,3
03000,제1종근린생활시설,사무실및근린생활시설,3
05000,문화및집회시설,동물,3
02000,공동주택,폴리,3
,,잎담배공동건조장,3
22000,분뇨.쓰레기처리시설,부대시설,3
Z3000,근린생활시설,아파트,3
10000,교육연구시설,연구원숙소,3
10000,교육연구시설,강당겸체육관,3
17000,공장,전기저장실,3
01000,단독주택,및대피실,3
04000,제2종근린생활시설,고시원및독서실,3
17000,공장,가스정압기실,3
18000,창고시설,예냉,3
14000,업무시설,주민카페,3
11000,노유자시설,영유야보육시설,3
01000,단독주택,단독주택용5가구,3
21000,동물및식물관련시설,인삼재배사,3
18000,창고시설,저온냉장창고,3
01000,단독주택,부속저온저장고,3
18000,창고시설,저온저장고및관리사,3
18000,창고시설,직업훈련원,3
01000,단독주택,95농촌주택,3
18000,창고시설,휴게시설,3
18000,창고시설,폐기물창고,3
04000,제2종근린생활시설,유통가공시설,3
18000,창고시설,생약건조장,3
17000,공장,펌프실동,3
21000,동물및식물관련시설,버섯재배시설,3
18000,창고시설,창고및일반음식점,3
17000,공장,소방펌프룸,3
17000,공장,사무복지동,3
17000,공장,폐자재보관창고,3
17000,공장,드럼보관장,3
17000,공장,콩나물공장,3
02000,공동주택,원룸형도시형주택,3
17000,공장,홉바,3
21000,동물및식물관련시설,과수원퇴비사,3
03001,소매점,제1,3
04000,제2종근린생활시설,음악당,3
17000,공장,정문수위실,3
17000,공장,콤퓨레셔실,3
17000,공장,유독물제조소,3
09000,의료시설,전기실,3
03000,제1종근린생활시설,창,3
17000,공장,공장및보일러실,3
06000,종교시설,영각,3
02000,공동주택,중앙방재실,3
18000,창고시설,소독실,3
01000,단독주택,75,3
04000,제2종근린생활시설,공작물,3
18000,창고시설,문서고,3
14000,업무시설,원룸형아파트,3
14000,업무시설,휴게공간,3
02000,공동주택,차량,3
21000,동물및식물관련시설,일반창고,3
22000,분뇨.쓰레기처리시설,약품투입실,3
10000,교육연구시설,a동,3
08000,운수시설,역청사,3
17000,공장,전기창고,3
17000,공장,엘리베이터,3
17000,공장,잎담배공동건조장,3
10000,교육연구시설,역도연습장,3
10000,교육연구시설,별관,3
17000,공장,제습실,3
19000,위험물저장및처리시설,부동산중개사무소,3
21000,동물및식물관련시설,코로미돈사,3
04000,제2종근린생활시설,보링장,3
03000,제1종근린생활시설,기념품센타,3
10000,교육연구시설,체험관,3
02000,공동주택,스카이카페,3
17000,공장,소모품창고,3
02000,공동주택,스크린골프,3
03000,제1종근린생활시설,관광호텔,3
04000,제2종근린생활시설,내장가구제조업,3
10000,교육연구시설,교육사무실,3
02000,공동주택,택지5,3
,,체육관,3
01000,단독주택,배수지,3
01000,단독주택,묘지관련시설,3
17000,공장,유독물보관장,3
18000,창고시설,후생복리시설,3
17000,공장,성형가공석재및,3
Z5000,문화및집회시설,예식장,3
14000,업무시설,방송시설,3
01000,단독주택,생시설및,3
JY,,2종근린생활시설,3
10000,교육연구시설,자연과학관,3
21000,동물및식물관련시설,정화처리시설,3
10000,교육연구시설,육종연구소,3
10000,교육연구시설,교실및,3
17000,공장,자동조정및제어장치제조업,3
15000,숙박시설,여관및목욕탕,3
04000,제2종근린생활시설,향토음식점,3
Z8000,교육연구및복지시설,노인복지회관,3
13000,운동시설,온실,3
17000,공장,rack,3
06000,종교시설,다목적홀,3
01000,단독주택,농촌주거환경개선사업융자대상,3
04000,제2종근린생활시설,관람,3
02000,공동주택,35,3
,,서당,3
01000,단독주택,성당,3
12000,수련시설,야외공연장,3
08000,운수시설,철도선로반처소,3
12000,수련시설,별장,3
17000,공장,유선통신장비제조업,3
27000,관광휴게시설,관광휴게시실,3
04000,제2종근린생활시설,영업및판매시설,3
04000,제2종근린생활시설,작업장및주택,3
04000,제2종근린생활시설,근린생활시설및단독주택1가구,3
04000,제2종근린생활시설,사무실및화장실,3
06000,종교시설,문화및종교집회시설,3
04000,제2종근린생활시설,판매및근린생활시설,3
04000,제2종근린생활시설,탁주제조및판매장,3
21000,동물및식물관련시설,돈사외,3
03000,제1종근린생활시설,공동주택외2,3
03000,제1종근린생활시설,상업소,3
03000,제1종근린생활시설,파출소사무실,3
03000,제1종근린생활시설,떡방아실,3
03000,제1종근린생활시설,근생및창고,3
03000,제1종근린생활시설,자동전화기계보존실,3
03000,제1종근린생활시설,제2종근린생활시설외1건,3
03000,제1종근린생활시설,제1종근링생활시설,3
03000,제1종근린생활시설,근린생활시설및주택및노유자시설,3
22000,분뇨.쓰레기처리시설,마을하수처리시설,3
22000,분뇨.쓰레기처리시설,분뇨처리,3
18000,창고시설,축산업,3
20000,자동차관련시설,자동차관련설,3
25000,발전시설,주차장,3
27000,관광휴게시설,숲속의휴양관,3
27000,관광휴게시설,공원편의시설,3
01000,단독주택,공용주택,3
18000,창고시설,농가창고및관리사,3
21000,동물및식물관련시설,축사및창고시설,3
01000,단독주택,부속침실,3
01000,단독주택,주택및건조장,3
18000,창고시설,농업용주택및창고,3
18000,창고시설,농산물가공창고,3
18000,창고시설,창고방,3
18000,창고시설,감귤선과작업장,3
21000,동물및식물관련시설,우사관리실,3
21000,동물및식물관련시설,동물및식물관련시설및단독주택,3
03105,우체국,우체국,3
02000,공동주택,제1종근린생활시설외1,3
02000,공동주택,작은도서관2,3
02000,공동주택,주출입구경비실,3
17000,공장,미역건조공장,3
17000,공장,해태가공처리공장,3
17000,공장,지상연소시험장,3
17000,공장,공업시설,3
Z5000,문화및집회시설,경마장,3
15000,숙박시설,다목적실,3
02000,공동주택,원룸형5세대,3
18000,창고시설,폐기물재활용시설,3
14000,업무시설,북카페,3
19000,위험물저장및처리시설,관리시설,3
01000,단독주택,농산창고,3
30000,자원순환관련시설,공장자원순환관련시설,3
02000,공동주택,도서문고,3
22000,분뇨.쓰레기처리시설,관리인숙소,3
17000,공장,오일저장실,3
02000,공동주택,우수중간관리층,3
02000,공동주택,관리시무소,3
21000,동물및식물관련시설,목부사,3
17000,공장,배관반대기실,3
06000,종교시설,3가구,3
02000,공동주택,병원,3
14000,업무시설,88호,3
17000,공장,임원실,3
02000,공동주택,공동저탄장,3
02000,공동주택,문화집회시설,3
03000,제1종근린생활시설,체육실,3
23000,교정및군사시설,폐기물보관창고,3
14000,업무시설,지하실,3
19000,위험물저장및처리시설,위험물저장취급소,3
Z3000,근린생활시설,보건진료소,3
21000,동물및식물관련시설,사료실,3
17000,공장,고시원,3
03000,제1종근린생활시설,농기구수리점,3
03000,제1종근린생활시설,교육및복지시설,3
13000,운동시설,종교시설,3
18000,창고시설,농산물시설,3
Z3000,근린생활시설,주1,3
10000,교육연구시설,세탁실,3
13000,운동시설,처리시설,3
03000,제1종근린생활시설,지,3
30000,자원순환관련시설,폐기물처리,3
02000,공동주택,주차장및,3
05000,문화및집회시설,목제건조장,3
21000,동물및식물관련시설,토끼사,3
21000,동물및식물관련시설,사슴사육시설,3
01000,단독주택,삼포,3
06000,종교시설,종교부속시설,3
17000,공장,부대시설창고,3
22000,분뇨.쓰레기처리시설,was,3
22000,분뇨.쓰레기처리시설,소각로공장,3
03000,제1종근린생활시설,다목적강당,3
14000,업무시설,커뮤니티,3
01000,단독주택,예배실,3
07000,판매시설,유기장,3
04000,제2종근린생활시설,주차,3
22000,분뇨.쓰레기처리시설,공공업무시설,3
02000,공동주택,아동,3
17000,공장,축산물가공공장,3
07000,판매시설,단란주점,3
03000,제1종근린생활시설,서예학원,3
03000,제1종근린생활시설,2종근생및,3
21000,동물및식물관련시설,굼벵이사육,3
01000,단독주택,다가구2주택,3
04000,제2종근린생활시설,제1종근린생화시설,3
17000,공장,일반공업,3
,,공장시설,3
17000,공장,검차대,3
07000,판매시설,판매및영업시설외,3
02000,공동주택,우수저수조관리층,3
17000,공장,소화실,3
03000,제1종근린생활시설,시설및,3
04000,제2종근린생활시설,활시설,3
20000,자동차관련시설,폐차사업장,3
02000,공동주택,갤러리,3
21000,동물및식물관련시설,보관실,3
15000,숙박시설,옥내주차장,3
02000,공동주택,아우룸,3
12000,수련시설,관리사,3
17000,공장,로비,3
17000,공장,촉매실,3
18000,창고시설,철강물류창고,3
18000,창고시설,소각로,3
02000,공동주택,교육시설,3
02000,공동주택,근생활시설,3
05000,문화및집회시설,생,3
04000,제2종근린생활시설,제1종근린생활시설및다가구주택,3
21000,동물및식물관련시설,동시물관련시설,3
21000,동물및식물관련시설,감귤창고,3
18000,창고시설,작목반,3
20000,자동차관련시설,전기,3
08000,운수시설,대피소,3
10000,교육연구시설,지식산업센터,3
01000,단독주택,다가구가구,3
03000,제1종근린생활시설,공중,3
05000,문화및집회시설,사제관,3
03000,제1종근린생활시설,집배실,3
02000,공동주택,주민동아리실,3
21000,동물및식물관련시설,제2종,3
02000,공동주택,다세대및소매점,3
03000,제1종근린생활시설,6호,3
23000,교정및군사시설,어린이집,3
20000,자동차관련시설,제1종및2종근린생활시설,3
10000,교육연구시설,저온창고,3
04000,제2종근린생활시설,근린생활시설및단독,3
10000,교육연구시설,주차동,3
20000,자동차관련시설,쓰레기장,3
20000,자동차관련시설,전기충전소,3
11000,노유자시설,장애인종합복지관,3
17000,공장,농산물가공업,3
17000,공장,폐유처리장,3
19000,위험물저장및처리시설,위험물저장및저리시설,3
17000,공장,오수,3
17000,공장,산처리장,3
02000,공동주택,8개소,3
10000,교육연구시설,복지회관,3
14000,업무시설,일반사무소,3
26000,묘지관련시설,건축물,3
10000,교육연구시설,수련관,3
17000,공장,htm,3
18000,창고시설,위험물판매취급소,3
,,강당,3
14000,업무시설,제1ㆍ2종근린생활시설,3
17000,공장,버섯재배사,3
03000,제1종근린생활시설,주민편익시설,3
25000,발전시설,ess,3
04000,제2종근린생활시설,검사장,3
11000,노유자시설,종합복지회관,3
01000,단독주택,간이식당,3
,,이용원,3
05000,문화및집회시설,수위실,3
Z3000,근린생활시설,노인정,3
02000,공동주택,중앙,3
23000,교정및군사시설,1,3
17000,공장,재봉공장,3
03000,제1종근린생활시설,우형기,3
21000,동물및식물관련시설,냉동고,3
04000,제2종근린생활시설,근린생활시실,3
17000,공장,종업원후생복리시설숙소,3
03000,제1종근린생활시설,농기계임대사업소,3
,,2근린생활시설,3
Z9000,공공용시설,주택,3
20000,자동차관련시설,검사대,3
04000,제2종근린생활시설,양말편조업,3
Z3000,근린생활시설,농산물창고,3
Z5000,문화및집회시설,차고,3
20000,자동차관련시설,다가구주택,3
09000,의료시설,주방,3
03000,제1종근린생활시설,문화회관,3
10000,교육연구시설,의료,3
10000,교육연구시설,근린생활시설및,3
01000,단독주택,2주택,3
01000,단독주택,화장실및샤워장,3
04000,제2종근린생활시설,부속용창고,3
20000,자동차관련시설,공중화장실,3
02000,공동주택,아트룸,3
17000,공장,boiler,3
04000,제2종근린생활시설,농가용창고,3
02000,공동주택,도시형샐활주택,3
04000,제2종근린생활시설,교육연구및복지지설,3
17000,공장,집배송시설,3
22000,분뇨.쓰레기처리시설,송풍기,3
03000,제1종근린생활시설,의료기기판매소,3
17000,공장,재활용품,3
03000,제1종근린생활시설,공공근린생활,3
17000,공장,폐수조,3
19000,위험물저장및처리시설,실험실,3
01000,단독주택,제2종근린활시설,3
02000,공동주택,세대주택,3
17000,공장,기타창고,3
17000,공장,선박수리공장,3
18000,창고시설,직원휴게실,3
17000,공장,h2,3
18000,창고시설,포장,3
01000,단독주택,차고시설,3
01000,단독주택,헛,3
02000,공동주택,1종근생시설,3
04000,제2종근린생활시설,21실,3
10000,교육연구시설,후관,3
17000,공장,산업시설군,3
02000,공동주택,외2용도,3
04000,제2종근린생활시설,식품저장창고,3
02000,공동주택,도시형새활주택,3
06000,종교시설,우물,3
04000,제2종근린생활시설,점포및식당,3
21000,동물및식물관련시설,돈분,3
18000,창고시설,1세대,3
04000,제2종근린생활시설,수리점및,3
17000,공장,가구,3
01000,단독주택,제2,3
04000,제2종근린생활시설,주지실,3
20000,자동차관련시설,기계식주차타워,3
20000,자동차관련시설,자동차경정비,3
03000,제1종근린생활시설,마을공동생활시설,3
03000,제1종근린생활시설,사랑방,3
20000,자동차관련시설,강습소,3
09000,의료시설,근린생활,3
02000,공동주택,104동1층,3
,,계단실,3
03000,제1종근린생활시설,인터넷컴퓨터게임시설,3
21000,동물및식물관련시설,고정식,3
11000,노유자시설,리사무실,3
04000,제2종근린생활시설,사회적기업,3
04000,제2종근린생활시설,2종근린샐활시설,3
13000,운동시설,체육관련시설,3
10000,교육연구시설,제2종근린생활,3
21000,동물및식물관련시설,관리사창고,3
03000,제1종근린생활시설,상,3
22000,분뇨.쓰레기처리시설,유기농미생물발효퇴비장,3
07000,판매시설,건축자재도매업,3
03001,소매점,제1종근린생활시설,3
21000,동물및식물관련시설,동물관련시설외창고,3
03000,제1종근린생활시설,이동통신기지국사,3
02000,공동주택,중앙계단,3
02000,공동주택,근린생활시설및단지형다세대주택,3
02000,공동주택,종업원합숙소,3
02000,공동주택,도시형생활주택및업무시설,3
17000,공장,그외기타목재제품제조업,3
24000,방송통신시설,교환기계실,3
21000,동물및식물관련시설,축사건조장,3
04000,제2종근린생활시설,근린생활시설및공장,3
04000,제2종근린생활시설,제2종근생및자동차관련시설,3
01000,단독주택,가금,3
04000,제2종근린생활시설,하우스관리사,3
04000,제2종근린생활시설,교육연구시설및근린생활시설,3
06000,종교시설,산제당,3
08000,운수시설,부속창고,3
04000,제2종근린생활시설,미륵당,3
Z5000,문화및집회시설,종,3
13000,운동시설,잔듸축구장,3
04000,제2종근린생활시설,시동대피소,3
05000,문화및집회시설,사원,3
Z8000,교육연구및복지시설,급식실,3
17000,공장,공구보관소,3
01000,단독주택,다가구용6가구,3
20000,자동차관련시설,방송통신시설,3
01000,단독주택,농업인단독주택,3
18000,창고시설,연탄창고,3
18000,창고시설,출하실,3
01000,단독주택,주택및수리점,3
27000,관광휴게시설,탑승장,3
06000,종교시설,교사,3
04000,제2종근린생활시설,2종근린생활시설및창고,3
04000,제2종근린생활시설,톱밥제조시설,3
04000,제2종근린생활시설,공장사무실,3
02000,공동주택,지상d,3
04000,제2종근린생활시설,동각,3
04000,제2종근린생활시설,농산물식품,3
23000,교정및군사시설,폐기물보관시설,3
03000,제1종근린생활시설,점포및음식점,3
11000,노유자시설,국공립어린이집,3
13000,운동시설,숙직실,3
03000,제1종근린생활시설,재각,3
03000,제1종근린생활시설,경로당및,3
10000,교육연구시설,창고2동,3
04000,제2종근린생활시설,체력단련시설,3
19000,위험물저장및처리시설,액화가스저장고,3
18000,창고시설,방송통신시설,3
01000,단독주택,유자가공공장,3
14000,업무시설,관광휴게시설,3
17000,공장,유독물판매소,3
03000,제1종근린생활시설,사랑채,3
04000,제2종근린생활시설,가구제조,3
03000,제1종근린생활시설,예금취급소,3
04000,제2종근린생활시설,근린생활시설시설,3
02000,공동주택,고시원,3
22000,분뇨.쓰레기처리시설,회의실,3
18000,창고시설,농협사무실,3
13000,운동시설,다가구주택,3
18000,창고시설,페인트창고,3
18000,창고시설,마을공동개량저장고,3
17000,공장,수위실동,3
02000,공동주택,방재실등,3
Z5000,문화및집회시설,2종근린생활시설,3
13000,운동시설,판매및영업시설,3
19000,위험물저장및처리시설,고압가스제조소,3
02000,공동주택,제조업,3
02000,공동주택,공용로비,3
27000,관광휴게시설,유원지에,3
17000,공장,vc,3
04000,제2종근린생활시설,부동산,3
11000,노유자시설,마을회관및경로당,3
03000,제1종근린생활시설,발방아,3
11000,노유자시설,교육연구및복지서설,3
03000,제1종근린생활시설,소방대사무실,3
03000,제1종근린생활시설,리동회관,3
17000,공장,판넬쉘타,3
11000,노유자시설,원아숙소,3
30000,자원순환관련시설,폐기물처분시설및감량화시설,3
17000,공장,공장외1용도,3
17000,공장,목재가공제재소,3
17000,공장,연와창고,3
17000,공장,제조가공공장,3
17000,공장,유류탱크실,3
21000,동물및식물관련시설,동물사,3
01000,단독주택,단독주택및퇴비사,3
17000,공장,출판사,3
21000,동물및식물관련시설,농업수산업용시설,3
21000,동물및식물관련시설,둥물및식물관련시설,3
21000,동물및식물관련시설,버서재배사,3
01000,단독주택,부속지하주차장,3
21000,동물및식물관련시설,농원관리사,3
18000,창고시설,양수기창고,3
01000,단독주택,단주택,3
04000,제2종근린생활시설,관리,3
21000,동물및식물관련시설,외1건,3
10000,교육연구시설,세미나실,3
12000,수련시설,정화조,3
01000,단독주택,사료창고,3
10000,교육연구시설,수도장,3
Z5000,문화및집회시설,관사,3
21000,동물및식물관련시설,사료저장,3
18000,창고시설,제1종근린생활시설의,3
25000,발전시설,석탄이송타워,3
10000,교육연구시설,모정,3
Z3000,근린생활시설,간이주점,3
15000,숙박시설,목욕장,3
01000,단독주택,지상1층,3
02000,공동주택,제1종근린생할시설,3
02000,공동주택,211동,3
02000,공동주택,g기계실,3
22000,분뇨.쓰레기처리시설,재활용선별장,3
18000,창고시설,가스저장고,3
05000,문화및집회시설,주막,3
08000,운수시설,보선사무소,3
24000,방송통신시설,집선장치,3
17000,공장,loading,3
18000,창고시설,쓰레기분리장,3
08000,운수시설,종합관리동,3
,,의원,3
10000,교육연구시설,중학교교사,3
18000,창고시설,저온저장고및,3
Z3000,근린생활시설,경노당,3
17000,공장,컴퓨터관련전자제품조립업,3
01000,단독주택,8구획,3
17000,공장,사무실및숙직실,3
21000,동물및식물관련시설,등애사육,3
01000,단독주택,단독주택및화장실,3
10000,교육연구시설,에스컬레이터,3
10000,교육연구시설,학교관사,3
15000,숙박시설,안내소,3
01000,단독주택,농가가옥,3
08000,운수시설,철도운전보안시설,3
10000,교육연구시설,교직원휴게실,3
18000,창고시설,제2종근린생활시설및,3
19000,위험물저장및처리시설,가스저장탱크,3
02000,공동주택,단지형다세대및제2종근린생활시설,3
02000,공동주택,공용복도,3
30000,자원순환관련시설,야외화장실,3
21000,동물및식물관련시설,부지,3
03000,제1종근린생활시설,지하상가,3
03000,제1종근린생활시설,마을집하장,3
03000,제1종근린생활시설,매점및화장실,3
03000,제1종근린생활시설,불교용품판매점,3
03000,제1종근린생활시설,화장실및샤워실,3
17000,공장,tpa투입실,3
22000,분뇨.쓰레기처리시설,기계동,3
17000,공장,2전기실,3
03000,제1종근린생활시설,마을공동휴게실,3
17000,공장,재활용,3
01000,단독주택,근생및단독,3
14000,업무시설,방재센터,3
04000,제2종근린생활시설,기사식당,3
06000,종교시설,종중사당,3
04000,제2종근린생활시설,근린생활시설및교육연구및복지시설,3
01000,단독주택,10실,3
30000,자원순환관련시설,주차장,3
14000,업무시설,교통민원센타,3
15000,숙박시설,55실,3
01000,단독주택,목장관리사,3
10000,교육연구시설,실험실습동,3
05000,문화및집회시설,전수관,3
05000,문화및집회시설,문학관,3
03000,제1종근린생활시설,공공방재시설,3
03001,소매점,2종근린생활시설,3
02000,공동주택,도시형생화주택,3
03000,제1종근린생활시설,위험물판매소,3
04000,제2종근린생활시설,목함제조업,3
10000,교육연구시설,미용원,3
06000,종교시설,대웅보전,3
Z3000,근린생활시설,금융업소,3
17000,공장,영선반,3
13000,운동시설,놀이형시설,3
Z5000,문화및집회시설,승방,3
33000,"국방,군사시설",창고,3
01000,단독주택,領,3
18000,창고시설,유류고,3
01000,단독주택,다가주구택,3
04000,제2종근린생활시설,주방및,3
18000,창고시설,하차장,3
17000,공장,판매,3
19000,위험물저장및처리시설,주유소시설,3
14000,업무시설,관리시설,3
Z8000,교육연구및복지시설,복지관,3
04000,제2종근린생활시설,관,3
02000,공동주택,헬스룸,3
04000,제2종근린생활시설,입주자회의실,3
Z3000,근린생활시설,단독,3
01000,단독주택,잡화상,3
02000,공동주택,배수펌프실,3
19000,위험물저장및처리시설,설비동,3
17000,공장,지하창고,3
01000,단독주택,유류저장고,3
01000,단독주택,다가가구주택,3
02000,공동주택,부속실,3
01000,단독주택,4구,3
27000,관광휴게시설,펌프실,3
18000,창고시설,농업생산기반시설,3
02000,공동주택,소호,3
04000,제2종근린생활시설,2종근린생활시설외2,3
04000,제2종근린생활시설,농산물직판장,3
21000,동물및식물관련시설,벼짚창고,3
01000,단독주택,농생산시설,3
17000,공장,골프연습장,3
18000,창고시설,선별,3
17000,공장,종업원후생복지시설,3
17000,공장,원자재보관창고,3
17000,공장,금속제품제조업,3
17000,공장,농기계수리소,3
17000,공장,의원,3
17000,공장,도자기공장및주택,3
14000,업무시설,감시실,3
10000,교육연구시설,부대,3
04000,제2종근린생활시설,음식점및사무실,3
22000,분뇨.쓰레기처리시설,관리,3
04000,제2종근린생활시설,제빙공장,3
04000,제2종근린생활시설,외부계단,3
JY,,제1,3
Z3000,근린생활시설,1종,3
09000,의료시설,격리병원,3
01000,단독주택,냉동고,3
,,농산물가공공장,3
15000,숙박시설,오락실,3
17000,공장,도자기제조,3
01000,단독주택,제2종근랜생활시설,3
04000,제2종근린생활시설,사무실및수리점,3
03000,제1종근린생활시설,교육원,3
01000,단독주택,화장실및부속사,3
01000,단독주택,다세대주택외,3
02000,공동주택,생활문화센터,3
16000,위락시설,근생시설,3
11000,노유자시설,집회소,3
Z5000,문화및집회시설,절,3
03000,제1종근린생활시설,배수지관사,3
18000,창고시설,용제창고,3
01000,단독주택,생활숙박시설,3
04000,제2종근린생활시설,감시초소,3
04000,제2종근린생활시설,벼루공장,3
08000,운수시설,역관사,3
04000,제2종근린생활시설,용도변경,3
04000,제2종근린생활시설,유상각,3
04000,제2종근린생활시설,감말랭이제조업소,3
Z6000,판매및영업시설,농산물판매장,3
04000,제2종근린생활시설,근린생활판매시설,3
15000,숙박시설,체험장,3
27000,관광휴게시설,비가림시설,3
10000,교육연구시설,교육연구시실,3
19000,위험물저장및처리시설,도료창고,3
23000,교정및군사시설,관사및부대시설,3
17000,공장,타포린,3
02000,공동주택,전망용엘리베이터,3
02000,공동주택,연립공동주택,3
02000,공동주택,도시형생활주택및제2종근린생활시설,3
03000,제1종근린생활시설,상수도시설물,3
03000,제1종근린생활시설,어촌공동작업장,3
03000,제1종근린생활시설,미곡건조장,3
07000,판매시설,트럭판매장,3
03000,제1종근린생활시설,선박출입신고소,3
03000,제1종근린생활시설,제2종근린생활시설외2용도,3
03000,제1종근린생활시설,마을공동농산어촌체험장,3
03000,제1종근린생활시설,마을공동건조장,3
03000,제1종근린생활시설,목욕,3
14000,업무시설,분뇨및쓰레기처리시설,3
17000,공장,장식용도자기제조업,3
17000,공장,석기가공공장,3
18000,창고시설,농자재보관,3
20000,자동차관련시설,장비실,3
17000,공장,우천,3
Z5000,문화및집회시설,시,3
27000,관광휴게시설,관광농원편의시설,3
27000,관광휴게시설,야구연습장,3
01000,단독주택,영업용주택,3
18000,창고시설,창고및주차장,3
21000,동물및식물관련시설,양만장관리사,3
03000,제1종근린생활시설,선박수리시설,3
18000,창고시설,농기구보관소,3
13000,운동시설,락커룸,3
21000,동물및식물관련시설,동물및식물관련시설및창고,3
18000,창고시설,건조실및창고,3
17000,공장,2차조쇄실,3
17000,공장,야외창고,3
01000,단독주택,기도실,3
17000,공장,비파괴검사장,3
17000,공장,보안동,3
17000,공장,화장실및샤워장,3
17000,공장,소독시설,3
01000,단독주택,사과저장창고,3
20000,자동차관련시설,차고및창고,3
02000,공동주택,89세대,3
20000,자동차관련시설,일반주택,3
13000,운동시설,캐디대기실,3
03000,제1종근린생활시설,관리인,3
04000,제2종근린생활시설,구조용금속판제품제조업,3
17000,공장,맛김제조공장,3
03000,제1종근린생활시설,고추방앗간,3
02000,공동주택,주배선반실,3
20000,자동차관련시설,중장비운전학원,3
19000,위험물저장및처리시설,c,3
19000,위험물저장및처리시설,s,3
13000,운동시설,경기장,3
17000,공장,소둔로,3
14000,업무시설,위험물저장및,3
04200,종교집회장,종교집회장,3
02000,공동주택,생활체육실,3
,,대기실,3
03000,제1종근린생활시설,어촌계,3
17000,공장,서고,3
17000,공장,폐유저장고,3
03000,제1종근린생활시설,피아노,3
02000,공동주택,실내놀이방,3
21000,동물및식물관련시설,상담실,3
17000,공장,자동차검사장,3
02000,공동주택,청송아파트,3
02000,공동주택,단지형다세대9세대,3
Z5000,문화및집회시설,향교,3
05000,문화및집회시설,문화및집회시설외2,3
01000,단독주택,농가주택및근린생활시설,3
01000,단독주택,욕실및보일러실,3
18000,창고시설,창고및다용도실,3
01000,단독주택,개수대,3
01000,단독주택,지하대피소및보일러실,3
21000,동물및식물관련시설,동물관련시설및변소,3
01000,단독주택,딘덕주택,3
21000,동물및식물관련시설,장잠실,3
01000,단독주택,농가주택및화장실,3
21000,동물및식물관련시설,농산물판매장,3
01000,단독주택,농가주택및창고시설,3
01000,단독주택,및단독주택4가구용,3
21000,동물및식물관련시설,김포자배양장,3
21000,동물및식물관련시설,동식물관린시설,3
17000,공장,축분건조시설,3
17000,공장,냉연공장,3
17000,공장,폐기물분리수거장,3
09000,의료시설,노인병원,3
21000,동물및식물관련시설,주,3
03000,제1종근린생활시설,레스토랑,3
19000,위험물저장및처리시설,피로티,3
02000,공동주택,마을문고,3
17000,공장,생산,3
01000,단독주택,감귤창고,3
11000,노유자시설,체육관,3
15000,숙박시설,주방,3
02000,공동주택,영어교실,3
18000,창고시설,사무실및,3
03000,제1종근린생활시설,재활용보관소,3
18000,창고시설,양봉창고,3
23000,교정및군사시설,강의장,3
17000,공장,가방제조,3
04000,제2종근린생활시설,옥내주차장,3
14000,업무시설,유치원,3
14000,업무시설,행정복지센터,3
20000,자동차관련시설,교육관,3
03000,제1종근린생활시설,13가구,3
07000,판매시설,1용도,3
02000,공동주택,소화수조,3
22000,분뇨.쓰레기처리시설,선별장,3
02000,공동주택,55세대,3
02000,공동주택,버스스테이션,3
03000,제1종근린생활시설,관리본관,3
12000,수련시설,휴게실,3
03000,제1종근린생활시설,재1,3
15000,숙박시설,7실,3
19000,위험물저장및처리시설,밸브실,3
17000,공장,lube,3
27000,관광휴게시설,농어촌관광휴양지,3
13000,운동시설,운동시설및,3
,,양생실,3
14000,업무시설,연결통로,3
Z8000,교육연구및복지시설,근린공공시설,3
,,무인기지국,3
Z3000,근린생활시설,관련시설,3
03000,제1종근린생활시설,1종근생시설,3
03000,제1종근린생활시설,조정실,3
03000,제1종근린생활시설,하천시설,3
17000,공장,목제가구,3
10000,교육연구시설,사대부고,3
02000,공동주택,가스정압시설,3
02000,공동주택,주민공용시설,3
,,종교관련시설,3
,,농산물저장고,3
19000,위험물저장및처리시설,염소투입실,3
07000,판매시설,쓰레기분리수거함,3
,,이발관,3
19000,위험물저장및처리시설,충전소사무실,3
10000,교육연구시설,종합실습장,3
12000,수련시설,창고시설,3
17000,공장,제2종근린생활,3
02000,공동주택,다세대4,3
17000,공장,식료품제조,3
04000,제2종근린생활시설,게이트볼장사무실,3
04000,제2종근린생활시설,근린생활시설및화장실,3
04000,제2종근린생활시설,위락시설외2,3
04000,제2종근린생활시설,변소및창고,3
04000,제2종근린생활시설,영업소및주택,3
04000,제2종근린생활시설,고속도로영업소,3
20000,자동차관련시설,분뇨,3
04000,제2종근린생활시설,산업전시장,3
17000,공장,가공지제조업,3
03000,제1종근린생활시설,역사,3
03000,제1종근린생활시설,지서사무실,3
03000,제1종근린생활시설,근생활시설,3
03000,제1종근린생활시설,변전실동,3
04000,제2종근린생활시설,오토바이수리점,3
03000,제1종근린생활시설,서당,3
11000,노유자시설,창고및화장실,3
01000,단독주택,농기계공동보관창고,3
02000,공동주택,동물및식물관련시설,3
02000,공동주택,다세대주택및2종근생,3
10000,교육연구시설,외1건,3
01000,단독주택,8가구주택,3
02000,공동주택,주택외1용도,3
02000,공동주택,도시형생활주택및제1종근린생활시설,3
02000,공동주택,근생및단지형다세대주택,3
20000,자동차관련시설,중앙공급실,3
02000,공동주택,문화공방,3
Z3000,근린생활시설,주조장,3
17000,공장,자동차정비,3
10000,교육연구시설,시험장,3
21000,동물및식물관련시설,단독주택및창고,3
01000,단독주택,비품창고,3
17000,공장,차량소독시설,3
04000,제2종근린생활시설,기타건축용목제품,3
21000,동물및식물관련시설,표고버섯,3
21000,동물및식물관련시설,차고지,3
18000,창고시설,재래식화장실,3
01000,단독주택,민박형주택,3
06000,종교시설,소법당,3
01000,단독주택,지하차고지,3
25000,발전시설,저장소,3
14000,업무시설,8실,3
14000,업무시설,1건,3
17000,공장,한과공장,3
17000,공장,펌프기계실,3
18000,창고시설,도서실,3
11000,노유자시설,발전기실,3
20000,자동차관련시설,운전면허시험장,3
17000,공장,후생실,3
04000,제2종근린생활시설,가공업소,3
03000,제1종근린생활시설,축양장,3
04000,제2종근린생활시설,식품제조가공,3
31000,야영장시설,공중화장실,3
15000,숙박시설,주점,3
23000,교정및군사시설,전기,3
07000,판매시설,구매,3
27000,관광휴게시설,위험물저장,3
06000,종교시설,조사전,3
01000,단독주택,근생생활시설,3
17000,공장,psa,3
22000,분뇨.쓰레기처리시설,부속,3
01000,단독주택,9실,3
21000,동물및식물관련시설,퇴바사,3
23000,교정및군사시설,취사장,3
20000,자동차관련시설,열처리실,3
01000,단독주택,제2종근림생활시설,3
,,교육연구및복지시설,3
01000,단독주택,예능강습소,3
15000,숙박시설,종업원숙소,3
Z9000,공공용시설,및,3
01000,단독주택,일반게임제공업의시설,3
05000,문화및집회시설,씨름장,3
01000,단독주택,노인당,3
17000,공장,쓰레기야적장,3
03000,제1종근린생활시설,제2종근린,3
04000,제2종근린생활시설,제조공장,3
03000,제1종근린생활시설,w,3
18000,창고시설,사료,3
02000,공동주택,및소매점,3
20000,자동차관련시설,자재창고,3
14000,업무시설,지도소,3
03000,제1종근린생활시설,주상가,3
19000,위험물저장및처리시설,영업실,3
,,캐노피,3
01000,단독주택,목욕탕및,3
03000,제1종근린생활시설,요사체,3
04000,제2종근린생활시설,판매점,3
22000,분뇨.쓰레기처리시설,매립장,3
10000,교육연구시설,관리사무실,3
03000,제1종근린생활시설,대중식당,3
04000,제2종근린생활시설,로라스케이트장,3
03000,제1종근린생활시설,개량저장고,3
17000,공장,주원료투입구,3
01000,단독주택,위험물처리및저장시설,3
21000,동물및식물관련시설,간이집하장,3
11000,노유자시설,교육및연구복지시설,3
06000,종교시설,대중방,3
03000,제1종근린생활시설,선별진료소,3
03000,제1종근린생활시설,고객지원센터,3
02000,공동주택,107동1층에위치,3
02000,공동주택,용역실,3
14000,업무시설,교육청사,3
21000,동물및식물관련시설,대피소,3
02000,공동주택,패밀리룸,3
04000,제2종근린생활시설,임가공시설,3
04000,제2종근린생활시설,본가,3
17000,공장,유류,3
01000,단독주택,블록,3
17000,공장,수산물냉동식품제조,3
04000,제2종근린생활시설,문중제실,3
03000,제1종근린생활시설,상수도용모터실,3
03000,제1종근린생활시설,향사,3
11000,노유자시설,육아종합지원센터,3
03000,제1종근린생활시설,농작업휴게실,3
03000,제1종근린생활시설,마을커뮤니티센터,3
03000,제1종근린생활시설,제1종근린생활시설및업무시설,3
03000,제1종근린생활시설,제1종근린생활시설시설,3
11000,노유자시설,장애인직업재활시설,3
02000,공동주택,가스감압실,3
02000,공동주택,다세대주택및제2종근생,3
02000,공동주택,주민공동시설5,3
02000,공동주택,주민복지동,3
02000,공동주택,시영임대아파트,3
08000,운수시설,세면장,3
16000,위락시설,외1건,3
18000,창고시설,철공소,3
Z3000,근린생활시설,숙사,3
,,상업소,3
10000,교육연구시설,재활용분리수거장,3
10000,교육연구시설,환경벤처센터,3
17000,공장,토목공사및유사용기계장비제조업,3
01000,단독주택,다가구주택16,3
04000,제2종근린생활시설,교육연구및복지시설외2,3
04000,제2종근린생활시설,농산물간이집하장,3
04000,제2종근린생활시설,영업용및주택,3
27000,관광휴게시설,서울대공원시설,3
13000,운동시설,하이하우스,3
17000,공장,수산물가공처리시설,3
18000,창고시설,마늘건조창고,3
05000,문화및집회시설,임란유물전시관,3
15000,숙박시설,풍여장,3
17000,공장,하역창고,3
18000,창고시설,옥외저장소,3
17000,공장,폐수처리시설기계실,3
17000,공장,수산물냉동냉장보관,3
05000,문화및집회시설,행랑채,3
27000,관광휴게시설,쓰레기분류장,3
27000,관광휴게시설,야외공연장,3
01000,단독주택,비동,3
,,1용도,3
30000,자원순환관련시설,오수처리시설,3
22000,분뇨.쓰레기처리시설,공동퇴비장,3
22000,분뇨.쓰레기처리시설,음식물자원화시설,3
02000,공동주택,사원임대,3
17000,공장,컴퓨터,3
14000,업무시설,비가림시설,3
21000,동물및식물관련시설,수경재배사,3
01000,단독주택,부속농가창고,3
21000,동물및식물관련시설,어장관리사,3
01000,단독주택,변소및헛간,3
01000,단독주택,문화시설,3
14000,업무시설,전화국,3
17000,공장,sea,3
17000,공장,bulk,3
04000,제2종근린생활시설,전자부품제조업,3
03000,제1종근린생활시설,한국전기통신공사,3
01000,단독주택,선광장,3
Z3000,근린생활시설,교환실,3
13000,운동시설,자재창고,3
12000,수련시설,수위실,3
21000,동물및식물관련시설,분뇨건조장,3
04000,제2종근린생활시설,마을,3
04000,제2종근린생활시설,일층,3
04000,제2종근린생활시설,면적제외,3
17000,공장,경비실및,3
17000,공장,헬스장,3
04000,제2종근린생활시설,7,3
17000,공장,안내동,3
01000,단독주택,곡물창고,3
04000,제2종근린생활시설,써비스센타,3
Z3000,근린생활시설,예식장,3
19000,위험물저장및처리시설,위험울저장및처리시설,3
04000,제2종근린생활시설,기타근린생활시설,3
21000,동물및식물관련시설,외양간,3
17000,공장,금속압형제품제조업,3
14000,업무시설,18실,3
20000,자동차관련시설,자동차중기정비고,3
17000,공장,매트리스및내장침대제조업,3
22000,분뇨.쓰레기처리시설,음식물쓰레기처리장,3
17000,공장,개폐장치,3
18000,창고시설,농축산물,3
01000,단독주택,주택및농산물창고,3
01000,단독주택,근린생활시설및다가구주택5가구,3
21000,동물및식물관련시설,축사및화장실,3
01000,단독주택,단독주택13가구,3
01000,단독주택,주택및다용도실,3
18000,창고시설,벼건조기보관창고,3
01000,단독주택,던독주택,3
18000,창고시설,건조실창고,3
01000,단독주택,근린생활시설및단독주택3가구용,3
01000,단독주택,농업용주택및농업용창고,3
17000,공장,연구시험동,3
17000,공장,전해공장,3
17000,공장,창고및사무소,3
17000,공장,공작공장,3
21000,동물및식물관련시설,농산물저장고,3
03000,제1종근린생활시설,다가가주택,3
17000,공장,hcr,3
14000,업무시설,제1근린생활시설,3
21000,동물및식물관련시설,선별동,3
13000,운동시설,통로,3
02000,공동주택,106동1층에위치,3
17000,공장,crane,3
16000,위락시설,가요주점,3
Z3000,근린생활시설,및주택,3
17000,공장,압축실,3
02000,공동주택,여인숙,3
17000,공장,복지회관,3
30000,자원순환관련시설,탈의실,3
12000,수련시설,소매점,3
01000,단독주택,공중변소,3
10000,교육연구시설,정압기실,3
02000,공동주택,원룸형11,3
18000,창고시설,제설자재창고,3
02000,공동주택,다가구용,3
24000,방송통신시설,이동전화기지국,3
11000,노유자시설,일용품소매점,3
15000,숙박시설,계단,3
,,종업원숙소,3
13000,운동시설,변전실,3
18000,창고시설,식품가공,3
02000,공동주택,열병합실,3
03000,제1종근린생활시설,집회,3
06000,종교시설,문간채,3
06000,종교시설,서제,3
04000,제2종근린생활시설,공동이용시설,3
02000,공동주택,처리시설,3
17000,공장,체육시설,3
04000,제2종근린생활시설,장갑제조업,3
17000,공장,소독기계실,3
02000,공동주택,키즈맘카페,3
04000,제2종근린생활시설,청소년시설,3
17000,공장,신,3
17000,공장,지게차차고,3
17000,공장,위험물제조장,3
04000,제2종근린생활시설,이용소,3
17000,공장,도축장,3
05000,문화및집회시설,성당,3
14000,업무시설,2용도,3
17000,공장,기계제조업,3
03000,제1종근린생활시설,카인테리어,3
15000,숙박시설,통나무집,3
17000,공장,기술센터,3
17000,공장,홉퍼,3
04000,제2종근린생활시설,원불교,3
17000,공장,질소발생실,3
17000,공장,석회석,3
05000,문화및집회시설,부속화장실,3
22000,분뇨.쓰레기처리시설,쓰레기처리,3
10000,교육연구시설,관,3
10000,교육연구시설,청소년관련시설,3
17000,공장,에어콤프레샤실,3
21000,동물및식물관련시설,애완견,3
17000,공장,포장,3
18000,창고시설,농기계보관시설,3
18000,창고시설,마늘창고,3
01000,단독주택,중학교,3
01000,단독주택,주택근린시설,3
01000,단독주택,보일러실및화장실,3
18000,창고시설,농업용기계창고,3
01000,단독주택,댜세대주택,3
21000,동물및식물관련시설,축사운동장,3
27000,관광휴게시설,판매장,3
21000,동물및식물관련시설,히트펌프실,3
14000,업무시설,중앙감시실,3
17000,공장,위험물판매취급소,3
04000,제2종근린생활시설,종교시설및주택,3
04000,제2종근린생활시설,곡물도정업,3
03000,제1종근린생활시설,지역건강보험조합,3
04000,제2종근린생활시설,공원관리사무소,3
04000,제2종근린생활시설,생활편의시설,3
03000,제1종근린생활시설,사설,3
04000,제2종근린생활시설,점포사무실,3
04000,제2종근린생활시설,교회사무실,3
04000,제2종근린생활시설,근생주차장,3
04000,제2종근린생활시설,농수산물제조업소,3
04000,제2종근린생활시설,지함제조,3
13000,운동시설,실내빙상장,3
18000,창고시설,농기계보관실,3
30000,자원순환관련시설,약품투입실,3
02000,공동주택,빗물처리시설,3
02000,공동주택,주차장램프지붕,3
02000,공동주택,관리초소,3
03000,제1종근린생활시설,한문강습소,3
03000,제1종근린생활시설,경찰경비초소,3
02000,공동주택,카리프트,3
03000,제1종근린생활시설,기타근린공공시설,3
21000,동물및식물관련시설,축양시설,3
17000,공장,골판지및골판지상자제조업,3
03000,제1종근린생활시설,새마을정미소,3
03000,제1종근린생활시설,야외취사장,3
03000,제1종근린생활시설,체험학습장,3
03000,제1종근린생활시설,식품공장,3
19000,위험물저장및처리시설,물탱크실,3
04000,제2종근린생활시설,음악학원,3
14000,업무시설,헬스장,3
17000,공장,scr,3
03000,제1종근린생활시설,제1종근린생횔시설,3
03000,제1종근린생활시설,간이급수용양수장,3
03000,제1종근린생활시설,지하다방,3
,,여과지,3
07000,판매시설,포장실,3
22000,분뇨.쓰레기처리시설,탈취기동,3
03000,제1종근린생활시설,근린생활시설및관람집회시설,3
02000,공동주택,전기설,3
18000,창고시설,농림수산물,3
Z3000,근린생활시설,연쇄점,3
01000,단독주택,93,3
17000,공장,글리세린하우스,3
03000,제1종근린생활시설,가공작업장,3
14000,업무시설,치과의원,3
10000,교육연구시설,교사1,3
10000,교육연구시설,영,3
14000,업무시설,농업기술센터,3
08000,운수시설,싸이로,3
14000,업무시설,공공,3
02000,공동주택,호수아파트,3
14000,업무시설,지식산업센터,3
10000,교육연구시설,관리사무소,3
17000,공장,btx,3
02000,공동주택,기계전기,3
Z8000,교육연구및복지시설,다목적실,3
21000,동물및식물관련시설,교회,3
04000,제2종근린생활시설,자동차정비소,3
01000,단독주택,발전실,3
01000,단독주택,2종근린새활시설,3
,,대웅전,3
03000,제1종근린생활시설,창고및보일러실,3
02000,공동주택,다세데주택,3
03000,제1종근린생활시설,여자화장실,3
10000,교육연구시설,공동실험관,3
11000,노유자시설,여성복지회관,3
02000,공동주택,다세대주택15세대,3
17000,공장,hds,3
04000,제2종근린생활시설,묘사체,3
20000,자동차관련시설,판금장,3
01000,단독주택,용단독주택,3
02000,공동주택,및1종근린생활시설,3
04000,제2종근린생활시설,근생펌프실,3
14000,업무시설,지상주차장,3
13000,운동시설,스크린골프,3
04000,제2종근린생활시설,위험물처리및저장시설,3
Z3000,근린생활시설,헬스크럽,3
18000,창고시설,계단실,3
17000,공장,23동,3
17000,공장,휴게실및식당,3
03000,제1종근린생활시설,생활관,3
20000,자동차관련시설,세차동,3
18000,창고시설,냉장시설,3
02000,공동주택,197,3
10000,교육연구시설,종합관,3
03000,제1종근린생활시설,단,3
02000,공동주택,청년창업센터,3
02000,공동주택,방재실포함,3
13000,운동시설,정구장,3
18000,창고시설,충전실,3
20000,자동차관련시설,개수대,3
03000,제1종근린생활시설,2종근린생화시설,3
18000,창고시설,농수산물간이집하장,3
03000,제1종근린생활시설,취수장관리사,3
14000,업무시설,제2종근린생활,3
14000,업무시설,의료,3
13000,운동시설,문화집회시설,3
01000,단독주택,창고및건조실,3
01000,단독주택,창고및다용도실,3
04000,제2종근린생활시설,건설자재창고,3
09000,의료시설,안과병원,3
09000,의료시설,보건,3
07101,시장,시장,3
17000,공장,수산물가공및저장처리업,3
10000,교육연구시설,서매고,3
01000,단독주택,주택및2종근생,3
18000,창고시설,어가용창고,3
18000,창고시설,정미소창고,3
01000,단독주택,간부사택,3
Z3020,체육도장,구판장,3
21000,동물및식물관련시설,사슴관리사,3
18000,창고시설,축사창고,3
04000,제2종근린생활시설,사무소건,3
06000,종교시설,절간,3
17000,공장,유지공장,3
17000,공장,자동점등,3
17000,공장,배터리실,3
17000,공장,판넬룸,3
17000,공장,휴게실및사무실,3
05000,문화및집회시설,공공문화시설,3
05000,문화및집회시설,부속동,3
02000,공동주택,다세대주택11,3
04000,제2종근린생활시설,감가공시설창고,3
04000,제2종근린생활시설,제2종근린생활시설및사무실,3
13000,운동시설,부설주차장,3
13000,운동시설,군사시설,3
13000,운동시설,로우하우스,3
,,열교환실,3
03000,제1종근린생활시설,가족화장실,3
03000,제1종근린생활시설,주택및영업용,3
03000,제1종근린생활시설,우량관측기기실,3
03000,제1종근린생활시설,우수저류시설,3
11000,노유자시설,근로복지관,3
03000,제1종근린생활시설,농산물건조저장고,3
11000,노유자시설,교육연구및복지시설외1용도,3
03000,제1종근린생활시설,미곡종합처리장,3
03000,제1종근린생활시설,마을편의시설,3
11000,노유자시설,시립노인정,3
03000,제1종근린생활시설,수배전반,3
17000,공장,장식품,3
10000,교육연구시설,시립도서관,3
19000,위험물저장및처리시설,뇌관저장소,3
02000,공동주택,지원시설,3
21000,동물및식물관련시설,리,3
12000,수련시설,청소년특화시설,3
,,가동,3
26000,묘지관련시설,옥외화장실,3
02000,공동주택,옥내,3
15000,숙박시설,보조주방,3
08000,운수시설,자재창고,3
17000,공장,얼음제조업,3
21000,동물및식물관련시설,출하실,3
17000,공장,의무실,3
21000,동물및식물관련시설,농업용생산시설,3
01000,단독주택,享체,3
01000,단독주택,다가구주택주택,3
20000,자동차관련시설,자동차검차장,3
03000,제1종근린생활시설,화실,3
24000,방송통신시설,전기실,3
04000,제2종근린생활시설,욕장,3
04000,제2종근린생활시설,동무,3
20000,자동차관련시설,계단실,3
07000,판매시설,방송통신시설,3
03000,제1종근린생활시설,집단에너지공급시설,3
03000,제1종근린생활시설,정수지,3
18000,창고시설,e,3
21000,동물및식물관련시설,b,3
18000,창고시설,임대농기계보관창고,3
08000,운수시설,1,3
03000,제1종근린생활시설,치안센터,3
21000,동물및식물관련시설,소독터널,3
03000,제1종근린생활시설,요양병원,3
04000,제2종근린생활시설,자동자관련시설,3
21000,동물및식물관련시설,사료통로,3
03000,제1종근린생활시설,목욕탕및보일러실,3
21000,동물및식물관련시설,유기질발효퇴비사,3
18000,창고시설,골프장,3
22000,분뇨.쓰레기처리시설,위생처리장,3
21000,동물및식물관련시설,관련식물,3
30000,자원순환관련시설,재활용선별저장소,3
30000,자원순환관련시설,분뇨폐기물처리시설,3
02000,공동주택,실내체육시설,3
10000,교육연구시설,운동부휴게실,3
01000,단독주택,쓰레기,3
23000,교정및군사시설,연립관사,3
,,향교,3
19000,위험물저장및처리시설,위험물저자및처리시설,3
07000,판매시설,채소보관동,3
21000,동물및식물관련시설,숙박시설,3
11000,노유자시설,예능계강습소,3
Z5000,문화및집회시설,공장,3
03000,제1종근린생활시설,소매점포,3
02000,공동주택,주민공동시설a,3
06000,종교시설,노유자,3
02000,공동주택,선큰폴리,3
21000,동물및식물관련시설,토비사,3
03000,제1종근린생활시설,수도,3
10000,교육연구시설,제1ㆍ2종근린생활시설,3
03000,제1종근린생활시설,점포및예식장,3
17000,공장,소형판넬실at,3
08000,운수시설,관리실,3
02000,공동주택,아파트원룸형,3
23000,교정및군사시설,복지회관,3
18000,창고시설,재실,3
06000,종교시설,전시관,3
Z8000,교육연구및복지시설,마을회관,3
17000,공장,성형가공석재,3
11000,노유자시설,다세대주택,3
18000,창고시설,물,3
17000,공장,업무,3
17000,공장,일반인쇄업,3
22000,분뇨.쓰레기처리시설,동식물관련시설,3
15000,숙박시설,휴양소,3
17000,공장,동제련,3
18000,창고시설,농민교육장,3
03000,제1종근린생활시설,소회의실,3
08000,운수시설,종합여객시설,3
04000,제2종근린생활시설,잡화상,3
01000,단독주택,다가구구주택,3
17000,공장,사원주택,3
17000,공장,분철장,3
06000,종교시설,세면실,3
17000,공장,부식창고,3
01000,단독주택,근린생활시설1,3
17000,공장,선박제조업,3
17000,공장,위험물옥내저장고,3
02000,공동주택,제1종근린생활주택,3
17000,공장,적재동,3
12000,수련시설,탈의실,3
04000,제2종근린생활시설,삼선각,3
04000,제2종근린생활시설,위패실,3
01000,단독주택,부속창고1,3
02000,공동주택,우수저수조기계실,3
01000,단독주택,일,3
18000,창고시설,과수저온창고,3
17000,공장,주물공장,3
17000,공장,두부제조공장,3
,,요사,3
03000,제1종근린생활시설,1종근린생활시설및,3
17000,공장,용해공장,3
17000,공장,반응동,3
17000,공장,차량정비소,3
17000,공장,유기질비료제조시설,3
17000,공장,제품하역장,3
17000,공장,식품제조시설,3
17000,공장,콤프레스실,3
17000,공장,원동실,3
14000,업무시설,우체국청사,3
10000,교육연구시설,공동관사,3
05000,문화및집회시설,사랑채,3
18000,창고시설,선별창고,3
18000,창고시설,노인회관,3
18000,창고시설,건설자재창고,3
18000,창고시설,잡옥,3
21000,동물및식물관련시설,농작업휴식실,3
21000,동물및식물관련시설,축사및돈분장,3
01000,단독주택,농업생산설비,3
01000,단독주택,사무실및사택,3
18000,창고시설,냉동냉장창고,3
18000,창고시설,고추건조기,3
10000,교육연구시설,유류고,3
15000,숙박시설,매점,3
15000,숙박시설,근린생활시설및주택,3
04000,제2종근린생활시설,2종근린생활시설및창고시설,3
25000,발전시설,연결통로,3
Z8000,교육연구및복지시설,청소년,3
01000,단독주택,3동,3
04000,제2종근린생활시설,도정,3
14000,업무시설,공동주택외,3
10000,교육연구시설,기숙사및식당,3
03000,제1종근린생활시설,점포및다방,3
03000,제1종근린생활시설,철물관련판매소,3
03000,제1종근린생활시설,자동전화기기보전실,3
22000,분뇨.쓰레기처리시설,토양정화시설,3
02000,공동주택,도시형단지형다세대주택,3
22000,분뇨.쓰레기처리시설,자동집하시설,3
22000,분뇨.쓰레기처리시설,쓰레기집하장,3
24000,방송통신시설,pcs기지국,3
01000,단독주택,정비공장,3
27000,관광휴게시설,관광농원시설,3
04000,제2종근린생활시설,근린생활및업무시설,3
17000,공장,차마무리공장,3
04000,제2종근린생활시설,분뇨쓰레기처리시설,3
17000,공장,28993,3
06000,종교시설,저온저장고,3
04000,제2종근린생활시설,계량실,3
04000,제2종근린생활시설,부설창고,3
01000,단독주택,근린셍활시설,3
03000,제1종근린생활시설,침전지,3
02000,공동주택,28,3
03000,제1종근린생활시설,하치장,3
17000,공장,batch,3
Z3000,근린생활시설,단란주점,3
09000,의료시설,군사시설,3
09000,의료시설,변전실,3
16000,위락시설,호텔,3
02000,공동주택,돌봄시설,3
04000,제2종근린생활시설,운동시설및근린생활시설,3
04000,제2종근린생활시설,일반유흥,3
20000,자동차관련시설,자동차영업소,3
18000,창고시설,건축물,3
01000,단독주택,다과실,3
10000,교육연구시설,행정동,3
17000,공장,젓갈공장,3
15000,숙박시설,판매,3
15000,숙박시설,운동,3
01000,단독주택,및2종근생,3
02000,공동주택,재활용폐기물보관실,3
18000,창고시설,일용품점,3
02000,공동주택,통합관제실,3
Z8000,교육연구및복지시설,숙사,3
03000,제1종근린생활시설,세차장사무실,3
10000,교육연구시설,특별실,3
01000,단독주택,부속건물1호,3
21000,동물및식물관련시설,어업용창고,3
02000,공동주택,주민회의시설,3
01000,단독주택,업소,3
10000,교육연구시설,다목적교실동,3
27000,관광휴게시설,세미나실,3
08000,운수시설,2,3
18000,창고시설,노인당,3
19000,위험물저장및처리시설,대피실,3
10000,교육연구시설,돈사,3
06000,종교시설,체육관,3
04000,제2종근린생활시설,가요방,3
01000,단독주택,농가주택지원분임,3
24000,방송통신시설,무선기지국,3
09000,의료시설,계단실,3
01000,단독주택,92주택개량,3
02000,공동주택,도시형생활주택8세대,3
09000,의료시설,폐수처리장,3
17000,공장,보관동,3
18000,창고시설,기자재,3
02000,공동주택,경비실동,3
03000,제1종근린생활시설,생및단독주택,3
17000,공장,hot,3
29000,장례시설,외,3
04000,제2종근린생활시설,대기소,3
02000,공동주택,코어,3
17000,공장,냉각수펌프실,3
17000,공장,농가창고,3
18000,창고시설,마을공동농기계보관,3
03000,제1종근린생활시설,표준설계,3
02000,공동주택,주민문고,3
30000,자원순환관련시설,완충저류시설,3
07000,판매시설,감시실,3
01000,단독주택,간이,3
04000,제2종근린생활시설,주택및근,3
14000,업무시설,1종근,3
05000,문화및집회시설,동물및식물관련시설,3
03000,제1종근린생활시설,화훼,3
01000,단독주택,2017년농촌주택개량,3
03000,제1종근린생활시설,농촌한옥체험장,3
03000,제1종근린생활시설,발전소펌프실,3
03000,제1종근린생활시설,휴게음식점및단독주택,3
01000,단독주택,곡물건조용건조기,3
03000,제1종근린생활시설,1종근린생활시설및단독주택,3
17000,공장,석재성형가공제조업,3
16000,위락시설,위락시설외2건,3
01000,단독주택,행여집,3
21000,동물및식물관련시설,동물및물관련시설,3
18000,창고시설,농가용창고및주택,3
18000,창고시설,개량창고,3
21000,동물및식물관련시설,옥외화장실,3
18000,창고시설,이글루탄약고,3
01000,단독주택,단독주택용11가구,3
01000,단독주택,단독주택설,3
11000,노유자시설,관리인숙소,3
18000,창고시설,재활용창고시설,3
03000,제1종근린생활시설,후생복지시설,3
17000,공장,목제가구제조업,3
22000,분뇨.쓰레기처리시설,쓰레기분리수거시설,3
17000,공장,상용seat,3
09000,의료시설,정화조기계실,3
17000,공장,미숫가루공장,3
17000,공장,가버너실,3
04000,제2종근린생활시설,근린생활시설및다가구,3
04000,제2종근린생활시설,점포및근린생활시설,3
06000,종교시설,엘리베이터,3
04000,제2종근린생활시설,수리점및주택,3
04000,제2종근린생활시설,도로변휴게소,3
19000,위험물저장및처리시설,가스용기저장소,3
19000,위험물저장및처리시설,위험물취급저장소,3
02000,공동주택,우수처리시설,3
02000,공동주택,근린생활시설및다세대,3
02000,공동주택,지하주차장6,3
09000,의료시설,강당,3
10000,교육연구시설,교육연구및교육시설,3
09000,의료시설,의료가스실,3
,,창고시설외,3
02000,공동주택,lpg기계실,3
02000,공동주택,제2종근생및공동주택,3
27000,관광휴게시설,쓰레기분류고,3
04000,제2종근린생활시설,노래,3
,,유치원,3
10000,교육연구시설,남,3
14000,업무시설,원룸형주택,3
14000,업무시설,직원숙소,3
02000,공동주택,비품실,3
05000,문화및집회시설,부심판탑,3
10000,교육연구시설,천문대,3
03000,제1종근린생활시설,청소년유기장,3
17000,공장,slag,3
,,부엌,3
01000,단독주택,디딜방아,3
18000,창고시설,처리,3
18000,창고시설,저온자장고,3
02000,공동주택,스포츠존,3
02000,공동주택,독서실1,3
04000,제2종근린생활시설,세척장,3
02000,공동주택,판매및근린생활시설,3
04000,제2종근린생활시설,즉석판매제조가공업,3
04000,제2종근린생활시설,근린생활지역,3
18000,창고시설,농산물저장시설,3
04000,제2종근린생활시설,고시원및소매점,3
02000,공동주택,5개소,3
21000,동물및식물관련시설,가,3
02000,공동주택,취미,3
20000,자동차관련시설,미용원,3
04000,제2종근린생활시설,농기계간이,3
04000,제2종근린생활시설,금속압형제조업,3
07000,판매시설,할인매장,3
19000,위험물저장및처리시설,자가주유취급소,3
,,배양장,3
,,보건진료소,3
,,스레트,3
02000,공동주택,다세대연립주택,3
02000,공동주택,아파트관리실,3
02000,공동주택,사원용임대아파트,3
02000,공동주택,연립주택및부대시설,3
10000,교육연구시설,펌프장,3
03000,제1종근린생활시설,마을하수도,3
31000,야영장시설,제2종근생,3
18000,창고시설,공산품,3
21000,동물및식물관련시설,양잠실,3
11000,노유자시설,사무동,3
03000,제1종근린생활시설,커뮤니티센터,3
01000,단독주택,대문체,3
01000,단독주택,차고및보일러실,3
03000,제1종근린생활시설,마을공동집하장,3
04000,제2종근린생활시설,가구,3
17000,공장,사원식당,3
06000,종교시설,외3,3
02000,공동주택,주거용지,3
18000,창고시설,직판장,3
01000,단독주택,부억,3
06000,종교시설,연수원,3
05000,문화및집회시설,유허비각,3
15000,숙박시설,골프연습장,3
01000,단독주택,지하실창고,3
03000,제1종근린생활시설,지하차도,3
01000,단독주택,외부계단,3
01000,단독주택,감시사,3
18000,창고시설,문화시설,3
17000,공장,이동식화장실,3
02000,공동주택,11동,3
01000,단독주택,기타종교집회장,3
17000,공장,소금창고,3
02000,공동주택,주차경사로,3
10000,교육연구시설,다목적홀,3
Z6000,판매및영업시설,백화점,3
04000,제2종근린생활시설,생활체육시설,3
03000,제1종근린생활시설,제설창고,3
08000,운수시설,광차소보관장,3
05000,문화및집회시설,교육시설,3
03000,제1종근린생활시설,관람,3
17000,공장,야외휴게소,3
17000,공장,페인트저장소,3
04000,제2종근린생활시설,공구실,3
24000,방송통신시설,전망대,3
21000,동물및식물관련시설,느타리버섯재배사,3
05000,문화및집회시설,서당,3
17000,공장,60,3
04000,제2종근린생활시설,일반소매점,3
21000,동물및식물관련시설,연구시설,3
03000,제1종근린생활시설,씨름장,3
04000,제2종근린생활시설,동물및,3
01000,단독주택,다중생활시설,3
07000,판매시설,여객터미널,3
21000,동물및식물관련시설,기타동식물시설,3
01000,단독주택,농업생상시설,3
18000,창고시설,농산물저온,3
03000,제1종근린생활시설,마을건강관리실,3
03000,제1종근린생활시설,2동근린생활시설,3
04000,제2종근린생활시설,간이집하장,3
21000,동물및식물관련시설,비상발전기실,3
18000,창고시설,건조장창고,3
01000,단독주택,주택및다방,3
21000,동물및식물관련시설,축사및통로,3
01000,단독주택,사무소및다가구주택,3
21000,동물및식물관련시설,과수퇴비사,3
02000,공동주택,예능계강습소,3
21000,동물및식물관련시설,해태종묘배양장,3
03000,제1종근린생활시설,산불방지지원센터,3
27000,관광휴게시설,정화조관리실,3
06000,종교시설,휴게소,3
10000,교육연구시설,안내소,3
11000,노유자시설,마을정자,3
01000,단독주택,삼조식변소,3
17000,공장,금형공장,3
17000,공장,기계설비실,3
17000,공장,일반공장및창고,3
17000,공장,지하물탱크,3
17000,공장,수산물제조공장,3
17000,공장,용접실,3
20000,자동차관련시설,정류소,3
20000,자동차관련시설,대형작업장,3
01000,단독주택,95불량주택개량사업,3
17000,공장,산소,3
24000,방송통신시설,s,3
04000,제2종근린생활시설,무인기지국,3
33000,"국방,군사시설",행정시설,3
01000,단독주택,6다가구,3
03000,제1종근린생활시설,물품저장창고,3
03000,제1종근린생활시설,공중화장실및관리사무소,3
03000,제1종근린생활시설,배수문조작실,3
03000,제1종근린생활시설,우편소,3
10000,교육연구시설,교사숙소,3
02000,공동주택,지하설비실,3
09000,의료시설,국방군사시설,3
10000,교육연구시설,옥외창고,3
13000,운동시설,그늘집1,3
10000,교육연구시설,전문대학교,3
02000,공동주택,원룸형22세대,3
21000,동물및식물관련시설,야적장,3
02000,공동주택,셔틀,3
10000,교육연구시설,주방,3
01000,단독주택,선별장,3
23000,교정및군사시설,사격장,3
04000,제2종근린생활시설,근린생활시설외2건,3
19000,위험물저장및처리시설,structure,3
10000,교육연구시설,사무,3
03000,제1종근린생활시설,mdf,3
02000,공동주택,창고등,3
02000,공동주택,소장실,3
,,발전실,3
Z8000,교육연구및복지시설,문화및집회시설,3
Z3000,근린생활시설,동물및식물관련시설,3
17000,공장,하역처리시설,3
22000,분뇨.쓰레기처리시설,연구실,3
Z3000,근린생활시설,휴게소,3
04000,제2종근린생활시설,건축용장식,3
20000,자동차관련시설,택시차고,3
07000,판매시설,유흥음식점,3
,,연립주택,3
03000,제1종근린생활시설,의료원,3
04000,제2종근린생활시설,근링생활시설,3
17000,공장,storage,3
21000,동물및식물관련시설,무허가축사양성화,3
04000,제2종근린생활시설,제2종및제1종근린생활시설,3
01000,단독주택,다가구주낵,3
17000,공장,공장숙소,3
17000,공장,제품하치장,3
17000,공장,17115,3
02000,공동주택,연린주택,3
07000,판매시설,정화조관리층,3
02000,공동주택,문화강좌실,3
18000,창고시설,농지전용,3
03000,제1종근린생활시설,상수도배수지,3
02000,공동주택,종업원사택,3
01000,단독주택,단가구주택,3
17000,공장,잠실,3
21000,동물및식물관련시설,펌프장,3
03000,제1종근린생활시설,복지후생시설,3
03000,제1종근린생활시설,이미용실,3
17000,공장,수조,3
17000,공장,보호막,3
10000,교육연구시설,이공대,3
04000,제2종근린생활시설,제2종종근린생활시설,3
17000,공장,임대공장,3
17000,공장,임시분석실,3
02000,공동주택,키즈짐,3
07000,판매시설,농산물,3
25000,발전시설,관리실,3
Z5000,문화및집회시설,초소,3
17000,공장,압축공기실,3
02000,공동주택,보이러실,3
04000,제2종근린생활시설,압축실,3
01000,단독주택,다가구주택5,3
02000,공동주택,휴게데크,3
01000,단독주택,농가용저온저장고,3
02000,공동주택,쉐어오피스,3
01000,단독주택,컴퓨터학원,3
17000,공장,김가공,3
Z3000,근린생활시설,주택및창고,3
14000,업무시설,이용소,3
03000,제1종근린생활시설,소메점,3
01000,단독주택,pc방,3
14000,업무시설,미용원,3
29000,장례시설,외2,3
21000,동물및식물관련시설,물및식물관련시설,3
17000,공장,인조섬유직물,3
04000,제2종근린생활시설,창,3
21000,동물및식물관련시설,번식돈사,3
10000,교육연구시설,부식창고,3
08000,운수시설,운전보안,3
13000,운동시설,운동,3
17000,공장,농산물가공처리제조업,3
27000,관광휴게시설,재활용분리수거장,3
01000,단독주택,토기와,3
17000,공장,융설기계실,3
03000,제1종근린생활시설,통합변실,3
,,농업생산기반시설,3
20000,자동차관련시설,서고,3
22000,분뇨.쓰레기처리시설,오수중계펌프시설,3
21000,동물및식물관련시설,동물보호시설,3
18000,창고시설,창고시설및제1종근린생활시설,3
21000,동물및식물관련시설,해수탱크,3
21000,동물및식물관련시설,방역소,3
01000,단독주택,주택다중3가구,3
18000,창고시설,임산물저온창고,3
18000,창고시설,마을회관창고,3
01000,단독주택,창고단독주택,3
21000,동물및식물관련시설,축산폐수배출시설,3
01000,단독주택,주택및점포및사무실,3
03000,제1종근린생활시설,수질개선시설,3
02000,공동주택,총4세대,3
01000,단독주택,주택및위험물저장처리시설,3
18000,창고시설,농가용냉동창고,3
18000,창고시설,체육창고,3
01000,단독주택,양수옥,3
18000,창고시설,고구마저장고,3
18000,창고시설,과수원창고,3
21000,동물및식물관련시설,돌물및식물관련시설,3
18000,창고시설,산지유통농산물창고,3
27000,관광휴게시설,해양펜션,3
19000,위험물저장및처리시설,엑화석유가스충전소,3
01000,단독주택,펜션,3
20000,자동차관련시설,차고시설,3
22000,분뇨.쓰레기처리시설,오니처리장,3
11000,노유자시설,종교시설및노유자시설,3
03000,제1종근린생활시설,노유자시설및근린공공시설,3
02000,공동주택,지상주민공동시설,3
19000,위험물저장및처리시설,lab,3
07000,판매시설,외5,3
26000,묘지관련시설,문화재,3
02000,공동주택,주차장휀룸,3
02000,공동주택,수변카페,3
02000,공동주택,통학대기실,3
02000,공동주택,관리및노인정,3
14000,업무시설,및제2종근린생활시설,3
,,제재소,3
15000,숙박시설,근린시설및숙박시설,3
02000,공동주택,자전거수리실,3
21000,동물및식물관련시설,톱밥발효용우사,3
04000,제2종근린생활시설,알반음식점,3
04000,제2종근린생활시설,경정비수리점,3
04000,제2종근린생활시설,근린생활서설,3
04000,제2종근린생활시설,제2종근린생확시설,3
04000,제2종근린생활시설,창고및사무소,3
04000,제2종근린생활시설,아파트형공장,3
04000,제2종근린생활시설,부주택,3
04000,제2종근린생활시설,수리점및단독주택,3
18000,창고시설,곳감건조장,3
19000,위험물저장및처리시설,사무실및숙소,3
18000,창고시설,농기구센타,3
07000,판매시설,2종근린생활,3
21000,동물및식물관련시설,한우비육,3
01000,단독주택,농가축사,3
Z5000,문화및집회시설,강당,3
17000,공장,bd담당,3
01000,단독주택,체육시설,3
03000,제1종근린생활시설,합기도장,3
16000,위락시설,주거시설,3
17000,공장,스타,3
09000,의료시설,1용도,3
02000,공동주택,공동주책,3
21000,동물및식물관련시설,세차장,3
17000,공장,관리숙소,3
17000,공장,지정폐기물창고,3
17000,공장,동물,3
01000,단독주택,농산물건조실,3
18000,창고시설,물품보관,3
01000,단독주택,축소,3
24000,방송통신시설,공익시설,3
04000,제2종근린생활시설,사무실및위판장,3
04000,제2종근린생활시설,분산상가,3
04000,제2종근린생활시설,잡용,3
17000,공장,보호장비제조,3
04000,제2종근린생활시설,철골조,3
04000,제2종근린생활시설,농업관련시설,3
03000,제1종근린생활시설,수세식,3
17000,공장,적환장,3
10000,교육연구시설,강의및,3
03000,제1종근린생활시설,수신면사무소,3
02000,공동주택,빗물저류조점검층,3
21000,동물및식물관련시설,육계시험계사,3
02000,공동주택,계량기실,3
22000,분뇨.쓰레기처리시설,ras,3
03000,제1종근린생활시설,근린생할,3
17000,공장,지정폐기물,3
01000,단독주택,연결통로,3
02000,공동주택,전시시설,3
17000,공장,외부,3
01000,단독주택,농수산물,3
,,사무실및,3
17000,공장,강의실,3
01000,단독주택,단독중택,3
05000,문화및집회시설,관람집회실,3
20000,자동차관련시설,근린시설,3
02000,공동주택,필라테스,3
01000,단독주택,향교,3
21000,동물및식물관련시설,0,3
01000,단독주택,다중주택16호,3
13000,운동시설,매점,3
21000,동물및식물관련시설,공동주택,3
01000,단독주택,농어가주택및,3
18000,창고시설,폐기물보관장,3
25000,발전시설,등,3
01000,단독주택,및처리시설,3
02000,공동주택,20호,3
02000,공동주택,태양열연립주택,3
02000,공동주택,생활편익시설및,3
03000,제1종근린생활시설,부동산,3
19000,위험물저장및처리시설,2용도,3
01000,단독주택,농어업인주택,3
19000,위험물저장및처리시설,lube,3
19000,위험물저장및처리시설,oil,3
21000,동물및식물관련시설,생,3
11000,노유자시설,다방,3
05000,문화및집회시설,곰사,3
15000,숙박시설,숙박실,3
04000,제2종근린생활시설,제조장및,3
Z9000,공공용시설,근린생활시설,3
04000,제2종근린생활시설,2종근린생활시설및노유자시설,3
15000,숙박시설,다가구,3
17000,공장,warm,3
17000,공장,자연순환관련시설,3
04000,제2종근린생활시설,제2종일반음식점,3
03000,제1종근린생활시설,자치회관,3
Z3000,근린생활시설,구매,3
17000,공장,배관창고,3
17000,공장,골재저장시설,3
17000,공장,h,3
02000,공동주택,환풍실,3
01000,단독주택,위험물처리,3
17000,공장,공해감지시설,3
,,사당,3
17000,공장,인조섬유직물제조업,3
10000,교육연구시설,2종근린생활시설및,3
Z3000,근린생활시설,농업용창고,3
01000,단독주택,본채,3
01000,단독주택,종묘장,3
07000,판매시설,다세대주택,3
17000,공장,기체여과기제조업,3
19000,위험물저장및처리시설,석유가스,3
17000,공장,가스분석실,3
02000,공동주택,도시형생활주택외,3
24000,방송통신시설,관리실,3
17000,공장,경비실및접견실,3
04000,제2종근린생활시설,철물,3
17000,공장,창고및식당,3
17000,공장,쇼트룸,3
17000,공장,체험실,3
12000,수련시설,수련관,3
18000,창고시설,배수지,3
21000,동물및식물관련시설,동물관련시설및분뇨,3
02000,공동주택,지하주차장p4,3
17000,공장,농산물산지유통센터,3
03000,제1종근린생활시설,1층점포,3
18000,창고시설,임산물저장,3
04000,제2종근린생활시설,교육연구시설외,3
21000,동물및식물관련시설,성계사,3
05000,문화및집회시설,산새장,3
17000,공장,협력업체사무실,3
03000,제1종근린생활시설,기계식주차기,3
14000,업무시설,근생및오피스텔,3
17000,공장,일반용조명장치제조업,3
10000,교육연구시설,전처리실,3
10000,교육연구시설,유치원동,3
02000,공동주택,관리방재실,3
17000,공장,도색장,3
10000,교육연구시설,구령대창고,3
10000,교육연구시설,농기계창고,3
04000,제2종근린생활시설,해사업무사무실,3
10000,교육연구시설,수기당,3
21000,동물및식물관련시설,세척실,3
04000,제2종근린생활시설,한옥부재가공제조업소,3
11000,노유자시설,로,3
07000,판매시설,종합시장,3
17000,공장,농산물가공제조시설,3
,,염소투입실,3
01000,단독주택,근린생활시설및창고,3
20000,자동차관련시설,부속실,3
20000,자동차관련시설,부동산중개업소,3
04000,제2종근린생활시설,고시학원,3
17000,공장,ech,3
05000,문화및집회시설,계단실,3
02000,공동주택,장비실,3
21000,동물및식물관련시설,약품보관소,3
17000,공장,ep조정실,3
11000,노유자시설,구매시설,3
01000,단독주택,농수산물보관,3
13000,운동시설,태권도,3
10000,교육연구시설,유아보육시설,3
01000,단독주택,농사창고,3
01000,단독주택,단독추택,3
17000,공장,용해실,3
01000,단독주택,처마,3
15000,숙박시설,발전기실,3
01000,단독주택,다구가용단독주택,3
20000,자동차관련시설,버스승강장,3
21000,동물및식물관련시설,사당,3
14000,업무시설,교육원,3
18000,창고시설,그린생활시설,3
15000,숙박시설,노래연습실,3
04000,제2종근린생활시설,탱크,3
04000,제2종근린생활시설,점포및창고,3
14000,업무시설,은행사무실,3
01000,단독주택,취수장,3
27000,관광휴게시설,그늘집,3
02000,공동주택,0,3
04000,제2종근린생활시설,양수실,3
01000,단독주택,공영주택,3
04000,제2종근린생활시설,면회실,3
02000,공동주택,공통주택,3
23000,교정및군사시설,독신숙소,3
01000,단독주택,세멘벽돌,3
03000,제1종근린생활시설,16세대,3
02000,공동주택,기계전기발전기실,3
04000,제2종근린생활시설,근린생활시설및기숙사,3
01000,단독주택,5주택,3
04000,제2종근린생활시설,전자변성기제조업,3
02000,공동주택,비지니스룸,3
17000,공장,경축순환자원화센터,3
10000,교육연구시설,후생관,3
04000,제2종근린생활시설,예,3
03000,제1종근린생활시설,지역공공시설,3
02000,공동주택,비상계단,3
18000,창고시설,97,3
17000,공장,보온창고,3
04000,제2종근린생활시설,학교,3
02000,공동주택,cs센터,3
17000,공장,창고등,3
21000,동물및식물관련시설,정수처리장,3
19000,위험물저장및처리시설,정비고,3
01000,단독주택,79년,3
17000,공장,차량시험동,3
22000,분뇨.쓰레기처리시설,관랑환기실,3
10000,교육연구시설,우체국,3
13000,운동시설,공연장,3
03000,제1종근린생활시설,사원식당,3
03000,제1종근린생활시설,통신실,3
01000,단독주택,재가노인복지시설,3
17000,공장,경비탑,3
21000,동물및식물관련시설,동물및식관련시설,3
11000,노유자시설,1건,3
18000,창고시설,부속용도,3
17000,공장,단무지,3
17000,공장,환풍기제조,3
21000,동물및식물관련시설,및주택,3
11000,노유자시설,다세대,3
17000,공장,29,3
01000,단독주택,우분장,3
14000,업무시설,전시실,3
17000,공장,및주택,3
18000,창고시설,부자재창고,3
08000,운수시설,3선석,3
02000,공동주택,비상전원실,3
Z5000,문화및집회시설,기숙사,3
04000,제2종근린생활시설,목공예,3
04000,제2종근린생활시설,폐기물처리시설,3
14000,업무시설,도시형생활주택원룸형,3
10000,교육연구시설,주차타워,3
05000,문화및집회시설,2종근생,3
27000,관광휴게시설,공원관리소,3
27000,관광휴게시설,자동차야영장,3
14000,업무시설,현장대기소,3
14000,업무시설,본관동,3
01000,단독주택,주택의부속,3
01000,단독주택,동물및식물관리시설,3
10000,교육연구시설,사모정강의실및실습장,3
02000,공동주택,외5,3
10000,교육연구시설,동아리실,3
19000,위험물저장및처리시설,lpg용기검사,3
11000,노유자시설,정,3
10000,교육연구시설,기술연구소,3
31000,야영장시설,화장실및샤워실,3
25000,발전시설,암모니아수,3
17000,공장,원료처리설비공장,3
17000,공장,원액동,3
17000,공장,콤푸렛사실,3
17000,공장,분쇄품창고,3
17000,공장,콘트롤타워,3
17000,공장,작업장및사무실,3
10000,교육연구시설,가스보관창고,3
12000,수련시설,기타야영장시설,3
22000,분뇨.쓰레기처리시설,음식물류폐기물,3
08000,운수시설,검수시설,3
01000,단독주택,13가구다가구,3
23000,교정및군사시설,차양막,3
03000,제1종근린생활시설,화관,3
02000,공동주택,지하주차장p3,3
03000,제1종근린생활시설,재활용품보관소,3
03000,제1종근린생활시설,소매점용창고,3
21000,동물및식물관련시설,주차관제부스,3
19000,위험물저장및처리시설,가스탱크검사실,3
04000,제2종근린생활시설,해태가공공장,3
04000,제2종근린생활시설,마을공동작업소,3
06000,종교시설,교회강당,3
04000,제2종근린생활시설,기타제2종근생,3
04000,제2종근린생활시설,제조업소및주택,3
13000,운동시설,부속화장실,3
17000,공장,운전원실,3
03000,제1종근린생활시설,전신전화국기계실,3
11000,노유자시설,모종,3
03000,제1종근린생활시설,유류판매장,3
03000,제1종근린생활시설,농가용창고,3
17000,공장,자전거,3
03000,제1종근린생활시설,근린공용시설,3
03000,제1종근린생활시설,근린생활시설및공동주택,3
31000,야영장시설,식기세척장,3
05000,문화및집회시설,회랑,3
01000,단독주택,창고외,3
18000,창고시설,어물창고,3
17000,공장,이동식,3
21000,동물및식물관련시설,출하장,3
18000,창고시설,미곡건조저장시설,3
18000,창고시설,농산물개량저장고,3
21000,동물및식물관련시설,부속저온창고,3
18000,창고시설,공조실,3
01000,단독주택,시멘트기와,3
17000,공장,쓰레기하치장,3
02000,공동주택,분양아파트,3
02000,공동주택,소화약재실,3
02000,공동주택,준공공임대주택,3
04000,제2종근린생활시설,근린생활시설5,3
01000,단독주택,가건물,3
Z6000,판매및영업시설,창고시설,3
09000,의료시설,4,3
02000,공동주택,1개소,3
19000,위험물저장및처리시설,종사원숙소,3
03000,제1종근린생활시설,공공사무실,3
20000,자동차관련시설,영업소,3
01000,단독주택,근린생시설,3
19000,위험물저장및처리시설,손세차장,3
04000,제2종근린생활시설,세차장사무소,3
10000,교육연구시설,수장고,3
17000,공장,클린룸,3
14000,업무시설,위험물취급소,3
05000,문화및집회시설,체험관1부속채,3
21000,동물및식물관련시설,작물재배소,3
18000,창고시설,창고기설,3
18000,창고시설,농사,3
01000,단독주택,다가구단독주택3가구,3
18000,창고시설,창고및욕실,3
01000,단독주택,목가주택,3
18000,창고시설,제1종근린생활시설및창고시설,3
21000,동물및식물관련시설,종계계사,3
21000,동물및식물관련시설,양식장관리사,3
21000,동물및식물관련시설,브로아실,3
01000,단독주택,한전사택,3
18000,창고시설,마을공동농산물보관창고,3
18000,창고시설,저탄장,3
18000,창고시설,묘지관련시설,3
21000,동물및식물관련시설,잠실및관리사,3
02000,공동주택,청소용역원실,3
30000,자원순환관련시설,폐기물재활용시설공장,3
02000,공동주택,지하주차장및부대시설,3
17000,공장,p조정실,3
17000,공장,제조및부대시설,3
02000,공동주택,생활폐기물보관함,3
19000,위험물저장및처리시설,출하통제실,3
20000,자동차관련시설,자동차과련시설,3
04000,제2종근린생활시설,연쇄점및사무실,3
06000,종교시설,수련관,3
06000,종교시설,문중재실,3
04000,제2종근린생활시설,염불당,3
04000,제2종근린생활시설,근린생활시설외3,3
04000,제2종근린생활시설,제2종근린생활시성,3
04000,제2종근린생활시설,농기구수리쎈타,3
17000,공장,농수산물가공시설,3
13000,운동시설,클레이사대,3
11000,노유자시설,아동회관,3
03000,제1종근린생활시설,근리생활시설및주택,3
03000,제1종근린생활시설,휴게정자,3
03000,제1종근린생활시설,일용품소매점및주택,3
03000,제1종근린생활시설,새마을작업장,3
03000,제1종근린생활시설,마을농기계공동보관창고,3
18000,창고시설,문화,3
10000,교육연구시설,운동장,3
17000,공장,농산물집하장,3
04000,제2종근린생활시설,유류창고,3
05000,문화및집회시설,교육장,3
19000,위험물저장및처리시설,경정비,3
08000,운수시설,보일러실,3
11000,노유자시설,청소년수련시설,3
01000,단독주택,은행,3
04000,제2종근린생활시설,롤러스케이트장,3
Z8000,교육연구및복지시설,제1종,3
17000,공장,부대복리시설,3
04000,제2종근린생활시설,분석실,3
17000,공장,주전기실,3
04000,제2종근린생활시설,연구,3
14000,업무시설,생활형숙박시설,3
10000,교육연구시설,농업작물연구소,3
04000,제2종근린생활시설,영수학원,3
14000,업무시설,2종근린생활시설및업무시설,3
20000,자동차관련시설,1가구,3
Z9000,공공용시설,오수중계펌프장,3
04000,제2종근린생활시설,클럽하우스,3
12000,수련시설,제1,3
14000,업무시설,쓰레기분리수거장,3
02000,공동주택,계단탑,3
05000,문화및집회시설,집회실,3
17000,공장,당직실,3
23000,교정및군사시설,차고,3
18000,창고시설,수리센타,3
01000,단독주택,농업기반시설,3
18000,창고시설,예냉실,3
18000,창고시설,미생물창고,3
02000,공동주택,멀티스포츠룸,3
04000,제2종근린생활시설,열교환실,3
17000,공장,캔포장실,3
04000,제2종근린생활시설,부동산소개업소,3
04000,제2종근린생활시설,웅변학원,3
02000,공동주택,c동,3
20000,자동차관련시설,작업실,3
03000,제1종근린생활시설,마을문고,3
17000,공장,가공동,3
01000,단독주택,가압장,3
10000,교육연구시설,시험생산동,3
17000,공장,tdi,3
21000,동물및식물관련시설,등의,3
02000,공동주택,오수펌프실,3
Z5000,문화및집회시설,어린이집,3
17000,공장,알루미늄,3
04000,제2종근린생활시설,12,3
17000,공장,전자제품,3
18000,창고시설,사이로,3
02000,공동주택,테니스장라커룸,3
04000,제2종근린생활시설,지도소,3
02000,공동주택,근로자쉼터,3
30000,자원순환관련시설,축산폐수처리장,3
02000,공동주택,외부계단2,3
01000,단독주택,평가건,3
19000,위험물저장및처리시설,위험물제조시설,3
19000,위험물저장및처리시설,일반공장,3
14000,업무시설,소방훈련탑,3
13000,운동시설,스크린,3
21000,동물및식물관련시설,작불재배사,3
02000,공동주택,오수정화조계단실,3
26000,묘지관련시설,묘지,3
04000,제2종근린생활시설,연결통로,3
10000,교육연구시설,근린생활시설및주택,3
10000,교육연구시설,교양학관,3
04000,제2종근린생활시설,제2종근린생활외,3
10000,교육연구시설,실험소,3
04000,제2종근린생활시설,점,3
11000,노유자시설,장애인작업장,3
17000,공장,크링커,3
05000,문화및집회시설,공공업무시설,3
14000,업무시설,정화조관리층,3
14000,업무시설,터널관리소,3
05000,문화및집회시설,제2종근린시설,3
31000,야영장시설,2,3
03000,제1종근린생활시설,농업인건강관리실,3
17000,공장,대자리가공,3
17000,공장,운영실,3
03000,제1종근린생활시설,단독주택시설,3
02000,공동주택,독서카페,3
03000,제1종근린생활시설,주유대,3
06000,종교시설,신검당,3
19000,위험물저장및처리시설,자동세차시설,3
18000,창고시설,오락실,3
17000,공장,38,3
06000,종교시설,법회실,3
10000,교육연구시설,동아리방,3
03000,제1종근린생활시설,마을공동농기계,3
13000,운동시설,근린생활,3
23000,교정및군사시설,2,3
04000,제2종근린생활시설,안마원,3
17000,공장,1종근생,3
03000,제1종근린생활시설,지하공동구출입구,3
01000,단독주택,곳간채,3
03000,제1종근린생활시설,보건소진료소,3
18000,창고시설,배양장,3
04000,제2종근린생활시설,사무소및다가구주택,3
01000,단독주택,근린시설주택,3
04000,제2종근린생활시설,포장실,3
02000,공동주택,04,3
17000,공장,포장용기제조,3
04000,제2종근린생활시설,농기구창고,3
14000,업무시설,세차장,3
01000,단독주택,위락시설및,3
04000,제2종근린생활시설,곶감건조장,3
Z3000,근린생활시설,헛간,3
06000,종교시설,노전,3
04000,제2종근린생활시설,센타,3
01000,단독주택,축사및화장실,3
15000,숙박시설,공공용시설,3
10000,교육연구시설,제품창고,3
24000,방송통신시설,단독주택,3
03000,제1종근린생활시설,부속실,3
17000,공장,저장처리업,3
Z3000,근린생활시설,시험실,3
06000,종교시설,방,3
02000,공동주택,33,3
17000,공장,현관,3
04000,제2종근린생활시설,실내축구장,3
08000,운수시설,외,3
09000,의료시설,숙박시설,3
10000,교육연구시설,외국인학교,3
20000,자동차관련시설,주방,3
04000,제2종근린생활시설,칠성당,3
18000,창고시설,농용자재창고,3
22000,분뇨.쓰레기처리시설,수소스테이션,3
07000,판매시설,미용원,3
Z3000,근린생활시설,2동,3
10000,교육연구시설,지원업무시설,3
10000,교육연구시설,폐수처리시설,3
11000,노유자시설,2종근린생활시설및노유자시설,3
01000,단독주택,교육및복지시설,3
11000,노유자시설,기타,3
02000,공동주택,115세대,3
03000,제1종근린생활시설,탁아소,3
05000,문화및집회시설,기계,3
11000,노유자시설,노유자시시설,3
01000,단독주택,위락시설및주택,3
03000,제1종근린생활시설,제1종근린생활시서,3
01000,단독주택,단독주택4,3
17000,공장,환경위생시설,3
02000,공동주택,210동,3
17000,공장,까스실,3
18000,창고시설,검사장,3
02000,공동주택,관리실등,3
14000,업무시설,강의실,3
18000,창고시설,3가구,3
03000,제1종근린생활시설,성당,3
10000,교육연구시설,체육장,3
17000,공장,1차가공공장,3
10000,교육연구시설,판매,3
05000,문화및집회시설,집회,3
04000,제2종근린생활시설,고,3
02000,공동주택,정화조중간관리층,3
10000,교육연구시설,행정실,3
19000,위험물저장및처리시설,보관창고,3
17000,공장,크링커인출구동부no,3
21000,동물및식물관련시설,저온처리실,3
20000,자동차관련시설,검사실,3
13000,운동시설,시동대피소,3
10000,교육연구시설,교육연구시설초등,3
,,저장,3
25000,발전시설,쉘터,3
21000,동물및식물관련시설,가축용축사,3
02000,공동주택,가바나실,3
02000,공동주택,승강기탑,3
02000,공동주택,사원기숙사,3
02000,공동주택,폐기물저장창고,3
07000,판매시설,관상수사무실,3
10000,교육연구시설,외국어연수원,3
07000,판매시설,청과물중매인점포,3
,,노인회관,3
,,농업용주택및농업용창고,3
01000,단독주택,부속관사,3
19000,위험물저장및처리시설,폐기물창고,3
22000,분뇨.쓰레기처리시설,사료화시설,3
14000,업무시설,쓰레기분리장,3
03000,제1종근린생활시설,마을공동찜질방,3
03000,제1종근린생활시설,점포및당구장,3
03000,제1종근린생활시설,자동전화기기보존실,3
03000,제1종근린생활시설,청년회관,3
03000,제1종근린생활시설,국궁장,3
03000,제1종근린생활시설,검조소,3
03000,제1종근린생활시설,1종근린생할시설,3
04000,제2종근린생활시설,우량실,3
04000,제2종근린생활시설,근생시설및,3
21000,동물및식물관련시설,메추리사육사,3
19000,위험물저장및처리시설,200,3
18000,창고시설,장비보관창고,3
21000,동물및식물관련시설,돈분저장소,3
03000,제1종근린생활시설,군법원,3
Z5000,문화및집회시설,점포,3
Z9000,공공용시설,공공업무시설,3
03000,제1종근린생활시설,배수시설,3
03000,제1종근린생활시설,정유장,3
03000,제1종근린생활시설,제1기숙사,3
01000,단독주택,다중주택17호,3
03000,제1종근린생활시설,외1종,3
04000,제2종근린생활시설,및노유자시설,3
01000,단독주택,유류,3
17000,공장,제재공장,3
17000,공장,원료탱크실,3
04000,제2종근린생활시설,차양,3
17000,공장,에프,3
05000,문화및집회시설,생활관,3
03000,제1종근린생활시설,정압동,3
11000,노유자시설,집회장,3
03000,제1종근린생활시설,자동차시설,3
15000,숙박시설,주택및여관,3
03000,제1종근린생활시설,특산품판매장,3
03000,제1종근린생활시설,톨게이트,3
04000,제2종근린생활시설,유도장,3
03000,제1종근린생활시설,전당포,3
05000,문화및집회시설,문각,3
18000,창고시설,선별작업장,3
04000,제2종근린생활시설,7세대,3
02000,공동주택,엘리베이터홀,3
17000,공장,일반철물제조,3
21000,동물및식물관련시설,개방식축사,3
05000,문화및집회시설,일반업무시설,3
04000,제2종근린생활시설,및다세대주택,3
11000,노유자시설,경로당및,3
01000,단독주택,제2종근린생,3
06000,종교시설,헛간,3
02000,공동주택,쓰레기처리시설,3
21000,동물및식물관련시설,사료배합실,3
19000,위험물저장및처리시설,lpg저장고,3
21000,동물및식물관련시설,고정식온실,3
03000,제1종근린생활시설,주거용,3
17000,공장,탄약고,3
04000,제2종근린생활시설,의무실,3
Z3000,근린생활시설,피아노학원,3
15000,숙박시설,면적제외,3
14000,업무시설,간이음식점,3
04000,제2종근린생활시설,농협사무실,3
04000,제2종근린생활시설,구호소,3
06000,종교시설,기도터,3
04000,제2종근린생활시설,농임산물작업장,3
Z3000,근린생활시설,소독실,3
17000,공장,권양실,3
17000,공장,소파및내장가구제조업,3
17000,공장,도자기공장및관리사,3
08000,운수시설,조작실,3
20000,자동차관련시설,도장부,3
17000,공장,용수기계실,3
01000,단독주택,철골조,3
18000,창고시설,가구보관창고,3
01000,단독주택,근린생활시설및주택및노유자시설,3
18000,창고시설,부속사및창고,3
17000,공장,공무창고,3
21000,동물및식물관련시설,사슴사육장관리사,3
18000,창고시설,문서창고,3
01000,단독주택,주택부물치,3
01000,단독주택,농산물창고및주택,3
01000,단독주택,부속가,3
18000,창고시설,회관창고,3
01000,단독주택,2세대다가구용,3
27000,관광휴게시설,사주문,3
17000,공장,펌,3
14000,업무시설,위험물,3
04000,제2종근린생활시설,교직사,3
21000,동물및식물관련시설,택,3
03000,제1종근린생활시설,주택시설,3
20000,자동차관련시설,위험물저장및,3
02000,공동주택,주민자치회의실,3
01000,단독주택,다가,3
17000,공장,셔츠,3
20000,자동차관련시설,영업시설,3
01000,단독주택,퇴바사,3
01000,단독주택,근린생활시설및다세대주택,3
02000,공동주택,26,3
17000,공장,자동조정,3
17000,공장,보일러조정실,3
17000,공장,메주공장,3
20000,자동차관련시설,감시실,3
02000,공동주택,전시실,3
06000,종교시설,독서실,3
20000,자동차관련시설,5,3
07000,판매시설,관리소,3
03000,제1종근린생활시설,마을문화회관,3
03000,제1종근린생활시설,공동탕,3
02000,공동주택,펌프전기실,3
03000,제1종근린생활시설,이용시설,3
13000,운동시설,대중음식점,3
19000,위험물저장및처리시설,고압가스저장고,3
22000,분뇨.쓰레기처리시설,음식물처리시설,3
03000,제1종근린생활시설,스키대여점,3
03000,제1종근린생활시설,공동주택외,3
03000,제1종근린생활시설,1종및2종근린생활시설,3
10000,교육연구시설,농장,3
Z3000,근린생활시설,독서실,3
02000,공동주택,행복센터,3
17000,공장,ccr,3
04000,제2종근린생활시설,전자부품제조장,3
17000,공장,가정용,3
03000,제1종근린생활시설,수질검사소,3
27000,관광휴게시설,판매시설,3
02000,공동주택,폐기물집하장,3
06000,종교시설,숙직실,3
Z3000,근린생활시설,판매및영업시설,3
03000,제1종근린생활시설,공중화장실및,3
01000,단독주택,부속건물2호,3
04000,제2종근린생활시설,콩나물재배장,3
04000,제2종근린생활시설,제2조근린생활시설,3
04000,제2종근린생활시설,일반목재가구제조장,3
11000,노유자시설,노인공동생활가정,3
03000,제1종근린생활시설,관리인사택,3
03000,제1종근린생활시설,급속여과지동,3
02000,공동주택,단지형13세대,3
11000,노유자시설,마을회관및노인정,3
03000,제1종근린생활시설,사각정자,3
03000,제1종근린생활시설,외부화장실,3
03000,제1종근린생활시설,병실,3
04000,제2종근린생활시설,농수산물보관및관리관련시설,3
04000,제2종근린생활시설,두부공장,3
06000,종교시설,교회시설,3
27000,관광휴게시설,위락시설,3
Z8000,교육연구및복지시설,구령대,3
13000,운동시설,편익시설,3
17000,공장,벌크,3
18000,창고시설,유통시설창고,3
19000,위험물저장및처리시설,출하실,3
17000,공장,공장및공장,3
19000,위험물저장및처리시설,연결통로,3
19000,위험물저장및처리시설,화약취급소,3
17000,공장,목공예작업장,3
17000,공장,정수시설,3
17000,공장,보온실,3
17000,공장,제조동,3
04000,제2종근린생활시설,부속채,3
17000,공장,확산동,3
17000,공장,가스제조,3
21000,동물및식물관련시설,직원숙소용관리사,3
02000,공동주택,주택및소매점,3
27000,관광휴게시설,생활관,3
27000,관광휴게시설,산림문화휴양관,3
27000,관광휴게시설,전시장,3
05000,문화및집회시설,경로당,3
01000,단독주택,농어촌주택개량,3
02000,공동주택,87세대,3
14000,업무시설,부속차고,3
03000,제1종근린생활시설,여과조절실,3
03000,제1종근린생활시설,다락,3
17000,공장,lcp,3
18000,창고시설,관람집회시설,3
Z6000,판매및영업시설,생활시설,3
Z5000,문화및집회시설,생활관,3
01000,단독주택,사설학원,3
18000,창고시설,직원식당,3
02000,공동주택,내부근로자휴게실,3
18000,창고시설,농산물보관및관리시설,3
03000,제1종근린생활시설,석유판매취급소,3
01000,단독주택,단독용다가구주택,3
21000,동물및식물관련시설,계사창고,3
02000,공동주택,보조기계실,3
18000,창고시설,농업시설물,3
02000,공동주택,요가,3
04000,제2종근린생활시설,가구제조공장,3
02000,공동주택,수전실,3
,,당구장,3
17000,공장,컴퓨레셔실,3
18000,창고시설,목재창고,3
01000,단독주택,판넬지붕,3
02000,공동주택,작은도서관1,3
26000,묘지관련시설,단독주택,3
01000,단독주택,의료기기판매소,3
08000,운수시설,신호계전기실,3
02000,공동주택,저류조펌프실,3
10000,교육연구시설,보통교실,3
04000,제2종근린생활시설,기숙사및,3
Z8000,교육연구및복지시설,경비실,3
09000,의료시설,수녀원,3
02000,공동주택,보이라,3
04000,제2종근린생활시설,가압펌프장,3
02000,공동주택,기계실외,3
19000,위험물저장및처리시설,종업원숙소,3
07000,판매시설,지열기계실,3
01000,단독주택,경정비업소,3
22000,분뇨.쓰레기처리시설,오폐수종말처리장,3
04000,제2종근린생활시설,식당및주방,3
04000,제2종근린생활시설,저온저장창고,3
17000,공장,상점,3
01000,단독주택,복합시설,3
19000,위험물저장및처리시설,액화수소충전소,3
21000,동물및식물관련시설,통,3
01000,단독주택,챙,3
10000,교육연구시설,교,3
03000,제1종근린생활시설,대중,3
10000,교육연구시설,근린,3
14000,업무시설,29세대,3
16000,위락시설,근린,3
18000,창고시설,보일러실및창고,3
19000,위험물저장및처리시설,숙박시설,3
21000,동물및식물관련시설,차량소독기,3
03000,제1종근린생활시설,생활편익,3
21000,동물및식물관련시설,공구창고,3
17000,공장,특산물,3
11000,노유자시설,법당,3
03000,제1종근린생활시설,탄천면사무소,3
19000,위험물저장및처리시설,비가림시설,3
19000,위험물저장및처리시설,액화석유가스저장고,3
17000,공장,직원대기소,3
19000,위험물저장및처리시설,5냉연공장,3
20000,자동차관련시설,노외주차장부대시설,3
22000,분뇨.쓰레기처리시설,폐기물중간처리업재활용시설,3
17000,공장,옹기굴,3
03000,제1종근린생활시설,제1종근린생활시설소매점,3
22000,분뇨.쓰레기처리시설,퇴비저장고,3
03000,제1종근린생활시설,쓰레기집하장,3
27005,휴게소,휴게소,3
03000,제1종근린생활시설,상수도취수시설,3
03000,제1종근린생활시설,점포및관리실,3
33000,"국방,군사시설",창고시설,3
03000,제1종근린생활시설,근린공공시설외1용도,3
03000,제1종근린생활시설,자전거보관소,3
11000,노유자시설,기타복지시설,3
02000,공동주택,펌프관리실,3
04000,제2종근린생활시설,창고제2종근린생활시설,3
11000,노유자시설,본관,3
21000,동물및식물관련시설,오리시육장,3
17000,공장,co2충전장,3
20000,자동차관련시설,기계실포함,3
10000,교육연구시설,근로청소년회관,3
08000,운수시설,시외버스정류장,3
01000,단독주택,공동식당,3
17000,공장,잡옥실,3
19000,위험물저장및처리시설,연구팀,3
05000,문화및집회시설,문화생활관,3
27000,관광휴게시설,기타부수시설,3
11000,노유자시설,특별요양동,3
17000,공장,화학비료제조업,3
10000,교육연구시설,창고1동,3
24000,방송통신시설,원격교환장치,3
07000,판매시설,통합경비실,3
30000,자원순환관련시설,재활용,3
29000,장례시설,소매점,3
06000,종교시설,펌프실,3
17000,공장,2공장,3
03000,제1종근린생활시설,지역대,3
30000,자원순환관련시설,중계펌프장,3
02000,공동주택,상상도서관,3
14000,업무시설,무인택배실,3
16000,위락시설,외1종,3
18000,창고시설,양곡저장소,3
01000,단독주택,23실,3
18000,창고시설,농업용자재보관창고,3
01000,단독주택,시멘트벽돌,3
18000,창고시설,가스보관창고,3
21000,동물및식물관련시설,퇴비처리시설,3
27000,관광휴게시설,고객쉼터,3
18000,창고시설,농업용저장창고,3
18000,창고시설,자동창고,3
01000,단독주택,다가구주택및1종근,3
03000,제1종근린생활시설,및교육연구시설,3
17000,공장,트럭출하장,3
08000,운수시설,본체,3
02000,공동주택,맘스아카데미,3
17000,공장,목재품제조업,3
17000,공장,목제품,3
15000,숙박시설,파고라,3
12000,수련시설,펌프실,3
06000,종교시설,승강기,3
04000,제2종근린생활시설,유류판매취급소,3
03000,제1종근린생활시설,제2,3
13000,운동시설,주민공동시설,3
03000,제1종근린생활시설,제품창고,3
21000,동물및식물관련시설,농,3
04000,제2종근린생활시설,제단,3
01000,단독주택,가구용,3
10000,교육연구시설,검도장,3
20000,자동차관련시설,관리동,3
18000,창고시설,연구소,3
01000,단독주택,17가구용,3
04000,제2종근린생활시설,자연공원시설,3
02000,공동주택,공동취사장,3
02000,공동주택,쓰레기수거시설,3
21000,동물및식물관련시설,간이퇴비장,3
01000,단독주택,상수도,3
21000,동물및식물관련시설,농가주택및동물관련시설,3
21000,동물및식물관련시설,종균배양시설,3
21000,동물및식물관련시설,농가창고및우사,3
18000,창고시설,우편물중개물류창고,3
01000,단독주택,변소및다용도실,3
18000,창고시설,상품전시창고,3
21000,동물및식물관련시설,버섯재재사,3
01000,단독주택,조립식주택,3
18000,창고시설,해태가공처리장,3
18000,창고시설,멸치건조장,3
21000,동물및식물관련시설,제거식화장실,3
01000,단독주택,다가구주택및근린,3
01000,단독주택,보일러실및주택,3
18000,창고시설,농기계임대사업장,3
01000,단독주택,가게,3
14000,업무시설,오피스텔외2,3
03000,제1종근린생활시설,수산물보관판매시설,3
10000,교육연구시설,황토방,3
14000,업무시설,주차전용건축물,3
17000,공장,프,3
13000,운동시설,선수대기석,3
18000,창고시설,자제창고,3
15000,숙박시설,근린생활및숙박시설,3
14000,업무시설,관련시설,3
13000,운동시설,아이스링크,3
17000,공장,전력조정실,3
19000,위험물저장및처리시설,용기보관창고,3
21000,동물및식물관련시설,회관,3
03000,제1종근린생활시설,주택및사무실,3
10000,교육연구시설,공연장,3
21000,동물및식물관련시설,건창고,3
18000,창고시설,저수조,3
04000,제2종근린생활시설,금속판,3
01000,단독주택,기타지붕,3
03000,제1종근린생활시설,다가구2세대,3
01000,단독주택,다가주,3
18000,창고시설,정화조,3
01000,단독주택,부동산중개업,3
06000,종교시설,참선실,3
19000,위험물저장및처리시설,lpg가스충전소,3
04000,제2종근린생활시설,일반게임제공업,3
01000,단독주택,97농촌주거환경개선사업,3
18000,창고시설,퇴비,3
04000,제2종근린생활시설,설,3
18000,창고시설,종교집회장,3
27000,관광휴게시설,그늘막,3
19000,위험물저장및처리시설,운수시설,3
03000,제1종근린생활시설,마을체험관,3
10000,교육연구시설,2동,3
17000,공장,부대창고,3
18000,창고시설,면회실,3
18000,창고시설,폐기물보관소,3
10000,교육연구시설,후생복리시설,3
17000,공장,노조사무실,3
Z8000,교육연구및복지시설,취사장,3
02000,공동주택,용역원사무실,3
04000,제2종근린생활시설,숙성실,3
02000,공동주택,6실,3
02000,공동주택,단지형다세대주택12세대,3
,,기계,3
03000,제1종근린생활시설,자치센터,3
21000,동물및식물관련시설,우사2동,3
04000,제2종근린생활시설,후생시설,3
02000,공동주택,관리사무소및공중변소,3
20000,자동차관련시설,4,3
17000,공장,면사제조,3
04000,제2종근린생활시설,녹차체험장,3
01000,단독주택,주택의,3
19000,위험물저장및처리시설,처리저장시설,3
17000,공장,영선실,3
15000,숙박시설,연수원,3
12000,수련시설,직원숙소,3
29000,장례시설,식당,3
18000,창고시설,유통센터,3
15000,숙박시설,목욕탕및여관,3
18000,창고시설,과일저장,3
04000,제2종근린생활시설,저장및,3
01000,단독주택,97농촌주거환경개선사업융자대상,3
13000,운동시설,학교,3
07000,판매시설,관광숙박시설,3
19000,위험물저장및처리시설,탱크터미널,3
27000,관광휴게시설,발전기실,3
,,지하실,3
04000,제2종근린생활시설,생시설및,3
21000,동물및식물관련시설,육성비육사,3
10000,교육연구시설,어린이도서관,3
17000,공장,연결건물,3
02000,공동주택,elev실,3
17000,공장,기타창고시설,3
17000,공장,질소충전대,3
17000,공장,보세장치장,3
17000,공장,기계창고,3
17000,공장,어망제조공장,3
,,마을회관,3
26000,묘지관련시설,부수되는,3
02000,공동주택,재활용보관실,3
02000,공동주택,가스공급시설,3
21000,동물및식물관련시설,유기질비료,3
04000,제2종근린생활시설,및부속사,3
18000,창고시설,농기구수리쎈타,3
18000,창고시설,간이수리소,3
10000,교육연구시설,조례대그늘막,3
10000,교육연구시설,정비실,3
18000,창고시설,사무실및숙소,3
03000,제1종근린생활시설,고,3
01000,단독주택,종교집회시설,3
05000,문화및집회시설,동무,3
04000,제2종근린생활시설,장판각,3
21000,동물및식물관련시설,약품,3
14000,업무시설,연수원,3
04000,제2종근린생활시설,94,3
19000,위험물저장및처리시설,처리시설외,3
10000,교육연구시설,급식,3
,,사찰,3
03000,제1종근린생활시설,탕비실,3
10000,교육연구시설,야외음악당,3
01000,단독주택,및일반음식점,3
14000,업무시설,업무실,3
17000,공장,진공분리기실,3
04000,제2종근린생활시설,일반게임제공업의,3
17000,공장,건견장,3
01000,단독주택,주택계량,3
14000,업무시설,단란주점,3
,,감귤저장고,3
01000,단독주택,전실,3
02000,공동주택,공동창고,3
02000,공동주택,다목적실1,3
03000,제1종근린생활시설,무도유흥음식점,3
12000,수련시설,매점,3
03000,제1종근린생활시설,회관및,3
03000,제1종근린생활시설,식물,3
02000,공동주택,자이안센터,3
03000,제1종근린생활시설,의류소매점,3
05000,문화및집회시설,보호각,3
14000,업무시설,기타업무시설,3
04000,제2종근린생활시설,농산물저온창고,3
20000,자동차관련시설,목욕탕,3
14000,업무시설,판매및,3
01000,단독주택,정화조,3
18000,창고시설,4,3
03000,제1종근린생활시설,직원휴게실,3
17000,공장,야외,3
21000,동물및식물관련시설,도,3
21000,동물및식물관련시설,실,3
01000,단독주택,간,3
20000,자동차관련시설,차량관리사무소,3
21000,동물및식물관련시설,발효시설,3
04000,제2종근린생활시설,일반제재소,3
04000,제2종근린생활시설,접객실,3
02000,공동주택,장애인용,3
06000,종교시설,삼신각,3
20000,자동차관련시설,종교집회장,3
04000,제2종근린생활시설,관람시설,3
01000,단독주택,주택1동,3
02000,공동주택,중간기계실1,3
21000,동물및식물관련시설,농산물작업장,3
01000,단독주택,광원사택,3
01000,단독주택,간이주방,3
02000,공동주택,diy룸,3
19000,위험물저장및처리시설,판매장,3
19000,위험물저장및처리시설,위험물저장및처리시설주유소,3
01000,단독주택,다구주택,3
13000,운동시설,4,3
01000,단독주택,다가구용단독조택,3
33000,"국방,군사시설",복지시설,3
18000,창고시설,a동,3
17000,공장,복리후생시설,3
01000,단독주택,주차,3
21000,동물및식물관련시설,감귤저장고,3
07000,판매시설,1종,3
01000,단독주택,단독주택및다가구주택,3
01000,단독주택,연구소,3
18000,창고시설,운전실,3
17000,공장,알반공장,3
09000,의료시설,심정옥,3
24000,방송통신시설,학원,3
18000,창고시설,벼건조기,3
04000,제2종근린생활시설,채광사무실,3
Z6000,판매및영업시설,위락시설,3
02000,공동주택,8동,3
17000,공장,용기보관실,3
02000,공동주택,원룸형9,3
04000,제2종근린생활시설,건축자재소매점,3
17000,공장,광산사무소,3
02000,공동주택,가압펜룸,3
17000,공장,화약류저장소,3
17000,공장,건미역가공공장,3
17000,공장,경비망대,3
14000,업무시설,체육관,3
17000,공장,옥외휴게실,3
18000,창고시설,콤프레셔실,3
02000,공동주택,t형,3
17000,공장,수선량계량기실,3
17000,공장,동물실험실,3
04000,제2종근린생활시설,교,3
17000,공장,등가구제조업,3
02000,공동주택,펌프및전기실,3
02000,공동주택,생활편익시설및제2종근린생활시설,3
30000,자원순환관련시설,공공시설,3
02000,공동주택,펌프실2,3
02000,공동주택,단지경비실,3
06000,종교시설,춘천교구청,3
18000,창고시설,양곡보관저온창고,3
01000,단독주택,건물부속,3
01000,단독주택,닭장,3
01000,단독주택,준농림지역,3
01000,단독주택,교회및주택,3
18000,창고시설,저온저장고및작업실,3
18000,창고시설,관리사및농기계창고,3
21000,동물및식물관련시설,팽이버섯재배사,3
14000,업무시설,외2용도,3
03000,제1종근린생활시설,농업용수양수장,3
03000,제1종근린생활시설,간이도계장,3
02000,공동주택,68세대,3
20000,자동차관련시설,부분정비업,3
03000,제1종근린생활시설,공공시설물,3
03000,제1종근린생활시설,정수실,3
03000,제1종근린생활시설,전기차,3
21000,동물및식물관련시설,사슴우리,3
22000,분뇨.쓰레기처리시설,조정실,3
22000,분뇨.쓰레기처리시설,공장시설,3
22000,분뇨.쓰레기처리시설,축분발효장,3
22000,분뇨.쓰레기처리시설,관리본관,3
04000,제2종근린생활시설,감시소,3
04000,제2종근린생활시설,제2종근린샌활시설,3
04000,제2종근린생활시설,산문,3
04000,제2종근린생활시설,천주교공소,3
21000,동물및식물관련시설,동믈관련시설,3
01000,단독주택,근린생활시설다가구주택,3
01000,단독주택,제1종근생및단독주택,3
21000,동물및식물관련시설,느타리재배사,3
21000,동물및식물관련시설,사료사,3
18000,창고시설,저장탱크,3
01000,단독주택,주용도,3
21000,동물및식물관련시설,관리사및사료창고,3
Z3000,근린생활시설,주,3
21000,동물및식물관련시설,퇴비사및관리사,3
21000,동물및식물관련시설,수산배양시설,3
19000,위험물저장및처리시설,자동차관련,3
15000,숙박시설,일반창고,3
02000,공동주택,오피스텔6호,3
01000,단독주택,다가구주택및1종근생,3
01000,단독주택,사원숙소,3
01000,단독주택,건축물임,3
17000,공장,금융업소,3
06000,종교시설,템플스테이,3
02000,공동주택,209동,3
04000,제2종근린생활시설,음식점및소매점,3
04000,제2종근린생활시설,전사각,3
01000,단독주택,지역아동센타,3
05000,문화및집회시설,사격장,3
17000,공장,pe,3
31000,야영장시설,자동차야영장,3
21000,동물및식물관련시설,창고및통로,3
08000,운수시설,동력동,3
19000,위험물저장및처리시설,주유영업소,3
14000,업무시설,오피스텔외,3
07000,판매시설,판매시설및,3
21000,동물및식물관련시설,전복,3
Z9000,공공용시설,교정시설,3
05000,문화및집회시설,청소년시설,3
04000,제2종근린생활시설,제책업,3
03000,제1종근린생활시설,로,3
13000,운동시설,관람석비가림용시설,3
06000,종교시설,교육연구시설교육관,3
17000,공장,자연숙성실,3
11000,노유자시설,교육연구및복지지설,3
11000,노유자시설,노유자시설외2,3
03000,제1종근린생활시설,위판소,3
03000,제1종근린생활시설,일반초소,3
11000,노유자시설,마을노인정,3
03000,제1종근린생활시설,단지형연립주택부대시설,3
04000,제2종근린생활시설,해태종합처리장,3
04000,제2종근린생활시설,주차장관리실,3
03000,제1종근린생활시설,뒷방울배수지,3
04000,제2종근린생활시설,스타트하우스,3
04000,제2종근린생활시설,사무실및판매장,3
20000,자동차관련시설,열처리장,3
18000,창고시설,주거,3
02000,공동주택,자전거리페어,3
Z3000,근린생활시설,판매,3
19000,위험물저장및처리시설,소방펌프실,3
27000,관광휴게시설,전시실,3
21000,동물및식물관련시설,김,3
11000,노유자시설,작업실,3
14000,업무시설,96호,3
03000,제1종근린생활시설,웅변학원,3
02000,공동주택,공동주택도시형생활주택,3
27000,관광휴게시설,민박,3
18000,창고시설,사설강습소,3
02000,공동주택,용역사무실,3
01000,단독주택,제12종근린생활시설,3
02000,공동주택,우수관리층,3
18000,창고시설,쓰레기보관창고,3
18000,창고시설,편성창고,3
01000,단독주택,파출소,3
01000,단독주택,콩나물재배사,3
02000,공동주택,셔틀ev,3
01000,단독주택,창고및보일러,3
04000,제2종근린생활시설,농기구써비스센타,3
17000,공장,19207,3
04000,제2종근린생활시설,종업원복지시설,3
10000,교육연구시설,b,3
02000,공동주택,제2종근린시설,3
02000,공동주택,기타사무소,3
17000,공장,부원료동,3
21000,동물및식물관련시설,축산분뇨처리장,3
01000,단독주택,주택13가구,3
24000,방송통신시설,사택,3
02000,공동주택,외부엘레베이터,3
19000,위험물저장및처리시설,cng충전소,3
03000,제1종근린생활시설,정비실,3
04000,제2종근린생활시설,위험물저장고,3
01000,단독주택,옥외창고,3
01000,단독주택,보건진료소,3
01000,단독주택,찰고,3
21000,동물및식물관련시설,축사통로,3
01000,단독주택,흙벽돌,3
21000,동물및식물관련시설,동물관련신설,3
18000,창고시설,과일저온창고,3
21000,동물및식물관련시설,미생물배양시설,3
01000,단독주택,농기주택,3
18000,창고시설,제어실,3
01000,단독주택,주단독주택,3
05000,문화및집회시설,새마을회관,3
21000,동물및식물관련시설,버섯배지생산시설,3
10000,교육연구시설,자연권수련시설,3
05000,문화및집회시설,대문채,3
17000,공장,창업보육센터,3
18000,창고시설,농주,3
17000,공장,저광사,3
17000,공장,공장관리사,3
17000,공장,설치용금속탱크및저장용기제조업,3
14000,업무시설,커뮤니티시설,3
14000,업무시설,바이크스테이션,3
03000,제1종근린생활시설,임가공업,3
16000,위락시설,펌프실,3
18000,창고시설,냉동냉장,3
04000,제2종근린생활시설,분리수거장,3
27000,관광휴게시설,화물차라운지,3
20000,자동차관련시설,검사동,3
13000,운동시설,골프장부속시설,3
01000,단독주택,사각정,3
17000,공장,수소저장실,3
17000,공장,a검사실,3
03000,제1종근린생활시설,무선기지국,3
04000,제2종근린생활시설,주택및사무소,3
04000,제2종근린생활시설,근린생활시설주차장,3
04000,제2종근린생활시설,2종근생및자동차관련시설,3
20000,자동차관련시설,정차장,3
13000,운동시설,궁도정,3
17000,공장,hopper,3
05000,문화및집회시설,좌익낭,3
17000,공장,당,3
01000,단독주택,작물재배사,3
22000,분뇨.쓰레기처리시설,슬러지처리시설,3
09000,의료시설,매점,3
03000,제1종근린생활시설,근린생활시설및운동시설,3
,,샤워실,3
02000,공동주택,및2종근린생활시설,3
01000,단독주택,떡공장,3
20000,자동차관련시설,제2종근린생활,3
02000,공동주택,단독,3
17000,공장,협력대기실,3
04000,제2종근린생활시설,소방펌프실,3
03000,제1종근린생활시설,수산물보관창고,3
06000,종교시설,농업생산시설,3
17000,공장,물품하역장,3
07000,판매시설,제연팬룸,3
02000,공동주택,근린생활시설및단독주택,3
17000,공장,폐기물감량화시설,3
02000,공동주택,미화,3
01000,단독주택,영유아보육,3
03000,제1종근린생활시설,노유지시설,3
27000,관광휴게시설,공중변소,3
03000,제1종근린생활시설,유류판매취급소,3
06000,종교시설,사회복지시설,3
22000,분뇨.쓰레기처리시설,tms실,3
08000,운수시설,교육연구시설,3
10000,교육연구시설,급식소및다목적실,3
25000,발전시설,발전실,3
14000,업무시설,소화펌프실,3
01000,단독주택,생및다가구용단독주택,3
10000,교육연구시설,강습소,3
04000,제2종근린생활시설,석유판매취급소,3
24000,방송통신시설,휴게실,3
16000,위락시설,1건,3
17000,공장,기계제어실,3
03000,제1종근린생활시설,교육연구복지시설,3
04000,제2종근린생활시설,자전거보관소,3
02000,공동주택,쓰레기분리수거실,3
14000,업무시설,새마을금고,3
04000,제2종근린생활시설,사찰및요사체,3
04000,제2종근린생활시설,화약고,3
16000,위락시설,체육시설,3
17000,공장,수산물산지가공시설,3
07000,판매시설,판매영업시설,3
17000,공장,욕탕,3
04000,제2종근린생활시설,음악감상실,3
04000,제2종근린생활시설,및사무소,3
01000,단독주택,퇴적장,3
03000,제1종근린생활시설,남자화장실,3
23000,교정및군사시설,관리사무실,3
23000,교정및군사시설,변전실,3
14000,업무시설,폐수처리장,3
04000,제2종근린생활시설,교육연구실,3
22000,분뇨.쓰레기처리시설,변압기실,3
21000,동물및식물관련시설,축분,3
03000,제1종근린생활시설,종실,3
04000,제2종근린생활시설,타이어수리점,3
01000,단독주택,일용품소매점및주택,3
17000,공장,cylinder,3
02000,공동주택,생활및구매시설,3
02000,공동주택,소방휀룸,3
17000,공장,구판장,3
02000,공동주택,지열실,3
02000,공동주택,알파룸,3
03000,제1종근린생활시설,근생및교육연구시설,3
23000,교정및군사시설,유류저장고,3
03000,제1종근린생활시설,배수지시설,3
21000,동물및식물관련시설,감시사,3
17000,공장,공정,3
02000,공동주택,휘트니스실,3
14000,업무시설,연결복도,3
14000,업무시설,현장사무실,3
27000,관광휴게시설,종합안내소,3
27000,관광휴게시설,주민공동이용시설,3
21000,동물및식물관련시설,시험산란계사,3
02000,공동주택,창고및보일러실,3
18000,창고시설,재활용보관창고,3
01000,단독주택,근린생활시설및주택및창고,3
18000,창고시설,수산물저장고,3
01000,단독주택,다가구단독주택5가구,3
01000,단독주택,다녹주택,3
01000,단독주택,단독주택창고시설,3
21000,동물및식물관련시설,임산물집하장,3
01000,단독주택,근린생활시및주택,3
22000,분뇨.쓰레기처리시설,양묘장,3
18000,창고시설,농업용건조기창고,3
01000,단독주택,직원합숙소,3
01000,단독주택,단독주택제2종근린생활시설,3
17000,공장,킬른피드빈,3
17000,공장,석탄저장고,3
17000,공장,공장용지,3
17000,공장,공장시설외1용도,3
04000,제2종근린생활시설,농기계수리작업장,3
04000,제2종근린생활시설,사택및예배당,3
04000,제2종근린생활시설,농지관리사,3
21000,동물및식물관련시설,버섯종묘배양시설,3
10000,교육연구시설,전기차충전기,3
04000,제2종근린생활시설,제2종근린생활시서설,3
04000,제2종근린생활시설,단독주택및일반음식점,3
02000,공동주택,재활용품저장고,3
02000,공동주택,부영아파트,3
02000,공동주택,쓰레기분리수거소,3
24000,방송통신시설,방송촬영용주택,3
02000,공동주택,재활용품분리수거보관소,3
24000,방송통신시설,이동통신시설,3
29000,장례시설,외1,3
07000,판매시설,판매시설및영업시설,3
21000,동물및식물관련시설,관,3
12000,수련시설,자연권수련원,3
09000,의료시설,보건지소,3
17000,공장,위험물보관장,3
10000,교육연구시설,중등학교,3
02000,공동주택,지하주차장동,3
02000,공동주택,나눔센터,3
06000,종교시설,쉼터,3
02000,공동주택,경비원휴게소,3
04000,제2종근린생활시설,공동주택외,3
17000,공장,원료투입동,3
10000,교육연구시설,사이버대학교,3
,,간이,3
17000,공장,편조원단제조업,3
03000,제1종근린생활시설,문화복지회관,3
03000,제1종근린생활시설,일용잡화점,3
03000,제1종근린생활시설,점포근린생활시설,3
03000,제1종근린생활시설,근린공공시설물,3
01000,단독주택,주택및제2종근,3
19000,위험물저장및처리시설,용기보관소,3
04000,제2종근린생활시설,미술강습소,3
08000,운수시설,숙박시설,3
04000,제2종근린생활시설,금형및관련제품제조업,3
20000,자동차관련시설,구내식당,3
20000,자동차관련시설,정비작업장,3
17000,공장,시멘트저장싸이로,3
04000,제2종근린생활시설,문구용지제조업,3
17000,공장,금속문및관련재품제조업,3
10004,연구소,연구소,3
15000,숙박시설,농어촌관광숙박시설,3
03000,제1종근린생활시설,발전시설,3
11000,노유자시설,교사,3
03000,제1종근린생활시설,의용소방대격납고,3
04000,제2종근린생활시설,양말제조,3
03000,제1종근린생활시설,상포,3
07000,판매시설,판매시설및창고,3
20000,자동차관련시설,자재보관창고,3
10000,교육연구시설,관람석지붕,3
08000,운수시설,부두대합실,3
10000,교육연구시설,교육동,3
18000,창고시설,농수산물판매장,3
02000,공동주택,일반주거,3
30000,자원순환관련시설,휴게시설,3
02000,공동주택,실내배드민턴장,3
17000,공장,콘크리트벽돌,3
10000,교육연구시설,경영관,3
21000,동물및식물관련시설,곰사육사,3
06000,종교시설,교회생활관,3
03000,제1종근린생활시설,매매장,3
02000,공동주택,판매시설및,3
20000,자동차관련시설,경정비,3
02000,공동주택,station,3
03000,제1종근린생활시설,제2종근리생활시설,3
17000,공장,끈,3
17000,공장,양곡싸이로,3
10000,교육연구시설,여고,3
17000,공장,제품제조업,3
22000,분뇨.쓰레기처리시설,샤워장,3
20000,자동차관련시설,우사,3
02000,공동주택,환기탑,3
20000,자동차관련시설,사택,3
02000,공동주택,도시형원룸형주택,3
13000,운동시설,물품창고,3
10000,교육연구시설,오수펌프실,3
01000,단독주택,94농촌주택개량대상건축물임,3
13000,운동시설,체험실,3
03000,제1종근린생활시설,욕장,3
04000,제2종근린생활시설,교회식당,3
04000,제2종근린생활시설,설선당,3
18000,창고시설,직판,3
21000,동물및식물관련시설,창고1동,3
13000,운동시설,예지물처리장,3
04000,제2종근린생활시설,18호,3
20000,자동차관련시설,정비업소,3
20000,자동차관련시설,드라이존,3
01000,단독주택,한옥주택,3
21000,동물및식물관련시설,2009,3
01000,단독주택,11가구주택,3
Z8000,교육연구및복지시설,연구실,3
05000,문화및집회시설,절,3
03000,제1종근린생활시설,비상급수양수장,3
17000,공장,밸브,3
04000,제2종근린생활시설,감리교회,3
11000,노유자시설,보육,3
04000,제2종근린생활시설,농산물유통가공처리시설,3
18000,창고시설,농시,3
02000,공동주택,폐기물보관소1,3
06000,종교시설,천불전,3
06000,종교시설,종교시설및단독주택,3
04000,제2종근린생활시설,일반주거,3
04000,제2종근린생활시설,소매점및주택,3
23000,교정및군사시설,사무소,3
23000,교정및군사시설,변소,3
18000,창고시설,지게차충전소,3
02000,공동주택,통합기계실,3
02000,공동주택,외부공용,3
02000,공동주택,마을공회당,3
03000,제1종근린생활시설,소방안전센터,3
03000,제1종근린생활시설,취수장기계실,3
03000,제1종근린생활시설,공용시설,3
01000,단독주택,5다가구,3
17000,공장,4가구,3
17000,공장,분진,3
02000,공동주택,통학차량,3
17000,공장,벨브실,3
17000,공장,쉼터,3
17000,공장,방재센타,3
17000,공장,수산물건조공장,3
17000,공장,공장및연구실,3
17000,공장,작업자휴게실,3
17000,공장,제2공장,3
17000,공장,소재금형공장,3
01000,단독주택,뱐소,3
21000,동물및식물관련시설,돈분창고,3
18000,창고시설,농사형창고,3
01000,단독주택,독주택,3
18000,창고시설,창고및식당,3
18000,창고시설,농산물하치장,3
01000,단독주택,대사관저,3
21000,동물및식물관련시설,농장,3
01000,단독주택,부대건물,3
03000,제1종근린생활시설,인쇄업,3
21000,동물및식물관련시설,해태종합처리장,3
02000,공동주택,112,3
17000,공장,n2,3
14000,업무시설,미용실,3
02000,공동주택,109동,3
04000,제2종근린생활시설,음식점및,3
02000,공동주택,유아시설,3
19000,위험물저장및처리시설,관리사무소,3
01000,단독주택,20가구,3
03000,제1종근린생활시설,고객센터,3
07000,판매시설,영업장,3
10000,교육연구시설,재활용보관소,3
07000,판매시설,작업장,3
,,농산물보관창고,3
02000,공동주택,옥외엘레베이터,3
,,52,3
01000,단독주택,유아원,3
01000,단독주택,96년도,3
,,감자저장창고,3
02000,공동주택,푸드카페,3
11000,노유자시설,2종근생,3
11000,노유자시설,노인전문병원,3
04000,제2종근린생활시설,중,3
04000,제2종근린생활시설,제품,3
04000,제2종근린생활시설,집,3
15000,숙박시설,2종근,3
15000,숙박시설,휴게,3
11000,노유자시설,소유자시설,3
04000,제2종근린생활시설,분식점,3
05000,문화및집회시설,부속,3
Z6000,판매및영업시설,장옥,3
04000,제2종근린생활시설,수배전반,3
04000,제2종근린생활시설,웅변,3
17000,공장,부동산중개업소,3
04000,제2종근린생활시설,동력실,3
02000,공동주택,주민실,3
12000,수련시설,수련실,3
,,성당,3
02000,공동주택,근린생활시설주차장,3
27000,관광휴게시설,온실,3
05000,문화및집회시설,업무,3
14000,업무시설,정화조,3
05000,문화및집회시설,숙직실,3
03000,제1종근린생활시설,당직실,3
09000,의료시설,병동,3
03000,제1종근린생활시설,12호,3
Z3000,근린생활시설,정비공장,3
14000,업무시설,48호,3
11000,노유자시설,세면장,3
14000,업무시설,야외무대,3
08000,운수시설,복지관,3
02000,공동주택,폐기물보관소2,3
03000,제1종근린생활시설,사격장,3
04000,제2종근린생활시설,일반목재가구,3
03000,제1종근린생활시설,청소년시설,3
19000,위험물저장및처리시설,회의실,3
03000,제1종근린생활시설,73,3
04000,제2종근린생활시설,중대본부,3
01000,단독주택,단무지공장,3
02000,공동주택,커뮤니티키친,3
18000,창고시설,및주택,3
02000,공동주택,재능기부센터,3
05000,문화및집회시설,수련시설,3
08000,운수시설,제2제품부두,3
14000,업무시설,전신전화국,3
02000,공동주택,노인정관리실,3
02000,공동주택,평스라브,3
10000,교육연구시설,격납고,3
06000,종교시설,동물관련시설,3
04000,제2종근린생활시설,middot,3
04000,제2종근린생활시설,c,3
04000,제2종근린생활시설,단군전,3
04000,제2종근린생활시설,카인테리어,3
14000,업무시설,설비실,3
03000,제1종근린생활시설,보이라,3
02000,공동주택,후생동,3
21000,동물및식물관련시설,정화시설,3
24000,방송통신시설,통신용,3
02000,공동주택,일반경비실,3
30000,자원순환관련시설,퇴비저장시설,3
30000,자원순환관련시설,고철장,3
03000,제1종근린생활시설,근린생활시설및주택1가구,3
03000,제1종근린생활시설,시장가게,3
11000,노유자시설,노유자시설및주택,3
03000,제1종근린생활시설,근린상가,3
03000,제1종근린생활시설,점포및상가,3
03000,제1종근린생활시설,선광장,3
03000,제1종근린생활시설,양로당,3
03000,제1종근린생활시설,근생제조장,3
18000,창고시설,단무지,3
01000,단독주택,저온창고및작업장,3
21000,동물및식물관련시설,자라,3
04000,제2종근린생활시설,근린생활시설및관람집회시설,3
04000,제2종근린생활시설,사우,3
04000,제2종근린생활시설,문각,3
06000,종교시설,유상각,3
02000,공동주택,관리및노인실,3
17000,공장,장식및장식용섬유제품제조업,3
17000,공장,운송출하과,3
17000,공장,물품제조업,3
17000,공장,서부화약고,3
17000,공장,포대및,3
17000,공장,유사제품제조,3
08000,운수시설,선로반,3
01000,단독주택,2018년,3
10000,교육연구시설,교육연및복지시설,3
12000,수련시설,자연학습장,3
10000,교육연구시설,업무시설외3,3
10000,교육연구시설,원사,3
24000,방송통신시설,간이vtr중계소,3
01000,단독주택,점포형다가구주택,3
21000,동물및식물관련시설,공작실,3
21000,동물및식물관련시설,버섯시험연구소,3
10000,교육연구시설,장애인특수학교,3
21000,동물및식물관련시설,톱밥발효우사및우분장,3
21000,동물및식물관련시설,낚시터관리사,3
18000,창고시설,농가부속창고,3
04000,제2종근린생활시설,지진계실,3
01000,단독주택,단독주택및농산물창고,3
21000,동물및식물관련시설,톱밥발효용축사,3
01000,단독주택,다가구용단독주택8가구,3
01000,단독주택,주거시설및점포,3
01000,단독주택,주택1,3
01000,단독주택,소유자등록,3
03000,제1종근린생활시설,농협연쇄점,3
Z3000,근린생활시설,관리사무소,3
17000,공장,알티룸,3
10000,교육연구시설,교육연구시설및단독주택,3
21000,동물및식물관련시설,농기구실,3
,,곡물건조장,3
08000,운수시설,경비동,3
31000,야영장시설,편익시설,3
19000,위험물저장및처리시설,위첨물저장및처리시설,3
17000,공장,샘플이송실,3
02000,공동주택,7개소,3
22000,분뇨.쓰레기처리시설,침전조,3
21000,동물및식물관련시설,퇴비처리장,3
02000,공동주택,매점,3
04000,제2종근린생활시설,선교관,3
04000,제2종근린생활시설,위판장,3
04000,제2종근린생활시설,부품실,3
14000,업무시설,약국,3
19000,위험물저장및처리시설,샤워실,3
10000,교육연구시설,회관,3
14000,업무시설,관람,3
03000,제1종근린생활시설,위병소,3
04000,제2종근린생활시설,배전실,3
27000,관광휴게시설,종교시설,3
17000,공장,ware,3
,,다중주택,3
Z3000,근린생활시설,회의실,3
21000,동물및식물관련시설,지렁이사육장,3
21000,동물및식물관련시설,1동,3
02000,공동주택,화재감시실,3
02000,공동주택,노인실,3
01000,단독주택,대성전,3
04000,제2종근린생활시설,일바음식점,3
04000,제2종근린생활시설,주유소사무실,3
05000,문화및집회시설,방송통신시설,3
04000,제2종근린생활시설,일반목욕장,3
30000,자원순환관련시설,중간재활용업,3
20000,자동차관련시설,도색장,3
19000,위험물저장및처리시설,정유소,3
19000,위험물저장및처리시설,위험물저장및처리시설외2,3
23000,교정및군사시설,사병식당,3
10000,교육연구시설,조례대및창고,3
,,주거용,3
17000,공장,설탕제조업,3
27000,관광휴게시설,관광휴게소,3
15000,숙박시설,편익시설,3
10000,교육연구시설,초중통합학교,3
07000,판매시설,일반게임제공업의,3
31000,야영장시설,다용도실,3
24000,방송통신시설,지식산업센터,3
01000,단독주택,다중주택15호,3
17000,공장,샘플링동,3
17000,공장,대리석보관소,3
11000,노유자시설,공공근린시설,3
18000,창고시설,건조대,3
17000,공장,원료저장실,3
03000,제1종근린생활시설,수산물직매장,3
18000,창고시설,보온창고,3
10000,교육연구시설,지역아동센터,3
18000,창고시설,사당,3
13000,운동시설,음수대,3
17000,공장,elev,3
17000,공장,폭기조,3
04000,제2종근린생활시설,요양병원,3
09000,의료시설,공공업무시설,3
26000,묘지관련시설,대문,3
03000,제1종근린생활시설,출판사,3
17000,공장,약품보관실,3
12000,수련시설,2종근린생활시설,3
14000,업무시설,39호,3
17000,공장,관련,3
17000,공장,정련,3
17000,공장,합금제조업,3
13000,운동시설,사무동,3
16000,위락시설,도장,3
17000,공장,모래,3
02000,공동주택,34,3
08000,운수시설,판매및,3
02000,공동주택,악기연습실,3
16000,위락시설,식당,3
02000,공동주택,실내골프,3
31000,야영장시설,남자화장실,3
Z8000,교육연구및복지시설,교육장,3
23000,교정및군사시설,여성편의시설,3
03000,제1종근린생활시설,도로공사,3
22000,분뇨.쓰레기처리시설,쓰레기시설,3
Z3000,근린생활시설,간이음식점,3
06000,종교시설,교회관리사,3
03000,제1종근린생활시설,노인회작업장,3
02000,공동주택,99세대,3
20000,자동차관련시설,기계,3
02000,공동주택,도시형생활주택11세대,3
11000,노유자시설,노자유시설,3
21000,동물및식물관련시설,29준공,3
22000,분뇨.쓰레기처리시설,축분처리시설,3
02000,공동주택,토론방,3
Z3000,근린생활시설,외2건,3
20000,자동차관련시설,기타시설,3
01000,단독주택,근린생활설,3
22000,분뇨.쓰레기처리시설,소독실,3
03000,제1종근린생활시설,여과지상가,3
03000,제1종근린생활시설,처소,3
03000,제1종근린생활시설,어촌계회관,3
03000,제1종근린생활시설,정압기실,3
02000,공동주택,보호자대기실,3
02000,공동주택,주차경비실,3
30000,자원순환관련시설,tms실,3
17000,공장,도정및제분업,3
04000,제2종근린생활시설,미술작업장,3
04000,제2종근린생활시설,기타2제종근린생활시설,3
04000,제2종근린생활시설,단독주택및제1,3
04000,제2종근린생활시설,일반음식점및다가구주택,3
04000,제2종근린생활시설,농기계수리장,3
03000,제1종근린생활시설,터널관리동,3
04000,제2종근린생활시설,지도소사무실,3
06000,종교시설,주택및종교시설,3
21000,동물및식물관련시설,우사방,3
01000,단독주택,농가주택및동물관련시설,3
18000,창고시설,볏집창고,3
01000,단독주택,차고및주택,3
21000,동물및식물관련시설,분재재배사,3
18000,창고시설,농수산물자재보관창고,3
18000,창고시설,과원창고,3
01000,단독주택,다가구주택및근린생활,3
18000,창고시설,농산물선과장,3
01000,단독주택,그늘막,3
01000,단독주택,새마을회관,3
18000,창고시설,기타근린공공시설,3
27000,관광휴게시설,정화조,3
18000,창고시설,농산물건조보관시설,3
Z9000,공공용시설,사무실,3
Z3000,근린생활시설,유흥음식점,3
20000,자동차관련시설,부품실,3
17000,공장,chemical,3
18000,창고시설,창고사무실,3
15000,숙박시설,처리시설,3
17000,공장,주택및창고,3
17000,공장,홀,3
Z3000,근린생활시설,예능계학원,3
18000,창고시설,세탁소,3
03000,제1종근린생활시설,일반게임제공업소,3
10000,교육연구시설,소방차고,3
04000,제2종근린생활시설,교실,3
03000,제1종근린생활시설,주태,3
05000,문화및집회시설,자동차관련시설,3
13000,운동시설,1종근린생활시설,3
18000,창고시설,건조기사,3
14000,업무시설,통신용시설,3
10000,교육연구시설,한방병원,3
19000,위험물저장및처리시설,위험물저장및취급시설,3
10000,교육연구시설,대학본관,3
21000,동물및식물관련시설,발전기,3
03000,제1종근린생활시설,5호,3
19000,위험물저장및처리시설,펌프장,3
14000,업무시설,쓰레기집적소,3
06000,종교시설,미륵전,3
08000,운수시설,관제탑,3
04000,제2종근린생활시설,염소투입실,3
Z3000,근린생활시설,동사무소,3
17000,공장,철공장,3
02000,공동주택,공유,3
31000,야영장시설,야영시설,3
03000,제1종근린생활시설,보관실,3
27000,관광휴게시설,행랑채,3
21000,동물및식물관련시설,a동,3
,,양계장,3
27000,관광휴게시설,휴게,3
14000,업무시설,지원시설,3
04000,제2종근린생활시설,제1종근린,3
22000,분뇨.쓰레기처리시설,정비실,3
18000,창고시설,c,3
01000,단독주택,분뇨장,3
08000,운수시설,철도,3
01000,단독주택,과자제조장,3
30000,자원순환관련시설,변전실,3
10000,교육연구시설,안전지킴이실,3
17000,공장,장갑편조업,3
21000,동물및식물관련시설,난재배사,3
17000,공장,식당및창고,3
02000,공동주택,치과의원,3
18000,창고시설,농약판매장,3
17000,공장,예금취급소,3
14000,업무시설,21세대,3
14000,업무시설,농기계수리점,3
17000,공장,농기계보관창고,3
10000,교육연구시설,복도,3
14000,업무시설,통신,3
04000,제2종근린생활시설,된장,3
17000,공장,주택및점포,3
JY,,창고,3
13000,운동시설,등,3
18000,창고시설,도료창고,3
02000,공동주택,제과점,3
04000,제2종근린생활시설,소화가스실,3
17000,공장,브로워실,3
21000,동물및식물관련시설,어류축양,3
17000,공장,냉장고,3
17000,공장,자재공장,3
17000,공장,두부,3
02000,공동주택,공동육아나눔센터,3
02000,공동주택,미화원휴게시설,3
22000,분뇨.쓰레기처리시설,전기동,3
04000,제2종근린생활시설,인터넷게임제공업소,3
19000,위험물저장및처리시설,저장탱크실,3
04000,제2종근린생활시설,자동차운전학원,3
06000,종교시설,사찰주택,3
06000,종교시설,비로전,3
01000,단독주택,창고외1용도,3
18000,창고시설,농기계보관창고및건조장,3
18000,창고시설,재활용품분류보관시설,3
18000,창고시설,창고창고,3
18000,창고시설,용기보관실,3
01000,단독주택,농가용주택및농가용창고,3
21000,동물및식물관련시설,버섯관리사,3
25000,발전시설,발전,3
18000,창고시설,농수산물유통센터,3
23000,교정및군사시설,군수창고,3
Z5000,문화및집회시설,정각,3
05000,문화및집회시설,독공장,3
20000,자동차관련시설,자동차정비장,3
22000,분뇨.쓰레기처리시설,송풍기계실,3
03000,제1종근린생활시설,주택및근생,3
25000,발전시설,건물,3
02000,공동주택,재활용품수거장,3
02000,공동주택,다목적주민운동시설,3
02000,공동주택,도시형생활다세대주택,3
18000,창고시설,농어가용창고,3
18000,창고시설,창고및기계실,3
01000,단독주택,주택및휴게음식점,3
21000,동물및식물관련시설,축사외1건,3
18000,창고시설,농산물보관저온저장고,3
01000,단독주택,단독창고,3
01000,단독주택,농가주택및공장,3
04000,제2종근린생활시설,열교환기실,3
18000,창고시설,재활용분류고,3
18000,창고시설,사무소및창고,3
18000,창고시설,농산물보관및관리관련시설,3
03000,제1종근린생활시설,표시변경,3
17000,공장,기타건축용목재제품제조업,3
17000,공장,부2,3
,,접선실,3
31000,야영장시설,캐라반,3
03000,제1종근린생활시설,재활용도움센터,3
18000,창고시설,약재창고,3
21000,동물및식물관련시설,번식우사,3
,,나동,3
17000,공장,장식용목제품제조,3
,,원단편조업,3
03000,제1종근린생활시설,전화중계소,3
19000,위험물저장및처리시설,저유소,3
24000,방송통신시설,공장,3
17000,공장,열처리장,3
19000,위험물저장및처리시설,가스충전소캐노피,3
22000,분뇨.쓰레기처리시설,헛간,3
19000,위험물저장및처리시설,주유사무소,3
12000,수련시설,수양관,3
10000,교육연구시설,훈련탑,3
17000,공장,위험물제조,3
17000,공장,선별실,3
03000,제1종근린생활시설,아동,3
17000,공장,제방공장,3
05000,문화및집회시설,경비사무소,3
Z5000,문화및집회시설,사무소,3
02000,공동주택,소방밸브실,3
19000,위험물저장및처리시설,가스보관소,3
03000,제1종근린생활시설,의료시설외,3
01000,단독주택,4세대다가구,3
,,학교,3
14000,업무시설,여관,3
19000,위험물저장및처리시설,주유판매소,3
03000,제1종근린생활시설,안전센터,3
04000,제2종근린생활시설,2종근린활시설,3
07000,판매시설,제1종근생,3
27000,관광휴게시설,냉장창고,3
20000,자동차관련시설,일반업무시설,3
31000,야영장시설,휴게음식점,3
04000,제2종근린생활시설,작업장및창고,3
03000,제1종근린생활시설,부속건축물,3
04000,제2종근린생활시설,가든,3
02000,공동주택,체육실,3
04000,제2종근린생활시설,영업실,3
03000,제1종근린생활시설,근린생활시설및다가구,3
01000,단독주택,과수원관리사,3
03000,제1종근린생활시설,개수대,3
04000,제2종근린생활시설,4호,3
01000,단독주택,1종근린,3
17000,공장,샤워탈의실,3
17000,공장,제1차유리가공품제조업,3
21000,동물및식물관련시설,및식물,3
08000,운수시설,철도신호계전기실,3
12000,수련시설,교육연구시설및복지시설,3
08000,운수시설,지하철차량기지,3
20000,자동차관련시설,전기충전시설,3
17000,공장,자연건조장,3
17000,공장,차류가공공장,3
01002,다중주택,다중주택,3
25000,발전시설,연료전지발전소,3
17000,공장,펌프룸저수조,3
01000,단독주택,97농어가융자주택,3
04000,제2종근린생활시설,세척실,3
10000,교육연구시설,실험장비동,3
02000,공동주택,대학교,3
27000,관광휴게시설,노유자시설,3
02000,공동주택,av실,3
02000,공동주택,pk,3
22000,분뇨.쓰레기처리시설,포기조계단실,3
Z3000,근린생활시설,외국어학원,3
18000,창고시설,위판장,3
18000,창고시설,중대본부,3
02000,공동주택,구내식당,3
14000,업무시설,전산실,3
18000,창고시설,b동,3
05000,문화및집회시설,서무,3
24000,방송통신시설,전신전화,2
07000,판매시설,교습소,2
17000,공장,본체,2
18000,창고시설,위탁영농,2
01000,단독주택,임업인주택,2
14000,업무시설,제1종근린생화시설,2
04000,제2종근린생활시설,벼,2
04000,제2종근린생활시설,방송시설,2
08000,운수시설,부품창고,2
20000,자동차관련시설,자동교환장치기계실,2
22000,분뇨.쓰레기처리시설,문화및집회시설,2
22000,분뇨.쓰레기처리시설,고액분리실,2
02000,공동주택,개인오피스,2
17000,공장,휴게동,2
18000,창고시설,통신시설,2
01000,단독주택,생및다가구,2
20000,자동차관련시설,생활편익시설,2
04000,제2종근린생활시설,지하다방,2
17000,공장,co기계실,2
03000,제1종근린생활시설,아동보육시설,2
01000,단독주택,단옥주택,2
10000,교육연구시설,전시관,2
21000,동물및식물관련시설,영업소,2
21000,동물및식물관련시설,분뇨처리기계실,2
17000,공장,3기계실,2
20000,자동차관련시설,이륜차검사장,2
04000,제2종근린생활시설,汐摸갱煇갹체,2
17000,공장,자동,2
17000,공장,중기정비고,2
17000,공장,mvr실,2
29000,장례시설,사무소,2
04000,제2종근린생활시설,점포및위락시설,2
19000,위험물저장및처리시설,pc,2
01000,단독주택,복도,2
02000,공동주택,발효기실,2
20000,자동차관련시설,부대복리시설,2
04000,제2종근린생활시설,축전기제조업,2
17000,공장,모페드보관소,2
05000,문화및집회시설,남행각,2
03000,제1종근린생활시설,14가구,2
17000,공장,내,2
02000,공동주택,장애인e,2
09000,의료시설,도시형생활주택,2
21000,동물및식물관련시설,세정수,2
14000,업무시설,공공복합청사,2
05000,문화및집회시설,제조장,2
04000,제2종근린생활시설,선과장,2
10000,교육연구시설,무빙워크,2
17000,공장,발전,2
22000,분뇨.쓰레기처리시설,오수펌프장,2
22000,분뇨.쓰레기처리시설,폐유수집창고,2
20000,자동차관련시설,근생및자동차관련시설,2
22000,분뇨.쓰레기처리시설,차량진입램프,2
22000,분뇨.쓰레기처리시설,특고수전실,2
22000,분뇨.쓰레기처리시설,간이오수처리시설,2
17000,공장,력,2
17000,공장,하수처리시설,2
03000,제1종근린생활시설,여성지원센터,2
20000,자동차관련시설,승차대기소,2
Z8000,교육연구및복지시설,노인당,2
04000,제2종근린생활시설,유교,2
17000,공장,슬러지처리설비,2
13000,운동시설,투구연습장,2
01000,단독주택,철근조,2
13000,운동시설,말관리사,2
Z8000,교육연구및복지시설,노유자시설및창고,2
04000,제2종근린생활시설,근린공공시설및근린생활시설,2
04000,제2종근린생활시설,기재신청,2
04000,제2종근린생활시설,제2종근린생활시설2,2
04000,제2종근린생활시설,제2종근린생활시설및노유자시설,2
06000,종교시설,선열당,2
04000,제2종근린생활시설,다세대주택및제2종근린생활시설,2
04000,제2종근린생활시설,사무소및제조업소,2
04000,제2종근린생활시설,보문원,2
04000,제2종근린생활시설,도랑하,2
11000,노유자시설,장애인주간보호센터,2
22000,분뇨.쓰레기처리시설,공단폐수종말처리시설,2
04000,제2종근린생활시설,주택및정미소,2
04000,제2종근린생활시설,주말농원,2
04000,제2종근린생활시설,주택및영업용,2
04000,제2종근린생활시설,요사채1,2
04000,제2종근린생활시설,송풍실,2
06000,종교시설,효열각,2
Z8000,교육연구및복지시설,교실및화장실,2
04000,제2종근린생활시설,업무시설외1,2
03000,제1종근린생활시설,및제2종근린생활시설및주택,2
04000,제2종근린생활시설,운동기구보관창고,2
04000,제2종근린생활시설,정려,2
04000,제2종근린생활시설,종교및집회시설,2
04000,제2종근린생활시설,지역특산물가공및판매장,2
30000,자원순환관련시설,종합재활용처리시설,2
04000,제2종근린생활시설,제과소,2
04000,제2종근린생활시설,신당,2
04000,제2종근린생활시설,대중목욕탕,2
21000,동물및식물관련시설,창고관련시설,2
04000,제2종근린생활시설,교회생활관,2
10000,교육연구시설,교장실,2
17000,공장,공기압축기동,2
02000,공동주택,취업지원센터,2
21000,동물및식물관련시설,86,2
10000,교육연구시설,폐기물창고,2
18000,창고시설,제빙실,2
24000,방송통신시설,방송통신,2
02000,공동주택,엔터테인먼트룸,2
01000,단독주택,제2종근린새황시설,2
10000,교육연구시설,정비학원,2
03000,제1종근린생활시설,의원및사무소,2
18000,창고시설,의약품판매소,2
15000,숙박시설,엘리베이터,2
04000,제2종근린생활시설,고택,2
03000,제1종근린생활시설,농수산물소매점,2
Z3000,근린생활시설,골프연습장,2
18000,창고시설,나동,2
03000,제1종근린생활시설,중계,2
27000,관광휴게시설,글램핑장,2
03000,제1종근린생활시설,분기변전소,2
18000,창고시설,케노피,2
17000,공장,기기분석실,2
01000,단독주택,91년농촌주택개량,2
17000,공장,멸치건조,2
04000,제2종근린생활시설,어구점,2
02000,공동주택,272,2
17000,공장,사무소및창고,2
02000,공동주택,독서설,2
24000,방송통신시설,무선호출,2
17000,공장,중앙조정실,2
03000,제1종근린생활시설,업무시설및주택,2
14000,업무시설,제조업,2
01000,단독주택,의복제조장,2
04000,제2종근린생활시설,실내놀이터,2
09000,의료시설,취사장,2
02000,공동주택,사원임대주택,2
14000,업무시설,외2건,2
18000,창고시설,어업용냉동창고,2
14000,업무시설,일부,2
01000,단독주택,2근생,2
03000,제1종근린생활시설,공용건축물,2
02000,공동주택,생및,2
10000,교육연구시설,업무시설외,2
21000,동물및식물관련시설,꿩사육사,2
20000,자동차관련시설,위험물저장소,2
03000,제1종근린생활시설,총인처리시설,2
10000,교육연구시설,장비창고,2
21000,동물및식물관련시설,50,2
03000,제1종근린생활시설,엽연초공동건조장,2
01000,단독주택,퇴비실,2
01000,단독주택,위험저장및처리시설,2
03000,제1종근린생활시설,속독,2
04000,제2종근린생활시설,작은도서관,2
04000,제2종근린생활시설,및자동차관련시설,2
18000,창고시설,가공시설,2
04000,제2종근린생활시설,청소년오락실,2
02000,공동주택,중간관리실,2
02000,공동주택,쓰레기집적장,2
02000,공동주택,주민공동시설기계실,2
04000,제2종근린생활시설,접골원,2
16000,위락시설,무도교습소,2
01000,단독주택,다가구주택및제1종,2
17000,공장,망루초소,2
17000,공장,저온저장실,2
21000,동물및식물관련시설,퇴비사저장조,2
18000,창고시설,펌프,2
02000,공동주택,회관,2
05000,문화및집회시설,사육사실,2
04000,제2종근린생활시설,도예연구실,2
01000,단독주택,유도장,2
04000,제2종근린생활시설,위험물저장시설및처리시설,2
04000,제2종근린생활시설,근린생확시설,2
01000,단독주택,제2종근생사무소,2
03000,제1종근린생활시설,통신촬영시설,2
03000,제1종근린생활시설,마을공동판매장,2
05000,문화및집회시설,공방,2
02000,공동주택,가스열관리실,2
14000,업무시설,근린운동시설,2
07000,판매시설,교육및,2
07000,판매시설,연구시설,2
10000,교육연구시설,과학도서관,2
,,젖소사육운동장,2
17000,공장,락커룸,2
05000,문화및집회시설,문간,2
27000,관광휴게시설,관람석,2
Z5000,문화및집회시설,요양소,2
02000,공동주택,단지형다세대주택14세대,2
03000,제1종근린생활시설,일반업무,2
10000,교육연구시설,지1층,2
02000,공동주택,와이파이룸,2
05000,문화및집회시설,연수원,2
02000,공동주택,212동,2
12000,수련시설,관관농원,2
21000,동물및식물관련시설,농산물보관,2
18000,창고시설,제2종근생활시설,2
04000,제2종근린생활시설,내장가구제조장,2
02000,공동주택,및제1종근,2
02000,공동주택,27,2
05000,문화및집회시설,제2종근,2
17000,공장,일반기숙사,2
06000,종교시설,기념관,2
,,학원,2
04000,제2종근린생활시설,위락시설및주택,2
03000,제1종근린생활시설,배수지내,2
17000,공장,샤워및화장실,2
01000,단독주택,수공예작업장,2
10000,교육연구시설,작업실,2
21000,동물및식물관련시설,관리사1동,2
18000,창고시설,저장고관리사,2
01000,단독주택,게스트하우스,2
01000,단독주택,주택우사,2
18000,창고시설,수산물저온저장고,2
03000,제1종근린생활시설,영유아,2
21000,동물및식물관련시설,톱발발효우사,2
18000,창고시설,임업용,2
21000,동물및식물관련시설,새사육장,2
07000,판매시설,쓰레기,2
01000,단독주택,승강기,2
11000,노유자시설,저온저장창고,2
03000,제1종근린생활시설,전망탑,2
02000,공동주택,관악아파트,2
17000,공장,조제식품제조공장,2
05000,문화및집회시설,지정문화재,2
17000,공장,수생동물건제품제조,2
27000,관광휴게시설,교육연구,2
21000,동물및식물관련시설,담배건조장,2
21000,동물및식물관련시설,감귤박저장용사일로,2
21000,동물및식물관련시설,통행로,2
01000,단독주택,다세다주택,2
21000,동물및식물관련시설,이동식화장실,2
18000,창고시설,농사용저온저장창고,2
18000,창고시설,과실저온창고,2
01000,단독주택,중문채,2
21000,동물및식물관련시설,농가용퇴비사,2
18000,창고시설,표고건조장,2
18000,창고시설,주택및근린생활시설,2
01000,단독주택,위험물저장및처리시설외1,2
18000,창고시설,호프건조장,2
18000,창고시설,주창고,2
21000,동물및식물관련시설,동물및식물관련시시설,2
18000,창고시설,공동농산물간이집하장,2
18000,창고시설,창고및관리사무실,2
18000,창고시설,저수조및창고,2
18000,창고시설,유독물창고,2
01000,단독주택,단독주택용15가구,2
01000,단독주택,부속창고및변소,2
03000,제1종근린생활시설,자연공원,2
01000,단독주택,다가구및근린시설,2
21000,동물및식물관련시설,돈사및퇴적장,2
18000,창고시설,잡고,2
01000,단독주택,주택건,2
21000,동물및식물관련시설,조류사육시설,2
27000,관광휴게시설,문루,2
27000,관광휴게시설,변전실,2
16000,위락시설,서울대공원시설,2
27000,관광휴게시설,가스충전소기계실,2
02000,공동주택,소화저수조,2
24000,방송통신시설,통신기계실외,2
16000,위락시설,위락및근린생활시설,2
27000,관광휴게시설,도로변휴게소,2
17000,공장,4기시험검정,2
18000,창고시설,곡물건조,2
17000,공장,폐기물적환장,2
27000,관광휴게시설,세면장,2
14000,업무시설,오피스텔외1,2
03000,제1종근린생활시설,고속도로통행료,2
05000,문화및집회시설,전망대매점,2
17000,공장,차체공장하역장,2
17000,공장,도크장,2
22000,분뇨.쓰레기처리시설,총침전기실,2
10000,교육연구시설,여고교사,2
01000,단독주택,94정주권융자주택,2
04000,제2종근린생활시설,요사체및,2
19000,위험물저장및처리시설,위험물처리시설및처리시설,2
21000,동물및식물관련시설,축분저장조,2
10000,교육연구시설,연결통로차양,2
04000,제2종근린생활시설,1차농산물가공업,2
17000,공장,철물관련제품제조업,2
10000,교육연구시설,문화시설,2
12000,수련시설,물탱크실,2
04000,제2종근린생활시설,기구제조업,2
03000,제1종근린생활시설,건자재소매점,2
10000,교육연구시설,체육,2
02000,공동주택,외부ev,2
21000,동물및식물관련시설,근,2
20000,자동차관련시설,2근린생활시설,2
03000,제1종근린생활시설,장교숙소,2
13000,운동시설,스키장,2
02000,공동주택,경비실및mdf실,2
02000,공동주택,40,2
22000,분뇨.쓰레기처리시설,위험물저장및처리시설,2
27000,관광휴게시설,경비실,2
02000,공동주택,기숙사및,2
01000,단독주택,공장실험실,2
10000,교육연구시설,지주교장,2
17000,공장,박스세척실,2
13000,운동시설,강당,2
06000,종교시설,동제,2
18000,창고시설,개수대,2
17000,공장,주전기동,2
Z3000,근린생활시설,일반유흥음식점,2
02000,공동주택,82,2
17000,공장,교육훈련시설,2
27000,관광휴게시설,골프연습장,2
04000,제2종근린생활시설,스라브,2
02000,공동주택,회의소,2
08000,운수시설,집회시설,2
14000,업무시설,주차동,2
21000,동물및식물관련시설,교배사,2
02000,공동주택,하자보수사무실,2
27000,관광휴게시설,공원시설물,2
03000,제1종근린생활시설,창고관련시설,2
17000,공장,가공시설공장,2
17000,공장,쓰레기창고,2
17000,공장,옥외드럼보관소,2
17000,공장,물류사무실,2
01000,단독주택,외부,2
18000,창고시설,탈수실,2
04000,제2종근린생활시설,검차장,2
06000,종교시설,수련장,2
01000,단독주택,식품제조가공업,2
17000,공장,골재투입장,2
04000,제2종근린생활시설,탄약고,2
17000,공장,기타인쇄업,2
30000,자원순환관련시설,탄천하수처리장,2
27000,관광휴게시설,농특산물판매장,2
17000,공장,건설폐기물,2
04010,학원,제2종근린생활시설,2
16000,위락시설,관광휴게시설,2
13000,운동시설,론볼장,2
03000,제1종근린생활시설,기계제품소매점,2
17000,공장,공작소,2
17000,공장,타이어콘트공장,2
21000,동물및식물관련시설,사료처리,2
17000,공장,원두막,2
17000,공장,잔반처리실,2
17000,공장,벌크하치장,2
17000,공장,원료정선공장,2
17000,공장,냉방기실,2
17000,공장,유고,2
17000,공장,목재공장,2
17000,공장,종국실및냉각실,2
17000,공장,유리제품제조공장,2
17000,공장,액체소석회제조공장,2
17000,공장,골재투입호퍼,2
01000,단독주택,16세대주택,2
02000,공동주택,아파트60세대,2
27000,관광휴게시설,쓰레기집하장,2
17000,공장,화약취급소,2
17000,공장,소독창고,2
14000,업무시설,비상대기소,2
17000,공장,기지국,2
17000,공장,폐수종말처리시설,2
17000,공장,자전거주차대,2
10000,교육연구시설,지킴이동1,2
09000,의료시설,응급의료센터,2
05000,문화및집회시설,장판각,2
32000,교정시설,교정및군사시설,2
05000,문화및집회시설,효자각,2
17000,공장,교육동,2
17000,공장,수산동물건조및염장품제조업,2
02000,공동주택,노인문화교실및건강관리실,2
17000,공장,가스중유,2
05000,문화및집회시설,탐방안내소,2
05000,문화및집회시설,문화재관리,2
,,구매시설,2
20000,자동차관련시설,세차장펌프실,2
18000,창고시설,묘목창고,2
21000,동물및식물관련시설,소규모종자배양시설,2
21000,동물및식물관련시설,계분처리기계실,2
25000,발전시설,승압설비전기실,2
15000,숙박시설,숙박시설및2종근린생활시설,2
15000,숙박시설,선로반숙소,2
25000,발전시설,인버터실,2
17000,공장,오수정화조기계실,2
04000,제2종근린생활시설,모의전투게임관련부대시설,2
23000,교정및군사시설,데크,2
25000,발전시설,위험물저장소,2
17000,공장,창고및검수실,2
11000,노유자시설,공공경로당,2
15000,숙박시설,건전숙박시설,2
15000,숙박시설,생활형숙박,2
18000,창고시설,연립주택,2
17000,공장,배차실,2
10000,교육연구시설,연구실험실,2
06000,종교시설,중,2
01000,단독주택,창고보일러실,2
21000,동물및식물관련시설,버섯건조장,2
17000,공장,건구제조업,2
01000,단독주택,건조시설,2
02000,공동주택,아동시설,2
02000,공동주택,업부시설,2
07000,판매시설,쓰레기집하장,2
03000,제1종근린생활시설,근린샌활시설,2
14000,업무시설,일반사무실,2
18000,창고시설,2종근린생활,2
08000,운수시설,자동차,2
10000,교육연구시설,기숙사동,2
10000,교육연구시설,다목적관,2
21000,동물및식물관련시설,후보돈사,2
21000,동물및식물관련시설,농산물가공공장,2
10000,교육연구시설,인쇄실,2
06000,종교시설,판매시설,2
20000,자동차관련시설,주기장사무실,2
02000,공동주택,다세대주택및제1종근생,2
17000,공장,cvd,2
17000,공장,상품전시장,2
02000,공동주택,헬스실,2
17000,공장,rhds,2
17000,공장,목공작업장,2
21000,동물및식물관련시설,산란장,2
18000,창고시설,보안실,2
01000,단독주택,석유판매점,2
17000,공장,공급,2
17000,공장,톳공장,2
,,근린시설,2
19000,위험물저장및처리시설,가스충전대,2
03000,제1종근린생활시설,금융,2
22000,분뇨.쓰레기처리시설,공공하수처리장,2
14000,업무시설,숙영시설,2
03000,제1종근린생활시설,급수펌프실,2
14000,업무시설,직원합숙소,2
,,불당,2
03000,제1종근린생활시설,농촌지도소청사,2
02000,공동주택,진입층,2
01000,단독주택,고압가스저장소,2
17000,공장,상온,2
02000,공동주택,동제연휀룸,2
04000,제2종근린생활시설,사옥,2
18000,창고시설,가공관련시설,2
02000,공동주택,회랑,2
04000,제2종근린생활시설,2종근린생,2
04000,제2종근린생활시설,제1종근생및단독주택,2
04000,제2종근린생활시설,도예공방,2
04000,제2종근린생활시설,빙고,2
04000,제2종근린생활시설,건조,2
04000,제2종근린생활시설,굴비가공,2
10000,교육연구시설,유류저장소,2
03000,제1종근린생활시설,위락시설및주택,2
21000,동물및식물관련시설,실물관련시설,2
02000,공동주택,소셜커뮤니티,2
02000,공동주택,실내정원,2
21000,동물및식물관련시설,깔짚우사,2
21000,동물및식물관련시설,착유실및창고,2
04000,제2종근린생활시설,축산물,2
04000,제2종근린생활시설,목기제조장,2
04000,제2종근린생활시설,휴게실및숙소,2
06000,종교시설,주거시설,2
04000,제2종근린생활시설,김가공제조업,2
04000,제2종근린생활시설,제2종근린생활시설업무시설,2
15000,숙박시설,숙박시설및근,2
02000,공동주택,주민활용시설,2
06000,종교시설,서무,2
06000,종교시설,제2종근생시설,2
17000,공장,콤프,2
17000,공장,유황,2
02000,공동주택,건강지원실,2
04000,제2종근린생활시설,우물,2
04000,제2종근린생활시설,행랑채,2
17000,공장,의약품도매점,2
15000,숙박시설,제2종근린시설,2
08000,운수시설,운수,2
10000,교육연구시설,연료전지실,2
04000,제2종근린생활시설,농산물체험장,2
13000,운동시설,그늘집2,2
17000,공장,냉각실,2
21000,동물및식물관련시설,우형기실,2
15000,숙박시설,공용화장실,2
01000,단독주택,제2종근린생화리설,2
04000,제2종근린생활시설,농,2
04000,제2종근린생활시설,비료제조,2
03000,제1종근린생활시설,마을공동하치장,2
02000,공동주택,채광창,2
02000,공동주택,비가림시설,2
18000,창고시설,사열대,2
30000,자원순환관련시설,관리사무소,2
01000,단독주택,커피숍,2
01000,단독주택,주택및제1종근,2
04000,제2종근린생활시설,충전소,2
06000,종교시설,동무,2
17000,공장,lpg,2
02000,공동주택,가스저장조,2
02000,공동주택,연립주택외1,2
02000,공동주택,요원실,2
04000,제2종근린생활시설,12세대,2
03000,제1종근린생활시설,의약품점,2
Z8000,교육연구및복지시설,관리실,2
17000,공장,세륜장,2
03000,제1종근린생활시설,단지형연립주택,2
17000,공장,부품센타,2
Z3000,근린생활시설,검차장,2
01000,단독주택,분뇨처리시설,2
01000,단독주택,96농어촌주택개량지원사업,2
10000,교육연구시설,용역사무실,2
17000,공장,기송장치실,2
22000,분뇨.쓰레기처리시설,정화조오니위생처리장,2
17000,공장,42동,2
04000,제2종근린생활시설,관리사및,2
14000,업무시설,유류창고,2
03000,제1종근린생활시설,기타1종근린생활시설,2
10000,교육연구시설,휴게공간,2
17000,공장,선박수리용공장,2
18000,창고시설,액젓탱크,2
30000,자원순환관련시설,스크랩장,2
10000,교육연구시설,전망대,2
14000,업무시설,동물및식물관련시설,2
03000,제1종근린생활시설,2종근린생활시설외2,2
03000,제1종근린생활시설,연초건조실,2
12000,수련시설,실습실,2
02000,공동주택,및노유자시설,2
02000,공동주택,가동10세대,2
21000,동물및식물관련시설,친환경,2
18000,창고시설,염고,2
14000,업무시설,농기계보관창고,2
14000,업무시설,업무시설및단독주택,2
03000,제1종근린생활시설,보안초소,2
14000,업무시설,열연공장,2
20000,자동차관련시설,말소,2
15000,숙박시설,여인숙및식당,2
13000,운동시설,예지물저장소,2
30000,자원순환관련시설,폐기물감량시설,2
15000,숙박시설,객사,2
15000,숙박시설,제2종근생및숙박시설,2
21000,동물및식물관련시설,녹지보호초소,2
25000,발전시설,컨테이너,2
01000,단독주택,대피소및다가구용단독주택,2
21000,동물및식물관련시설,경사로,2
21000,동물및식물관련시설,영농관리사,2
21000,동물및식물관련시설,매표소,2
01000,단독주택,단독주택및축사및창고,2
18000,창고시설,가축용창고,2
02000,공동주택,정보문화시설,2
18000,창고시설,약품보관창고,2
21000,동물및식물관련시설,미역포자배양실,2
21000,동물및식물관련시설,과실선별장,2
18000,창고시설,축사용창고,2
18000,창고시설,임산물선별장,2
21000,동물및식물관련시설,축사및부속,2
18000,창고시설,상옥,2
07000,판매시설,곡물및청과물센타,2
01000,단독주택,근린생할시설및주택,2
18000,창고시설,어구보수보관창고,2
01000,단독주택,커뮤니티센터,2
01000,단독주택,단독주택용8가구,2
01000,단독주택,점포및다가구주택,2
18000,창고시설,창고및농기계수리점,2
21000,동물및식물관련시설,축분보관시설,2
21000,동물및식물관련시설,협업축사,2
01000,단독주택,독신장교숙소,2
01000,단독주택,주택및근생활시설,2
01000,단독주택,주택및절,2
21000,동물및식물관련시설,부속사무실,2
04000,제2종근린생활시설,건,2
21000,동물및식물관련시설,산소공급실,2
21000,동물및식물관련시설,퇴비공동집하장,2
21000,동물및식물관련시설,축사외1,2
18000,창고시설,윤활유창고,2
17000,공장,4소결공장,2
01000,단독주택,단독주택및노유자시설,2
01000,단독주택,주택및석유판매소,2
18000,창고시설,저온창고시설,2
21000,동물및식물관련시설,동물및식물관련시,2
Z9000,공공용시설,상수도정수장,2
27000,관광휴게시설,가판대,2
02000,공동주택,lpg가스저장소,2
,,소매시장,2
01000,단독주택,하치,2
06000,종교시설,열녀각,2
04000,제2종근린생활시설,종교시설외,2
Z3000,근린생활시설,부대,2
Z9000,공공용시설,마을공회당,2
Z3000,근린생활시설,정비소,2
21000,동물및식물관련시설,종묘배양,2
18000,창고시설,유통,2
02000,공동주택,보행로공작물,2
02000,공동주택,관리사무소2,2
02000,공동주택,공동주택외2용도,2
17000,공장,kiosk,2
02000,공동주택,소매점및다세대주택,2
02000,공동주택,정수기계실,2
30000,자원순환관련시설,자원순환련시설,2
02000,공동주택,우수저수조펌프실,2
02000,공동주택,여성친화공간5,2
02000,공동주택,다목적커뮤니티,2
02000,공동주택,통학버스대기소,2
02000,공동주택,열교환기실2,2
02000,공동주택,가스저장기계실,2
02000,공동주택,학교교육연수시설,2
30000,자원순환관련시설,동물관련시설,2
02000,공동주택,주차장차도,2
07000,판매시설,휴계소,2
27000,관광휴게시설,하이,2
02000,공동주택,저류조등,2
19000,위험물저장및처리시설,충전일반취급소,2
21000,동물및식물관련시설,상차대,2
04000,제2종근린생활시설,적층,2
,,우량관측소,2
02000,공동주택,및제1종근생,2
,,농가용주택,2
19000,위험물저장및처리시설,위험물저장및처리시설물,2
19000,위험물저장및처리시설,가스판매장,2
04000,제2종근린생활시설,영업용및제2종근린생활시설,2
10000,교육연구시설,주차요금소,2
06000,종교시설,비품창고,2
18000,창고시설,공동농기계,2
04000,제2종근린생활시설,원불교당,2
04000,제2종근린생활시설,종교용건축물,2
04000,제2종근린생활시설,제2종근린생활및주택,2
21000,동물및식물관련시설,견,2
02000,공동주택,다세대주택0,2
01000,단독주택,농어가용,2
04000,제2종근린생활시설,자수업및장식품제조업,2
02000,공동주택,95세대,2
26000,묘지관련시설,상여,2
03000,제1종근린생활시설,다실,2
14200,일반업무시설,일반업무시설,2
22000,분뇨.쓰레기처리시설,운전실,2
,,문고,2
18000,창고시설,외2용도,2
15000,숙박시설,종교집회장,2
11000,노유자시설,복지,2
04000,제2종근린생활시설,공동구판장,2
17000,공장,버스공장,2
04000,제2종근린생활시설,채소절임,2
17000,공장,전기동,2
17000,공장,종업원휴게실,2
17000,공장,화장품제조공장,2
06000,종교시설,사재관,2
02000,공동주택,제2종근린생황시설,2
04000,제2종근린생활시설,오수처리장,2
18000,창고시설,조정실,2
17000,공장,한지공장,2
17000,공장,윤활제조성룸,2
17000,공장,도토리묵공장,2
17000,공장,남여화장실,2
04000,제2종근린생활시설,농기계정비실,2
14000,업무시설,5가구,2
17000,공장,기전실,2
17000,공장,목공예가공공장,2
21000,동물및식물관련시설,경비사,2
17000,공장,공징,2
17000,공장,관리사및창고,2
17000,공장,2단중화설비,2
17000,공장,헛간,2
04000,제2종근린생활시설,위험물판매시설,2
04000,제2종근린생활시설,종교집회상,2
02000,공동주택,휘트니스등,2
13000,운동시설,저온저장고,2
06000,종교시설,1종근생,2
17000,공장,배관작업장,2
24000,방송통신시설,이동,2
10000,교육연구시설,기계,2
17000,공장,폐수측정실,2
03000,제1종근린생활시설,병원시설,2
17000,공장,식당및화장실,2
17000,공장,teal,2
16000,위락시설,근린생활시설및단독주택,2
04000,제2종근린생활시설,영업외,2
17000,공장,원동기실,2
17000,공장,가공부,2
17000,공장,봄배실,2
21000,동물및식물관련시설,취수장,2
21000,동물및식물관련시설,촉사,2
10000,교육연구시설,정화조펌프실,2
17000,공장,사무실숙소,2
,,연사제조,2
09000,의료시설,산소저장고,2
18000,창고시설,축사외,2
01000,단독주택,5구,2
02000,공동주택,영유아실,2
27000,관광휴게시설,용두정,2
03000,제1종근린생활시설,전화자동기기,2
18000,창고시설,철근콘크리트조,2
03000,제1종근린생활시설,용역원실,2
03000,제1종근린생활시설,의용소방소,2
03000,제1종근린생활시설,종중회의실,2
03000,제1종근린생활시설,송유펌프실,2
10000,교육연구시설,실험연구실,2
03000,제1종근린생활시설,소방관,2
03000,제1종근린생활시설,경찰파출소,2
Z6000,판매및영업시설,소매시장,2
03000,제1종근린생활시설,농산물구판장,2
04000,제2종근린생활시설,효열문,2
04000,제2종근린생활시설,족구장,2
10000,교육연구시설,사찰,2
04000,제2종근린생활시설,주차관리사무소,2
03000,제1종근린생활시설,경매장,2
10000,교육연구시설,공공건축물,2
03000,제1종근린생활시설,일반대중음식점,2
02000,공동주택,중앙관리실,2
14000,업무시설,복합시설,2
06000,종교시설,원불교,2
04000,제2종근린생활시설,목공실,2
03000,제1종근린생활시설,조리실,2
10000,교육연구시설,사동,2
03000,제1종근린생활시설,노휴제,2
10000,교육연구시설,교사b동,2
01000,단독주택,94년도,2
23000,교정및군사시설,면회실,2
03000,제1종근린생활시설,소방차고및사무실,2
03000,제1종근린생활시설,농기구보관창고,2
04000,제2종근린생활시설,차고지관리용,2
03000,제1종근린생활시설,다함께돌봄센터,2
03000,제1종근린생활시설,즉석판매제조가공,2
17000,공장,저유탱크,2
01000,단독주택,청소년,2
08000,운수시설,용역대기실,2
20000,자동차관련시설,자전거주차장,2
02000,공동주택,하늘도서관,2
03000,제1종근린생활시설,어구점포,2
04000,제2종근린생활시설,농산물저장창고,2
20000,자동차관련시설,도장,2
01000,단독주택,다가구용단주택,2
17000,공장,asu,2
10000,교육연구시설,c,2
14000,업무시설,23실,2
01000,단독주택,나,2
02000,공동주택,공동주택및제1,2
03000,제1종근린생활시설,위험물취급,2
07000,판매시설,지하,2
17000,공장,아킬레이션,2
04000,제2종근린생활시설,가공장,2
10000,교육연구시설,등,2
Z8000,교육연구및복지시설,아동관련시설,2
04000,제2종근린생활시설,고속도로통행료징수사무소,2
01000,단독주택,부옥,2
21000,동물및식물관련시설,첨단자동화육묘시스템온실,2
18000,창고시설,작업대기소,2
04000,제2종근린생활시설,c동,2
03000,제1종근린생활시설,보건의료원,2
20000,자동차관련시설,위험물저장처리시설,2
01000,단독주택,다가구용단독주택시설,2
01000,단독주택,농산물집하장,2
17000,공장,보관,2
11000,노유자시설,급식소,2
21000,동물및식물관련시설,육상양어장,2
13000,운동시설,도장,2
15000,숙박시설,11실,2
13000,운동시설,락카,2
15000,숙박시설,복리시설,2
11000,노유자시설,교육연구및사회복지시설,2
01000,단독주택,27,2
05000,문화및집회시설,칠성각,2
17000,공장,도축업,2
04000,제2종근린생활시설,다방및,2
24000,방송통신시설,송신실,2
01000,단독주택,후생복지시설,2
17000,공장,통운대기실,2
04000,제2종근린생활시설,co2실,2
05000,문화및집회시설,자료실,2
04000,제2종근린생활시설,일반음심점,2
05000,문화및집회시설,외부화장실,2
04000,제2종근린생활시설,도시형생활주택원룸형,2
27000,관광휴게시설,자동판매기코너,2
Z5000,문화및집회시설,묘지관련시설,2
17000,공장,발전기실동,2
10000,교육연구시설,도시형생활주택,2
30000,자원순환관련시설,처리시설동,2
13000,운동시설,제2종근,2
21000,동물및식물관련시설,양토사,2
18000,창고시설,연수원,2
01000,단독주택,교장사택,2
04000,제2종근린생활시설,야외화장실,2
01000,단독주택,자택,2
01000,단독주택,농산물제조업소,2
22000,분뇨.쓰레기처리시설,폐고무재활용,2
22000,분뇨.쓰레기처리시설,공용화장실,2
20000,자동차관련시설,자동차운송시설,2
13000,운동시설,외3,2
03000,제1종근린생활시설,점포주거시설,2
22000,분뇨.쓰레기처리시설,폐수처리기계실,2
22000,분뇨.쓰레기처리시설,분뇨및쓰레시처리시설,2
03000,제1종근린생활시설,월랑,2
03000,제1종근린생활시설,산림보호초소,2
03000,제1종근린생활시설,기타운동시설,2
03000,제1종근린생활시설,마을회관및노유자시설,2
11000,노유자시설,유치원및근린생활시설,2
17000,공장,컴프레서실,2
03000,제1종근린생활시설,판매시설및영업시설,2
03000,제1종근린생활시설,농기계전시장,2
21000,동물및식물관련시설,발효축사,2
03000,제1종근린생활시설,광원목욕탕,2
03000,제1종근린생활시설,전신기계실,2
21000,동물및식물관련시설,보관,2
03000,제1종근린생활시설,경찰지구대,2
03000,제1종근린생활시설,재래식화장실,2
03000,제1종근린생활시설,주민공동구판장,2
03000,제1종근린생활시설,점포및사무실및주택,2
04000,제2종근린생활시설,출하사무실,2
03000,제1종근린생활시설,소매시설,2
03000,제1종근린생활시설,자동차관련시설외2,2
03000,제1종근린생활시설,파출소사무소,2
11000,노유자시설,주방및식당,2
03000,제1종근린생활시설,간이급수양수장,2
,,출하대,2
11000,노유자시설,여노인정,2
12000,수련시설,교육연구및,2
21000,동물및식물관련시설,동식물관련시설외,2
21000,동물및식물관련시설,동물관련시설및분료,2
03000,제1종근린생활시설,우량,2
17000,공장,물탱크펌프실,2
03000,제1종근린생활시설,d기계실,2
01000,단독주택,장성아파트,2
04000,제2종근린생활시설,목재제재소,2
01000,단독주택,9세대다가구,2
02000,공동주택,폐기물보관소3,2
16000,위락시설,점포및위락시설,2
17000,공장,기계제조공장,2
27000,관광휴게시설,급기탑,2
15000,숙박시설,여관외,2
06000,종교시설,교회외,2
16000,위락시설,관광숙박시설,2
09000,의료시설,차양시설,2
17000,공장,인쇄동,2
03000,제1종근린생활시설,유입펌프동,2
17000,공장,창고및주택,2
21000,동물및식물관련시설,고양이,2
17000,공장,파렛트보관장,2
17000,공장,공해공장시설,2
17000,공장,제제공장,2
17000,공장,벨트하우스,2
17000,공장,옥탄올작업자대기실,2
17000,공장,구동부타워,2
17000,공장,트럭하우스,2
17000,공장,옥외저장고,2
17000,공장,패킹룸,2
17000,공장,장류공장,2
17000,공장,냉동기동,2
17000,공장,대자리작업장,2
17000,공장,폐토사,2
17000,공장,정미소공장,2
02000,공동주택,경로당및mdf실,2
03000,제1종근린생활시설,환기소,2
17000,공장,코르크및조물제품제조업,2
17000,공장,2차조쇄실구동부,2
17000,공장,폐합성수지보관소,2
02000,공동주택,다세대보일러실,2
10000,교육연구시설,북카페,2
10000,교육연구시설,시험연구실,2
10000,교육연구시설,부속숙직실,2
17000,공장,측량기구제조,2
08000,운수시설,소화물취급소,2
10000,교육연구시설,가스저장창고,2
10000,교육연구시설,체험학습장,2
10000,교육연구시설,교육업무시설,2
10000,교육연구시설,새마을학교,2
12000,수련시설,마장그늘막,2
12000,수련시설,잡옥,2
10000,교육연구시설,가사실습실,2
01000,단독주택,다가구주택4,2
02000,공동주택,7세,2
04000,제2종근린생활시설,잡옥실,2
06000,종교시설,교회사무실,2
17000,공장,잉크부,2
04000,제2종근린생활시설,운전보안시설,2
06000,종교시설,수선당,2
04000,제2종근린생활시설,제조업소및가공공장,2
02000,공동주택,종업원,2
04000,제2종근린생활시설,사무소제2종근린생활시설,2
01000,단독주택,급유소,2
01000,단독주택,근린생활실설,2
04000,제2종근린생활시설,근린시설생활,2
14000,업무시설,2건,2
01000,단독주택,점포및일반음식점,2
14000,업무시설,폐토사보관창고,2
02000,공동주택,공공시설,2
01000,단독주택,화징실,2
14000,업무시설,사설강습소,2
09000,의료시설,옥탑,2
01000,단독주택,출입구,2
04000,제2종근린생활시설,고추방앗간,2
14000,업무시설,29실,2
17000,공장,외부휴게실,2
17000,공장,기계보관실,2
17000,공장,혼합싸이로기계실,2
17000,공장,부재료저장소,2
17000,공장,조각작업장,2
17000,공장,곡물보관싸이로,2
08000,운수시설,운수보안시설,2
17000,공장,방호탑,2
17000,공장,3701,2
17000,공장,윤활유조탱크실,2
17000,공장,플레오모니터링쉘터,2
17000,공장,콘베아실,2
17000,공장,절임탱크,2
17000,공장,에어콤프레샤쉘타,2
02000,공동주택,단지형형다세대,2
17000,공장,농산물가공처리,2
21000,동물및식물관련시설,사슴그늘막사,2
17000,공장,냉동기기계실,2
17000,공장,전구,2
20000,자동차관련시설,자동차전용시설,2
01000,단독주택,나동대피실,2
22000,분뇨.쓰레기처리시설,퇴비건조장,2
22000,분뇨.쓰레기처리시설,공중변소,2
20000,자동차관련시설,폐수처리시설,2
17000,공장,원료보관실,2
22000,분뇨.쓰레기처리시설,축산분뇨자원화사업장,2
07000,판매시설,농축산용,2
03000,제1종근린생활시설,중앙기계실,2
11000,노유자시설,저장고,2
03000,제1종근린생활시설,제1종근생및다세대주택,2
04000,제2종근린생활시설,2종근생및,2
03000,제1종근린생활시설,경찰관출장소숙소,2
11000,노유자시설,의료시설및노유자시설,2
03000,제1종근린생활시설,정사,2
03000,제1종근린생활시설,제1종근린생활시시설,2
11000,노유자시설,마을복지회관,2
03000,제1종근린생활시설,시장상가,2
03000,제1종근린생활시설,종자선별실,2
18000,창고시설,통제,2
03000,제1종근린생활시설,근린생활시설1용도,2
03000,제1종근린생활시설,녹산동주민센터,2
03000,제1종근린생활시설,공동농기계창고,2
10000,교육연구시설,시험,2
11000,노유자시설,후생복리시설,2
03000,제1종근린생활시설,배수장관리사,2
04000,제2종근린생활시설,잣,2
03000,제1종근린생활시설,마을공동방문자체험관,2
03000,제1종근린생활시설,본청,2
03000,제1종근린생활시설,구락부,2
03000,제1종근린생활시설,의원및사무실,2
03000,제1종근린생활시설,수도실,2
12000,수련시설,목욕탕,2
10000,교육연구시설,기타교육연구및복지시설,2
09000,의료시설,의료시설외1건,2
21000,동물및식물관련시설,방역창고,2
04000,제2종근린생활시설,영업소및,2
10000,교육연구시설,분뇨및쓰레기처리시설,2
18000,창고시설,축산발효돈분저장고,2
07000,판매시설,잡화,2
10000,교육연구시설,고등기술학교,2
01000,단독주택,2세대가구,2
13000,운동시설,다목적생활체육시설,2
04005,제조업소,제2종근린생활시설,2
17000,공장,정문초소,2
04000,제2종근린생활시설,제2종근린생활시설종교집회장,2
13000,운동시설,저장소,2
Z3000,근린생활시설,홀,2
06000,종교시설,체험관,2
Z8000,교육연구및복지시설,전기실,2
Z9000,공공용시설,화장실,2
04000,제2종근린생활시설,칠성전,2
06000,종교시설,응진전,2
,,교화원,2
22000,분뇨.쓰레기처리시설,저장창고,2
03000,제1종근린생활시설,소매점제1종근린생활시설,2
04000,제2종근린생활시설,종교집회실,2
17000,공장,냉매탱크실,2
01000,단독주택,다가구주책,2
03000,제1종근린생활시설,면,2
04000,제2종근린생활시설,미술,2
01000,단독주택,수련시설,2
18000,창고시설,상담실,2
17000,공장,공작,2
18000,창고시설,차고시설,2
18000,창고시설,기존저온창고,2
18000,창고시설,97마을,2
03000,제1종근린생활시설,연립,2
21000,동물및식물관련시설,우사운동장,2
18000,창고시설,축사용,2
04000,제2종근린생활시설,제종근생,2
Z3000,근린생활시설,농기계보관창고,2
Z3000,근린생활시설,케노피,2
02000,공동주택,통신실1,2
14000,업무시설,15세대,2
04000,제2종근린생활시설,산장,2
02000,공동주택,다목적실2,2
04000,제2종근린생활시설,제2종근린생활시설일반음식점,2
03000,제1종근린생활시설,입주자집회소,2
02000,공동주택,105세대,2
01000,단독주택,가내수공업,2
01000,단독주택,취락,2
02000,공동주택,도시형생활주택및제1,2
04000,제2종근린생활시설,공양실,2
04000,제2종근린생활시설,사무실및주유소,2
02000,공동주택,다목적강의실,2
01000,단독주택,산영각,2
,,제조,2
18000,창고시설,물품보관용,2
15000,숙박시설,휴양림,2
,,식육점,2
17000,공장,heating,2
01000,단독주택,철근,2
17000,공장,70,2
10000,교육연구시설,숙직실및,2
01000,단독주택,위락시설외,2
Z6000,판매및영업시설,철도역사,2
01000,단독주택,2017년농촌주택개량사업,2
,,계사및계분장,2
04000,제2종근린생활시설,급수시설,2
02000,공동주택,교사실,2
01000,단독주택,체력단련실,2
03000,제1종근린생활시설,하역동,2
03000,제1종근린생활시설,주택부속창고,2
19000,위험물저장및처리시설,보안시설,2
17000,공장,근리생활시설,2
10000,교육연구시설,제1종및제2종근린생활시설,2
02000,공동주택,21,2
01000,단독주택,다락방,2
07000,판매시설,수퍼마켓,2
05000,문화및집회시설,탈의실,2
03000,제1종근린생활시설,간이배수펌프장,2
17000,공장,25,2
03000,제1종근린생활시설,상수도사무실,2
19000,위험물저장및처리시설,목욕탕,2
08000,운수시설,종합창고,2
14000,업무시설,체육도장,2
02000,공동주택,수공간기계실,2
04000,제2종근린생활시설,교육및복지시설,2
02000,공동주택,2개호,2
02000,공동주택,예식장,2
02000,공동주택,그레이트룸,2
11000,노유자시설,문화및,2
05000,문화및집회시설,복도,2
01000,단독주택,슬라브,2
02000,공동주택,비즈니스센터,2
01000,단독주택,93주택개량지원대상건물,2
,,정기룡장군,2
17000,공장,도급,2
02000,공동주택,쇼핑센타,2
14000,업무시설,공원시설,2
Z3000,근린생활시설,사설학원,2
17000,공장,분류장,2
06000,종교시설,주거,2
18000,창고시설,화약고,2
03000,제1종근린생활시설,주민쉼터,2
20000,자동차관련시설,번호판제작소,2
17000,공장,과자류제조공장,2
02000,공동주택,엽립주택,2
02000,공동주택,중간기계실2,2
14000,업무시설,gx룸,2
02000,공동주택,23호,2
01000,단독주택,제2종근린샐활시설,2
02000,공동주택,정압기,2
04000,제2종근린생활시설,도매시장,2
03000,제1종근린생활시설,2종근린생,2
03000,제1종근린생활시설,숙박업소,2
21000,동물및식물관련시설,톱밥우사및,2
26000,묘지관련시설,1,2
01000,단독주택,다가구4세대용,2
14000,업무시설,66호,2
03000,제1종근린생활시설,채소,2
10000,교육연구시설,예체능관,2
23000,교정및군사시설,사무소건,2
10000,교육연구시설,유희실,2
17000,공장,hmp,2
02000,공동주택,청소용역휴게실,2
03000,제1종근린생활시설,겸,2
19000,위험물저장및처리시설,기타,2
18000,창고시설,보선소,2
17000,공장,선박통신장비,2
03000,제1종근린생활시설,축산물,2
13000,운동시설,판매,2
12000,수련시설,세탁실,2
18000,창고시설,축사관리실,2
02000,공동주택,b2,2
17000,공장,공기건조실,2
10000,교육연구시설,고등학교교사,2
17000,공장,수동창고,2
17000,공장,가스탱크실,2
17000,공장,공동작업장,2
10000,교육연구시설,부동산중개사무소,2
01000,단독주택,제1종제2종,2
17000,공장,2층,2
,,간이음식점,2
02000,공동주택,아파트11세대,2
04000,제2종근린생활시설,사찰법당,2
04000,제2종근린생활시설,관람실,2
02000,공동주택,대피소및기숙사,2
02000,공동주택,생활구매시설,2
02000,공동주택,여성친화공간6,2
30000,자원순환관련시설,공동구,2
18000,창고시설,탱크터미널,2
04000,제2종근린생활시설,다가구3가구,2
02000,공동주택,공동주택및근생,2
02000,공동주택,전기관리실,2
02000,공동주택,연립주택및창고,2
02000,공동주택,연립주택및제2종근린생활시설,2
02000,공동주택,공동주택외4,2
02000,공동주택,아파트단지내주민편익시설,2
02000,공동주택,기전실등,2
02000,공동주택,취미활동실,2
19000,위험물저장및처리시설,분석실,2
17000,공장,곡물가공제품제조업,2
07000,판매시설,농산물간이집하장,2
17000,공장,용접기제조업,2
19000,위험물저장및처리시설,액화석유가스판매시설,2
19000,위험물저장및처리시설,폐기물보관소,2
,,본가,2
10000,교육연구시설,직업,2
07000,판매시설,일반게임제공의시설,2
19000,위험물저장및처리시설,압축기실,2
08000,운수시설,구일역사,2
19000,위험물저장및처리시설,자동화상온창고,2
19000,위험물저장및처리시설,유류저장창고,2
23000,교정및군사시설,위생및급식시설,2
14000,업무시설,사무실외,2
17000,공장,건축용장식금속공작물제조업,2
14000,업무시설,소형차고,2
06000,종교시설,기타,2
Z8000,교육연구및복지시설,전문대학,2
22000,분뇨.쓰레기처리시설,뷴뇨,2
02000,공동주택,다세대5,2
21000,동물및식물관련시설,양봉창고,2
15000,숙박시설,부대,2
06000,종교시설,제례당,2
24000,방송통신시설,통신무인국사,2
24000,방송통신시설,이동통신무인중계소,2
Z3000,근린생활시설,광고탑,2
01000,단독주택,축산업창고,2
02000,공동주택,삼신건설,2
24000,방송통신시설,방송통신시설외1,2
04000,제2종근린생활시설,종당,2
04000,제2종근린생활시설,연초조합주재소,2
04000,제2종근린생활시설,간이농기계수리소,2
04000,제2종근린생활시설,근생및창고,2
04000,제2종근린생활시설,근린생활시설및영업용,2
06000,종교시설,서실,2
04000,제2종근린생활시설,야외강의장,2
04000,제2종근린생활시설,수산물처리장,2
04000,제2종근린생활시설,숙박시설외1,2
25000,발전시설,가스공급시설,2
31000,야영장시설,외2,2
17000,공장,인쇄관련서비스업,2
10000,교육연구시설,강의장,2
08000,운수시설,단초소,2
10000,교육연구시설,교육대기실,2
08000,운수시설,공항대합실,2
10000,교육연구시설,삼계중학교,2
10000,교육연구시설,음수대지붕,2
21000,동물및식물관련시설,기공,2
08000,운수시설,공안관실차고,2
15000,숙박시설,비품창고,2
02000,공동주택,입주자실,2
01000,단독주택,다가구용단독주태,2
10000,교육연구시설,공예실,2
18000,창고시설,의원,2
04000,제2종근린생활시설,고입학원,2
21000,동물및식물관련시설,가축위생실,2
03000,제1종근린생활시설,종교집회시설,2
17000,공장,transfer,2
02000,공동주택,근린생활시설3,2
14000,업무시설,17호,2
17000,공장,냉동품,2
Z3000,근린생활시설,교양실,2
21000,동물및식물관련시설,농기구수리센타,2
17000,공장,위험물창고a,2
10000,교육연구시설,주차관리실,2
01000,단독주택,부동산소개업소,2
06000,종교시설,교육연구및집회시설,2
17000,공장,제2소형공장,2
19000,위험물저장및처리시설,보이라실,2
06000,종교시설,포교실,2
02000,공동주택,41세대,2
15000,숙박시설,이용소,2
01000,단독주택,근린시설외,2
03000,제1종근린생활시설,근린생활시시설,2
26000,묘지관련시설,유족대기실,2
18000,창고시설,농사용농막,2
08000,운수시설,화물홈지붕,2
06000,종교시설,사설강습소,2
23000,교정및군사시설,지휘소,2
Z8000,교육연구및복지시설,유아보육시설,2
21000,동물및식물관련시설,일반주택,2
02000,공동주택,계절창고1,2
03000,제1종근린생활시설,제2동근린생활시설,2
27000,관광휴게시설,간이매점,2
02000,공동주택,수경시설,2
03000,제1종근린생활시설,제1종근린린생활시설,2
17000,공장,야외출하장,2
,,일반주택,2
18000,창고시설,사무실창고,2
17000,공장,거실,2
03000,제1종근린생활시설,작은목욕탕,2
10000,교육연구시설,위험물저장,2
12000,수련시설,세미나동,2
03000,제1종근린생활시설,농산물체험장,2
33000,"국방,군사시설",저장시설,2
11000,노유자시설,경로당및마을회관,2
02000,공동주택,기타제1종근린생활시설,2
02000,공동주택,주차장3,2
02000,공동주택,일용품,2
14000,업무시설,108호,2
17000,공장,원자재보관실,2
10000,교육연구시설,3가구,2
Z8000,교육연구및복지시설,다용도실,2
10000,교육연구시설,가마실,2
10000,교육연구시설,역사관,2
02000,공동주택,교환실,2
Z8000,교육연구및복지시설,운동시설,2
,,급식소,2
10000,교육연구시설,모터실,2
10000,교육연구시설,어학실,2
Z3000,근린생활시설,도시형공장,2
24000,방송통신시설,이동통신기계실,2
04000,제2종근린생활시설,폐백실,2
04000,제2종근린생활시설,면류제조장,2
03000,제1종근린생활시설,제1종근린생솰시설,2
18000,창고시설,농어업용주택,2
08000,운수시설,위험물저장소,2
21000,동물및식물관련시설,위생실,2
09000,의료시설,대피소,2
10000,교육연구시설,대학원연구실험실,2
17000,공장,위험물저장및처리실,2
03000,제1종근린생활시설,관리인숙사,2
17000,공장,tower동,2
14000,업무시설,게임제공업소,2
13000,운동시설,헬스클럽,2
10000,교육연구시설,종합정보센타,2
22000,분뇨.쓰레기처리시설,반송오니펌프장,2
23000,교정및군사시설,해사,2
09000,의료시설,저온창고,2
21000,동물및식물관련시설,7,2
13000,운동시설,의원,2
01000,단독주택,2종근린생활시설주택,2
06000,종교시설,부대급식시설,2
04000,제2종근린생활시설,교육연구시설외2,2
11000,노유자시설,문고,2
03000,제1종근린생활시설,사업장,2
17000,공장,201,2
04000,제2종근린생활시설,주형및금형제조업,2
17000,공장,광업에,2
03000,제1종근린생활시설,구매소,2
06000,종교시설,무애당,2
03000,제1종근린생활시설,마을모종,2
04000,제2종근린생활시설,목조,2
03000,제1종근린생활시설,주부,2
14000,업무시설,저장,2
12000,수련시설,수영장,2
03000,제1종근린생활시설,창고및사무실,2
10000,교육연구시설,종합실습관,2
22000,분뇨.쓰레기처리시설,과원퇴비사,2
18000,창고시설,소방대,2
19000,위험물저장및처리시설,수소,2
14000,업무시설,구청사,2
20000,자동차관련시설,정비센타,2
02000,공동주택,외6,2
03000,제1종근린생활시설,철문,2
19000,위험물저장및처리시설,경비초소,2
18000,창고시설,판매,2
30000,자원순환관련시설,샤워장,2
17000,공장,옥외작업장,2
17000,공장,출하시설,2
17000,공장,주방식당,2
02000,공동주택,온수기실,2
03000,제1종근린생활시설,창고및단독주택,2
03000,제1종근린생활시설,여과지실,2
03000,제1종근린생활시설,제1종근린새왈시설,2
21000,동물및식물관련시설,농기구,2
17000,공장,시멘트포장실,2
09000,의료시설,음식점,2
13000,운동시설,그늘집3,2
17000,공장,농기구,2
21000,동물및식물관련시설,사무실및,2
18000,창고시설,슈퍼마켓,2
20000,자동차관련시설,배차실,2
04000,제2종근린생활시설,태권도도장,2
02000,공동주택,기타부대시설,2
08000,운수시설,기능시설,2
07000,판매시설,분리수거실,2
18000,창고시설,선별장및,2
02000,공동주택,도시형생활주택12세대,2
14000,업무시설,주민센타,2
14000,업무시설,자동차,2
21000,동물및식물관련시설,농기구보관소,2
21000,동물및식물관련시설,가금사육장,2
18000,창고시설,저온저장고및선별장,2
17000,공장,분석센터,2
04000,제2종근린생활시설,canopy,2
17000,공장,주차기,2
01000,단독주택,기존축사,2
17000,공장,제2차분쇄실,2
21000,동물및식물관련시설,39,2
17000,공장,보행통로,2
04000,제2종근린생활시설,자동차수리점및사무소,2
19000,위험물저장및처리시설,나동,2
17000,공장,제작장,2
17000,공장,공기,2
23000,교정및군사시설,p,2
10000,교육연구시설,실험실및,2
08000,운수시설,안내소,2
17000,공장,유흥음식점,2
21000,동물및식물관련시설,액분저장소,2
11000,노유자시설,노후자시설,2
01000,단독주택,생태화장실,2
17000,공장,공장화장실,2
03000,제1종근린생활시설,운문댐,2
03000,제1종근린생활시설,경비실동,2
03000,제1종근린생활시설,목재건구제조업,2
17000,공장,매트리스,2
06000,종교시설,응향각,2
15000,숙박시설,문화시설,2
24000,방송통신시설,위락시설,2
Z3000,근린생활시설,다과점,2
04000,제2종근린생활시설,충효각,2
02000,공동주택,택배보관,2
17000,공장,pump실,2
04000,제2종근린생활시설,이발관,2
04000,제2종근린생활시설,부동산중계사무소,2
04000,제2종근린생활시설,벽돌공장,2
03000,제1종근린생활시설,예체능계강습소,2
04000,제2종근린생활시설,제조가공업소,2
10000,교육연구시설,보일러,2
03000,제1종근린생활시설,의원주택,2
04000,제2종근린생활시설,몸체,2
03000,제1종근린생활시설,제1종근린생활주택,2
17000,공장,후생복리,2
21000,동물및식물관련시설,슬러리돈사,2
03000,제1종근린생활시설,옥탐,2
JY,,화장실,2
01000,단독주택,새마을,2
01000,단독주택,온실및창고,2
27000,관광휴게시설,관광지부수시설,2
07000,판매시설,외2건,2
18000,창고시설,외부화장실,2
16000,위락시설,제2종근생시설,2
30000,자원순환관련시설,폐기물발효시설,2
17000,공장,불용품창고,2
03000,제1종근린생활시설,농산물전시판매장,2
17000,공장,부속된,2
15000,숙박시설,오수처리장,2
03000,제1종근린생활시설,냉동실,2
14000,업무시설,공동구판장,2
17000,공장,생수공장,2
21000,동물및식물관련시설,67,2
21000,동물및식물관련시설,08,2
14000,업무시설,다가구,2
01000,단독주택,수거식화장실,2
17000,공장,식당등,2
Z3000,근린생활시설,방앗간,2
17000,공장,27,2
03000,제1종근린생활시설,주민사랑방,2
21000,동물및식물관련시설,접종실,2
14000,업무시설,가족호텔,2
17000,공장,화물용리프트,2
03000,제1종근린생활시설,방재기계실,2
15000,숙박시설,농어촌민박시설,2
01000,단독주택,교육연구복지시설,2
02000,공동주택,휀룸da,2
18000,창고시설,유통시설,2
22000,분뇨.쓰레기처리시설,폐기물저장창고,2
02000,공동주택,철거,2
14000,업무시설,27호,2
14000,업무시설,소극장,2
03000,제1종근린생활시설,필로티,2
04000,제2종근린생활시설,폐기물보관소,2
30000,자원순환관련시설,반응조,2
17000,공장,커패시터,2
14000,업무시설,판매소,2
02000,공동주택,단지형다세대주택6세대,2
17000,공장,출입구,2
11000,노유자시설,영유아보육원,2
02000,공동주택,오피스텔9호,2
15000,숙박시설,여관및대피소,2
01000,단독주택,94국민주택,2
Z3000,근린생활시설,복지회관,2
15000,숙박시설,냉동창고,2
02000,공동주택,나동9세대,2
21000,동물및식물관련시설,표준설계,2
27000,관광휴게시설,복지시설,2
Z3000,근린생활시설,배수장,2
01000,단독주택,5세대다가구주택,2
23000,교정및군사시설,교정및군사시설군사시설,2
Z3000,근린생활시설,농산물저장고,2
12100,생활권수련시설,학생야영장,2
09000,의료시설,노인치매요양병원,2
17000,공장,프린트공장,2
17000,공장,폐수처리저수조,2
17000,공장,폐사처리장,2
17000,공장,죽염제조공장,2
17000,공장,수질측정소,2
17000,공장,154변전실,2
17000,공장,다세대주택,2
13000,운동시설,고전동,2
17000,공장,승차대기소,2
17000,공장,터빈룸,2
17000,공장,프라스틱공장,2
17000,공장,후문경비동,2
17000,공장,시멘트벽돌제조공장,2
17000,공장,페기물창고,2
17000,공장,석탄하하장,2
17000,공장,도시형업종공장,2
17000,공장,강주물주조업,2
01000,단독주택,97주거환경개선사업,2
23000,교정및군사시설,구사시설,2
01000,단독주택,5가구및소매점,2
04000,제2종근린생활시설,공용화장실,2
06000,종교시설,취운암,2
23000,교정및군사시설,재활용보관소,2
14000,업무시설,고속도로통행료징수사무소,2
14000,업무시설,소각장,2
17000,공장,씽그대조립,2
21000,동물및식물관련시설,식물관런시설,2
17000,공장,크랙샤장,2
17000,공장,정제기동,2
27000,관광휴게시설,일반창고,2
14000,업무시설,야외화장실,2
Z8000,교육연구및복지시설,취사,2
05000,문화및집회시설,기도원,2
14000,업무시설,업무시설외3용도,2
04000,제2종근린생활시설,사무소및휴게음식점,2
14000,업무시설,상가용,2
17000,공장,개발동,2
10000,교육연구시설,창고및체육실,2
10000,교육연구시설,운동부실,2
04000,제2종근린생활시설,농산물가공판매시설,2
04000,제2종근린생활시설,그외기타프라스틱제품제조업,2
09000,의료시설,재활원,2
10000,교육연구시설,교실및사택,2
10000,교육연구시설,전자파장해시험연구소,2
10000,교육연구시설,물치장,2
10000,교육연구시설,약학대학,2
18000,창고시설,lpg보관창고,2
09000,의료시설,의료시설외2용도,2
08000,운수시설,검수원처소,2
17000,공장,코드번호27213이화학기기제조업,2
07000,판매시설,남녀휴게실,2
18000,창고시설,서적보관,2
26000,묘지관련시설,묘사,2
04000,제2종근린생활시설,합성및특수표면처리종이제조업,2
18000,창고시설,블록양생실,2
Z5000,문화및집회시설,전망대매점,2
19000,위험물저장및처리시설,전기차충전소,2
Z3000,근린생활시설,농기계수리센타,2
23000,교정및군사시설,중간정비창정비고,2
26000,묘지관련시설,토장,2
23000,교정및군사시설,운전병대기실,2
03000,제1종근린생활시설,축전실,2
17000,공장,폼스키드하우스,2
20000,자동차관련시설,운수부대시설,2
20000,자동차관련시설,일반구역화물차고지,2
05000,문화및집회시설,화석,2
05000,문화및집회시설,보호및전시시설,2
19000,위험물저장및처리시설,위험물처장및,2
19000,위험물저장및처리시설,위험물저장및처리시,2
20000,자동차관련시설,부속시설,2
17000,공장,gl가소제근무자대기실,2
07000,판매시설,화물터미널,2
19000,위험물저장및처리시설,위험물저장및처리시설및주택,2
03000,제1종근린생활시설,감시실,2
07000,판매시설,상가홀,2
11000,노유자시설,아동복지실,2
02000,공동주택,dmf실,2
05000,문화및집회시설,문화및집회설,2
06000,종교시설,숙소및,2
21000,동물및식물관련시설,건조대,2
03000,제1종근린생활시설,총포판매소,2
10000,교육연구시설,가정대학,2
30000,자원순환관련시설,주방,2
18000,창고시설,양곡저장창고,2
08000,운수시설,약국,2
01000,단독주택,제2종근생생활시설,2
10000,교육연구시설,농과대학,2
05000,문화및집회시설,북행각,2
01000,단독주택,향여집,2
18000,창고시설,소방격납고,2
01000,단독주택,두부공장,2
21000,동물및식물관련시설,창고동,2
01000,단독주택,폐기물재활용시설,2
Z5000,문화및집회시설,대성전,2
01000,단독주택,교육및연구시설,2
02000,공동주택,도시현생활주택,2
01000,단독주택,우마차실,2
02000,공동주택,건강센터,2
02000,공동주택,57세대,2
21000,동물및식물관련시설,주택및창고시설,2
02000,공동주택,쓰레기분리보관소,2
26000,묘지관련시설,묘원관리사,2
18000,창고시설,안내실,2
21000,동물및식물관련시설,전시시설,2
17000,공장,51,2
18000,창고시설,마을농기계창고,2
18000,창고시설,잠사,2
15000,숙박시설,계단탑,2
01000,단독주택,돌담,2
21000,동물및식물관련시설,대량배양시설,2
01000,단독주택,블럭조,2
05000,문화및집회시설,생활숙박시설,2
21000,동물및식물관련시설,부속차고,2
04000,제2종근린생활시설,다가구주택3가구,2
17000,공장,철물관련제조업,2
02000,공동주택,외부계단실1,2
18000,창고시설,와인숙성창고,2
17000,공장,컴퓨터관련,2
01000,단독주택,관리사및창고,2
02000,공동주택,다세대주택10가구,2
14000,업무시설,합숙소,2
21000,동물및식물관련시설,동식물련시설,2
Z5000,문화및집회시설,대피실,2
15000,숙박시설,대문채,2
01000,단독주택,야외쉼터,2
Z3000,근린생활시설,가압장,2
21000,동물및식물관련시설,악취저감시설,2
10000,교육연구시설,관사동,2
03000,제1종근린생활시설,교육연구및복지지설,2
16000,위락시설,2종근,2
01000,단독주택,헛간및변소,2
27000,관광휴게시설,기숙사,2
08000,운수시설,관람집회시설,2
02000,공동주택,39,2
14000,업무시설,지열기계실,2
02000,공동주택,제1종근린생활시설외1용도,2
03000,제1종근린생활시설,산부인과,2
05000,문화및집회시설,기도실,2
04000,제2종근린생활시설,식당및창고,2
18000,창고시설,집하장및,2
01000,단독주택,92주택자력대상자임,2
,,공해공장및,2
21000,동물및식물관련시설,육상,2
01000,단독주택,다중주택14호,2
01000,단독주택,lpg,2
13000,운동시설,검도장,2
17000,공장,자수업,2
01000,단독주택,2층1가구,2
04010,학원,학원,2
30000,자원순환관련시설,유기성공존오니,2
07000,판매시설,소화가스실,2
,,전시시설,2
17000,공장,폐토장,2
04000,제2종근린생활시설,근린생홀시설,2
17000,공장,저수조실,2
20000,자동차관련시설,도서관,2
31000,야영장시설,글램핑장,2
10000,교육연구시설,기계전기실,2
17000,공장,cv공장,2
02000,공동주택,기타근린생활시설,2
10000,교육연구시설,예체능계강습소,2
06000,종교시설,본관,2
17000,공장,공해공장및,2
07000,판매시설,오물처리장,2
18000,창고시설,세관검사장,2
20000,자동차관련시설,경정비공장,2
02000,공동주택,강남드림스타트센터,2
02000,공동주택,수퍼마켓,2
05000,문화및집회시설,세척장,2
11000,노유자시설,숙직실,2
22000,분뇨.쓰레기처리시설,주차장,2
03000,제1종근린생활시설,면세점,2
03000,제1종근린생활시설,무인분기국사,2
17000,공장,공기조절장치제조,2
17000,공장,보호용쉘타,2
21000,동물및식물관련시설,자재,2
13000,운동시설,야구장락커룸,2
01000,단독주택,곡물건조기창고,2
15000,숙박시설,4층,2
01000,단독주택,가공공장,2
05000,문화및집회시설,동물사,2
10000,교육연구시설,폐기물,2
05000,문화및집회시설,경기전,2
03000,제1종근린생활시설,보건진료실,2
03000,제1종근린생활시설,문화의집,2
21000,동물및식물관련시설,동물미용실,2
01000,단독주택,어업인,2
17000,공장,가스판매소,2
14000,업무시설,50호,2
02000,공동주택,4204동,2
04000,제2종근린생활시설,김치제조실,2
Z3000,근린생활시설,경정비,2
02000,공동주택,멀티코트,2
22000,분뇨.쓰레기처리시설,축산분뇨발효시설,2
13000,운동시설,휴계실,2
06000,종교시설,중문,2
11000,노유자시설,종업원,2
04000,제2종근린생활시설,양계장,2
02000,공동주택,방과후공부방,2
04000,제2종근린생활시설,근린생활제조장,2
04000,제2종근린생활시설,기타음식점,2
17000,공장,mcc룸,2
15000,숙박시설,관리소,2
06000,종교시설,용왕각,2
17000,공장,40동,2
18000,창고시설,다중주택,2
04000,제2종근린생활시설,소매점및단독주택,2
04000,제2종근린생활시설,신용금고,2
04000,제2종근린생활시설,제조장및부대시설,2
07000,판매시설,지하도,2
21000,동물및식물관련시설,냉각기계실,2
01000,단독주택,농어촌주거환경개선사업,2
06000,종교시설,교육및복지시설,2
17000,공장,탈수장,2
17000,공장,재활용센터,2
17000,공장,교실,2
17000,공장,소화저수조,2
03000,제1종근린생활시설,점포및유기장,2
14000,업무시설,증축,2
18000,창고시설,1동,2
27000,관광휴게시설,궤도시설,2
06000,종교시설,대강당,2
02000,공동주택,19호,2
21000,동물및식물관련시설,부하장,2
11000,노유자시설,새마을,2
09000,의료시설,별관,2
04000,제2종근린생활시설,간이수리점,2
04000,제2종근린생활시설,관광휴게실,2
08000,운수시설,노유자시설,2
19000,위험물저장및처리시설,음식점,2
25000,발전시설,정비동,2
17000,공장,농수산물1차가공공장,2
01000,단독주택,다가구주택및제2종근생시설,2
18000,창고시설,농기구실,2
01000,단독주택,97농촌주택,2
04000,제2종근린생활시설,기계식,2
21000,동물및식물관련시설,사료저장실,2
06000,종교시설,제2근린생활시설,2
09000,의료시설,세탁실,2
10000,교육연구시설,교실외,2
18000,창고시설,허청,2
18000,창고시설,보관및,2
04000,제2종근린생활시설,10세대,2
02000,공동주택,관장실,2
22000,분뇨.쓰레기처리시설,뷴뇨및쓰레기처리시설,2
17000,공장,아케이드,2
14000,업무시설,공용홀,2
17000,공장,부자재보관창고,2
04000,제2종근린생활시설,박물관,2
17000,공장,건설,2
21000,동물및식물관련시설,건초보관시설,2
04000,제2종근린생활시설,제1종생활시설,2
01000,단독주택,일용품소매점및,2
17000,공장,고압가스,2
04000,제2종근린생활시설,불교회관,2
17000,공장,원료보관장,2
17000,공장,공장및근생,2
17000,공장,원료하역장,2
04000,제2종근린생활시설,교회집회장,2
02000,공동주택,장애인ev,2
04000,제2종근린생활시설,제2종근린생활외2,2
04000,제2종근린생활시설,자동차알선업,2
04000,제2종근린생활시설,유기동물보호소,2
04000,제2종근린생활시설,불교당,2
10000,교육연구시설,농기계격납고,2
04000,제2종근린생활시설,근린생활시설및점포,2
04000,제2종근린생활시설,승무원합숙소,2
04000,제2종근린생활시설,압축기실,2
04000,제2종근린생활시설,창고및제2종근린생활시설,2
04000,제2종근린생활시설,무인국사,2
04000,제2종근린생활시설,도안및제도기구,2
01000,단독주택,농업용단독,2
18000,창고시설,농수산물건조,2
19000,위험물저장및처리시설,유독물보관저장소,2
18000,창고시설,단독주택시설,2
13000,운동시설,선수대기실1,2
01000,단독주택,불가함,2
15000,숙박시설,글램핑장,2
33000,"국방,군사시설",운전보안시설,2
01000,단독주택,94년농촌주거환경개선사업융자대상,2
01000,단독주택,94농촌주택개량대상자,2
16000,위락시설,샤워장,2
03000,제1종근린생활시설,마을공동구매장,2
03000,제1종근린생활시설,운동장관리사,2
03000,제1종근린생활시설,소방기구,2
03000,제1종근린생활시설,양촌마을회관,2
01000,단독주택,총18가구,2
03000,제1종근린생활시설,영업기타,2
03000,제1종근린생활시설,근린생활시설및공장,2
03000,제1종근린생활시설,야외휴게실,2
18000,창고시설,도매창고업,2
03000,제1종근린생활시설,취사식당,2
03000,제1종근린생활시설,공동작업실,2
03000,제1종근린생활시설,주민공동작업소,2
17000,공장,tms장비실,2
03000,제1종근린생활시설,소방시설,2
03000,제1종근린생활시설,창고점포,2
18000,창고시설,여주자영농업고등학교,2
03000,제1종근린생활시설,농작업휴식실,2
17000,공장,과실,2
03000,제1종근린생활시설,청소년공부방,2
03000,제1종근린생활시설,행정연락,2
18000,창고시설,공장용,2
03000,제1종근린생활시설,철도변전시설,2
Z9000,공공용시설,검문소,2
17000,공장,pilot공장,2
05000,문화및집회시설,미아보호소,2
05000,문화및집회시설,기타문화집회시설,2
17000,공장,공작용수공구제조업,2
01000,단독주택,농가구용주택,2
21000,동물및식물관련시설,양어장및부대시설,2
17000,공장,fgms,2
18000,창고시설,농업용창고및농가주택,2
01000,단독주택,창고및부속,2
21000,동물및식물관련시설,육상종묘배양장,2
18000,창고시설,간이저온저장고및농업용창고,2
18000,창고시설,계분건조장,2
01000,단독주택,주대,2
17000,공장,비가림캐노피,2
17000,공장,금속탱크제조및유사용기제조,2
18000,창고시설,마을농기계보관창고,2
21000,동물및식물관련시설,주택및재배사,2
21000,동물및식물관련시설,메추리농장,2
18000,창고시설,마을공동저온저장고,2
18000,창고시설,농사용건창고,2
01000,단독주택,변소및샤워실,2
18000,창고시설,계측기실,2
01000,단독주택,공동취사장실,2
18000,창고시설,돈분창고,2
21000,동물및식물관련시설,농가용우사,2
21000,동물및식물관련시설,잎담배건조장,2
18000,창고시설,창고및제1종근린생활시설,2
01000,단독주택,및단독주택5가구용,2
01000,단독주택,영업및주택,2
18000,창고시설,가저장고,2
19000,위험물저장및처리시설,3고로,2
21000,동물및식물관련시설,톱밥발효우사및퇴비사,2
02000,공동주택,1개동,2
03000,제1종근린생활시설,고속도로업무시설,2
02000,공동주택,점포및다세대주택,2
04000,제2종근린생활시설,합기도도장,2
02000,공동주택,아파트주차장,2
05000,문화및집회시설,실내수영장,2
30000,자원순환관련시설,자원순환시설시설,2
02000,공동주택,단독주택외1,2
02000,공동주택,시니어센터,2
02000,공동주택,2호연립주택,2
02000,공동주택,비가림막,2
02000,공동주택,근생및주택,2
02000,공동주택,계단실3,2
02000,공동주택,수녀원기숙사,2
02000,공동주택,기숙사및식당,2
02000,공동주택,근생및도시형생활단지형다세대,2
24000,방송통신시설,무선분실,2
02000,공동주택,장애자엘리베이터,2
06000,종교시설,캐노피,2
19000,위험물저장및처리시설,101101,2
Z9000,공공용시설,초소,2
02000,공동주택,기자재실,2
01000,단독주택,보관,2
19000,위험물저장및처리시설,psa,2
20000,자동차관련시설,내,2
03000,제1종근린생활시설,탕옥,2
10000,교육연구시설,노인정,2
02000,공동주택,관리복지,2
Z3000,근린생활시설,정비고,2
02000,공동주택,새싹스테이션,2
21000,동물및식물관련시설,전복양어장,2
26000,묘지관련시설,묘정,2
17000,공장,화징실,2
02000,공동주택,10동,2
05000,문화및집회시설,문루,2
03000,제1종근린생활시설,전화국사,2
01000,단독주택,1층창고,2
11000,노유자시설,장애인거주시설,2
17000,공장,구내운동시설,2
03000,제1종근린생활시설,마을공동교육장,2
03000,제1종근린생활시설,정수약품투입,2
03000,제1종근린생활시설,소방사무실,2
06000,종교시설,제단실,2
04000,제2종근린생활시설,근린생활시설및위험물저장및처리시설,2
03000,제1종근린생활시설,부녀복지관,2
04000,제2종근린생활시설,성인용전자오락실,2
03000,제1종근린생활시설,제1종근란생활시설,2
14000,업무시설,금융,2
03000,제1종근린생활시설,요사,2
02000,공동주택,오피스텔및공동주택,2
03000,제1종근린생활시설,영화관,2
06000,종교시설,해탈문,2
10000,교육연구시설,휴게,2
17000,공장,제품보관실,2
03000,제1종근린생활시설,근린공공서설,2
04000,제2종근린생활시설,배즙가공시설,2
21000,동물및식물관련시설,식물물관련시설,2
21000,동물및식물관련시설,자가사료혼합시설,2
10000,교육연구시설,5,2
,,톱밥발효돈사,2
10000,교육연구시설,운동장스탠드,2
22000,분뇨.쓰레기처리시설,계량대,2
09000,의료시설,보이라실,2
01000,단독주택,영육아보육시설,2
03000,제1종근린생활시설,카바레,2
Z3000,근린생활시설,낚시터,2
19000,위험물저장및처리시설,1용도,2
19000,위험물저장및처리시설,위험물처리장및처리시설,2
03000,제1종근린생활시설,가공,2
04000,제2종근린생활시설,과자류,2
18000,창고시설,제품보관용,2
19000,위험물저장및처리시설,유해화학물질,2
07000,판매시설,인터넷컴퓨터게임시설제공업,2
04000,제2종근린생활시설,금속제조업,2
01000,단독주택,매매장,2
17000,공장,영선창고,2
04000,제2종근린생활시설,해태제조공장,2
04000,제2종근린생활시설,건조기,2
04000,제2종근린생활시설,23실,2
20000,자동차관련시설,부스실,2
01000,단독주택,휴계소,2
04000,제2종근린생활시설,임항창고,2
22000,분뇨.쓰레기처리시설,건조식톱밥발효상,2
18000,창고시설,4가구,2
21000,동물및식물관련시설,식물관련시서,2
21000,동물및식물관련시설,호박저장고,2
08000,운수시설,변소,2
01000,단독주택,l,2
02000,공동주택,도시형생활주택16세대,2
21000,동물및식물관련시설,계분시설,2
17000,공장,윤활유저장소,2
22000,분뇨.쓰레기처리시설,간이오수처리장,2
16000,위락시설,노유자시설,2
04000,제2종근린생활시설,냉장고,2
02000,공동주택,쓰레기집하시설,2
17000,공장,촉매저장창고,2
17000,공장,44동,2
21000,동물및식물관련시설,축산물작업장,2
03000,제1종근린생활시설,가공시설,2
17000,공장,33201,2
03000,제1종근린생활시설,포기조,2
23000,교정및군사시설,격납고,2
14000,업무시설,준주거,2
02000,공동주택,수유실,2
17000,공장,변압기,2
05000,문화및집회시설,라마,2
20000,자동차관련시설,자주식,2
06000,종교시설,공양실,2
19000,위험물저장및처리시설,근린생활시설및,2
02000,공동주택,지상경비실,2
Z3000,근린생활시설,1용도,2
17000,공장,수생동물,2
03000,제1종근린생활시설,근린생화시설및,2
02000,공동주택,아이누리돌봄센터,2
19000,위험물저장및처리시설,편의시설,2
01000,단독주택,학원및주택,2
03000,제1종근린생활시설,식품제조시설,2
10000,교육연구시설,기사대기실,2
02000,공동주택,식물관련시설,2
01000,단독주택,문서고,2
10000,교육연구시설,선수숙소,2
14000,업무시설,66세대,2
18000,창고시설,감시소,2
02000,공동주택,단지형다새대주택,2
20000,자동차관련시설,위험물창고,2
25000,발전시설,숙소,2
20000,자동차관련시설,여객자동차터미널,2
02000,공동주택,282,2
02000,공동주택,커뮤니티카페,2
04000,제2종근린생활시설,주유취급소,2
17000,공장,분전반실,2
04000,제2종근린생활시설,차량수리점,2
02000,공동주택,mom,2
04000,제2종근린생활시설,연료전지실,2
05000,문화및집회시설,위락,2
18000,창고시설,근린,2
06000,종교시설,사찰법당,2
06000,종교시설,차고지,2
17000,공장,해양오염방재기자재창고,2
05000,문화및집회시설,문화및집회,2
03000,제1종근린생활시설,쌀가게,2
04000,제2종근린생활시설,어선수리소,2
17000,공장,보빈관리실,2
Z3000,근린생활시설,농기구수리점,2
17000,공장,폐수장관리실,2
22000,분뇨.쓰레기처리시설,집하장,2
02000,공동주택,70,2
01000,단독주택,기자재보관창고,2
17000,공장,분쇄동,2
17000,공장,부대급식소,2
30000,자원순환관련시설,자동차관련시설,2
05000,문화및집회시설,대장간,2
17000,공장,침구및,2
21000,동물및식물관련시설,나,2
02000,공동주택,도시형활주택,2
04000,제2종근린생활시설,인터넷게임시설제공업,2
24000,방송통신시설,샤워실,2
02000,공동주택,단지형다세대11세대,2
17000,공장,연수처리장,2
25000,발전시설,월실동,2
02000,공동주택,도시형생활주택9세대,2
02000,공동주택,배기휀룸,2
03000,제1종근린생활시설,다방및대중음식점,2
,,사제관,2
,,생활편익시설,2
02000,공동주택,및근,2
17000,공장,제재업,2
04000,제2종근린생활시설,소아과의원,2
02000,공동주택,수처리기계실,2
17000,공장,수입검사실,2
17000,공장,아파트형공장외,2
02000,공동주택,교육연구시설및복지시설,2
02000,공동주택,열병합기계실,2
17000,공장,고철저장소,2
14000,업무시설,정화조중간관리층,2
17000,공장,리프트실,2
17000,공장,svc전기실,2
04000,제2종근린생활시설,두부,2
20000,자동차관련시설,휴계실,2
01000,단독주택,한지공장,2
17000,공장,공장및식당,2
18000,창고시설,개량,2
01000,단독주택,대피실및보일러실,2
Z3000,근린생활시설,태권도장,2
02000,공동주택,근린생화시설,2
08000,운수시설,3,2
,,일용품소매점,2
17000,공장,계중기실,2
13000,운동시설,도서관,2
17000,공장,식당및탈의실,2
04000,제2종근린생활시설,21호,2
17000,공장,공장에,2
07000,판매시설,전시시설,2
02000,공동주택,헬스크럽,2
17000,공장,생산실동,2
19000,위험물저장및처리시설,직원용숙소,2
02000,공동주택,정화조점검구,2
02000,공동주택,전망카페,2
Z8000,교육연구및복지시설,공작실,2
02000,공동주택,점포및아파트,2
30000,자원순환관련시설,송풍기동,2
04000,제2종근린생활시설,현장사무소,2
23000,교정및군사시설,유류고,2
23000,교정및군사시설,이동식화장실,2
23000,교정및군사시설,장비실,2
23000,교정및군사시설,복지동,2
23000,교정및군사시설,교육관,2
23000,교정및군사시설,영외탄약고,2
23000,교정및군사시설,세차장,2
26000,묘지관련시설,초소,2
21000,동물및식물관련시설,특용작물재배사,2
02000,공동주택,공중변소1,2
14000,업무시설,교육관,2
02000,공동주택,주민공동시설6,2
22000,분뇨.쓰레기처리시설,폐기물처리및감량화시설,2
02000,공동주택,에코맘스카페,2
02000,공동주택,여성친화공간3,2
02000,공동주택,노인문화센터,2
15000,숙박시설,지하층,2
02000,공동주택,공회당,2
17000,공장,변대,2
02000,공동주택,연립주택및소매점,2
02000,공동주택,공동주택및점포,2
02000,공동주택,소각장,2
02000,공동주택,0020,2
27000,관광휴게시설,실내유기장,2
17000,공장,유사장치제조업,2
17000,공장,컴퓨터제조업,2
17000,공장,소방기계실,2
02000,공동주택,중앙감시,2
19000,위험물저장및처리시설,위물저장및처리시설,2
02000,공동주택,mfd실,2
,,재활용품창고,2
Z3000,근린생활시설,6,2
01000,단독주택,18가구원룸,2
19000,위험물저장및처리시설,가스공장,2
01000,단독주택,브록,2
17000,공장,출입문,2
15000,숙박시설,가족호텔업,2
22000,분뇨.쓰레기처리시설,최초침전지계단실,2
21000,동물및식물관련시설,축사중계사,2
17000,공장,그외기타종이및판지제품제조업,2
14000,업무시설,월동자재창고,2
21000,동물및식물관련시설,분뇨처리설,2
13000,운동시설,공원시설중관리시설,2
13000,운동시설,주차관리실,2
09000,의료시설,비가림시설,2
10000,교육연구시설,자전거보관소,2
08000,운수시설,지하철역사,2
17000,공장,완제품전시실,2
09000,의료시설,공공시설,2
09000,의료시설,의무실,2
10000,교육연구시설,정문경비실,2
10000,교육연구시설,교육연구및복지시설시설,2
09000,의료시설,의료시설외1용도,2
08000,운수시설,보조급전구분소,2
10000,교육연구시설,급식소및다목적강당,2
10000,교육연구시설,위험물저장고,2
10000,교육연구시설,향토관,2
11000,노유자시설,어린이시설,2
10000,교육연구시설,주차장캐노피,2
04000,제2종근린생활시설,냉장실외,2
01000,단독주택,외4,2
14000,업무시설,천문관측시설,2
14000,업무시설,업무시설외4,2
14000,업무시설,공관,2
17000,공장,삼베직조시설,2
17000,공장,위험물제조실,2
04000,제2종근린생활시설,17124,2
18000,창고시설,건축자재보관,2
15000,숙박시설,제2종근린생활시설및숙박시설,2
15000,숙박시설,부전기실,2
21000,동물및식물관련시설,처리,2
05000,문화및집회시설,주경기장,2
15000,숙박시설,일반숙박시설및근린생활시설,2
13000,운동시설,카트보관고,2
17000,공장,521하치장,2
17000,공장,기계실동,2
27000,관광휴게시설,바목,2
21000,동물및식물관련시설,사슴막사,2
17000,공장,건설기계,2
17000,공장,물류이송자동화통로,2
17000,공장,압연공실,2
17000,공장,연구개발동,2
17000,공장,엔진살배지장,2
17000,공장,유독물취급소,2
17000,공장,옥탄올근무자대기실,2
01000,단독주택,창고및개량곡간,2
17000,공장,폐콘크리트장,2
14000,업무시설,가스보관소,2
17000,공장,지함제조,2
03000,제1종근린생활시설,배수관리실,2
09000,의료시설,펌프실,2
19000,위험물저장및처리시설,기계식세차기,2
21000,동물및식물관련시설,염사,2
01000,단독주택,세벽,2
04000,제2종근린생활시설,영정각,2
02000,공동주택,음악실,2
18000,창고시설,미곡창고,2
17000,공장,u동,2
01000,단독주택,슬레이트,2
06000,종교시설,정문,2
04000,제2종근린생활시설,교회관사,2
02000,공동주택,도시형원룸다세대주택,2
15000,숙박시설,5층,2
16000,위락시설,의원,2
05000,문화및집회시설,c,2
10000,교육연구시설,임산물연구소,2
05000,문화및집회시설,전시온실,2
05000,문화및집회시설,건초창고,2
19000,위험물저장및처리시설,옥내,2
07000,판매시설,정미소,2
01000,단독주택,제외,2
04000,제2종근린생활시설,봉안각,2
30000,자원순환관련시설,드럼스크린,2
Z3000,근린생활시설,가구제조업,2
22000,분뇨.쓰레기처리시설,a,2
03000,제1종근린생활시설,음식점및소매점,2
31000,야영장시설,남,2
18000,창고시설,젓갈공장,2
27000,관광휴게시설,캠핑장,2
18000,창고시설,콩나물재배사,2
04000,제2종근린생활시설,창고변소,2
02000,공동주택,도시형행활주택,2
17000,공장,냉동냉장창고,2
01000,단독주택,농산물보관용창고,2
04000,제2종근린생활시설,두부제조소,2
04000,제2종근린생활시설,2종근생및다세대주택,2
01000,단독주택,차오,2
14000,업무시설,무도학원,2
17000,공장,관리사사무실,2
Z3000,근린생활시설,공중목욕탕,2
04000,제2종근린생활시설,제2종근신생활시설,2
17000,공장,hydrogen,2
04000,제2종근린생활시설,제제소,2
20000,자동차관련시설,주차장관리사,2
10000,교육연구시설,주,2
18000,창고시설,수산물저장,2
01000,단독주택,근린생활서설,2
Z8000,교육연구및복지시설,학교복지시설,2
04000,제2종근린생활시설,및냉장창고,2
06000,종교시설,휴게시설,2
03000,제1종근린생활시설,전자부품,2
04000,제2종근린생활시설,수양원,2
01000,단독주택,단독및다중,2
17000,공장,특장차제조,2
01000,단독주택,다가구단독주택4가구,2
05000,문화및집회시설,등,2
18000,창고시설,주방,2
27000,관광휴게시설,집회시설,2
18000,창고시설,헛간및,2
17000,공장,실습실,2
06000,종교시설,종교시실,2
30000,자원순환관련시설,부속시설,2
16000,위락시설,유홍주점,2
01000,단독주택,저온고,2
19000,위험물저장및처리시설,위험물저정시설,2
18000,창고시설,광산시설,2
02000,공동주택,이,2
22000,분뇨.쓰레기처리시설,쓰레기처리실,2
02000,공동주택,단지형도시생활주택,2
17000,공장,c공장,2
03000,제1종근린생활시설,마을공동농촌어촌체험시설,2
17000,공장,종말처리장,2
01000,단독주택,정비고,2
01000,단독주택,다가구주택시설,2
18000,창고시설,농가저온저장고,2
02000,공동주택,23,2
03000,제1종근린생활시설,일반게임제공업의,2
Z3000,근린생활시설,볼링장,2
18000,창고시설,항온항습창고,2
10000,교육연구시설,상담실,2
01000,단독주택,연면적제외,2
01000,단독주택,단무지저장고,2
18000,창고시설,저온저장창고및,2
09000,의료시설,다방,2
17000,공장,피피압출실,2
03000,제1종근린생활시설,선거관리위원회,2
17000,공장,농기계수리공장,2
03000,제1종근린생활시설,공기압축기실,2
01000,단독주택,지원분임,2
02000,공동주택,136,2
17000,공장,준비실,2
10000,교육연구시설,공대2호관,2
01000,단독주택,부속사및,2
02000,공동주택,co2실,2
03000,제1종근린생활시설,약품투입,2
07000,판매시설,어판장,2
21000,동물및식물관련시설,에어컨환기실,2
10000,교육연구시설,쓰레기집하장,2
18000,창고시설,의약품보관창고,2
01000,단독주택,부속황토방,2
04000,제2종근린생활시설,감물염색,2
18000,창고시설,계사및창고,2
03000,제1종근린생활시설,노인정및,2
01000,단독주택,주택1세대,2
01000,단독주택,다가구주댁,2
01000,단독주택,농가주택및부속창고,2
17000,공장,회수탱크실,2
02000,공동주택,주민공동회의실,2
Z5000,문화및집회시설,목사관,2
17000,공장,곡물입고량측정탱크,2
01000,단독주택,제2종그린생활,2
18000,창고시설,건가창고,2
18000,창고시설,통신실,2
17000,공장,상업인쇄,2
03000,제1종근린생활시설,오니,2
04000,제2종근린생활시설,근린생,2
02000,공동주택,경비실6,2
04000,제2종근린생활시설,소매점및음식점,2
17000,공장,스키드실,2
12000,수련시설,휴게음식점,2
21000,동물및식물관련시설,표고장,2
21000,동물및식물관련시설,돈분저장고,2
02000,공동주택,마을돌봄터,2
03000,제1종근린생활시설,직두2리,2
14000,업무시설,46호,2
02000,공동주택,빗물이용시설관리층,2
17000,공장,차량통제소,2
17000,공장,세정실,2
13000,운동시설,물품보관창고,2
Z8000,교육연구및복지시설,학생복지시설,2
,,미용원,2
02000,공동주택,다세대원룸,2
17000,공장,e동,2
18000,창고시설,97월송리,2
04000,제2종근린생활시설,주민체육활동을위한시설,2
14000,업무시설,주거겸용업무시설,2
02000,공동주택,화장실및,2
18000,창고시설,농업용기자재창고,2
17000,공장,환경시설,2
26000,묘지관련시설,강당,2
05000,문화및집회시설,관광숙박시설,2
17000,공장,복리동,2
21000,동물및식물관련시설,학생숙사,2
01000,단독주택,제2종종근린생활시설,2
11000,노유자시설,화장실및창고,2
17000,공장,퇴비저장시설,2
01000,단독주택,및근린생활,2
18000,창고시설,사무,2
02000,공동주택,77,2
21000,동물및식물관련시설,미생물발효실,2
20000,자동차관련시설,매매상사,2
18000,창고시설,퇴적장,2
18000,창고시설,잡창고,2
18000,창고시설,주류보관창고,2
18000,창고시설,단독주택창고,2
01000,단독주택,부속창고2,2
01000,단독주택,연립주택및점포,2
17000,공장,기타곡물가공제조업,2
21000,동물및식물관련시설,축산창고,2
21000,동물및식물관련시설,유량조정조,2
21000,동물및식물관련시설,어류종묘배양장,2
18000,창고시설,수리점및창고,2
21000,동물및식물관련시설,동식및식물관련시설,2
18000,창고시설,퇴비사및변소,2
01000,단독주택,제1종근린생활시설외1건,2
21000,동물및식물관련시설,과수관리사,2
01000,단독주택,중문,2
17000,공장,설비지원동,2
21000,동물및식물관련시설,단독주택및축사,2
17000,공장,구내매점,2
01000,단독주택,브록조,2
01000,단독주택,주택및숙박시설,2
18000,창고시설,건과시설,2
01000,단독주택,죽령역종업원숙소,2
18000,창고시설,미곡가공제조업,2
01000,단독주택,스렛,2
18000,창고시설,퇴비저장창고,2
01000,단독주택,주택및농업생산시설,2
18000,창고시설,어업용보관창고,2
18000,창고시설,조경자재창고,2
18000,창고시설,교실및창고,2
18000,창고시설,물품저장용창고,2
21000,동물및식물관련시설,전복육성장,2
21000,동물및식물관련시설,방역사,2
21000,동물및식물관련시설,동물관련및식물시설,2
18000,창고시설,농기구수리창고,2
18000,창고시설,화훼창고,2
10000,교육연구시설,지식산업시설,2
18000,창고시설,일반철골구조,2
01000,단독주택,단독주액,2
21000,동물및식물관련시설,농작업관리사,2
18000,창고시설,컨테이너박스,2
30000,자원순환관련시설,기타자원순환시설,2
30000,자원순환관련시설,가축분뇨처리장시설,2
02000,공동주택,저장실,2
17000,공장,7호집진기실,2
27000,관광휴게시설,조리실,2
06000,종교시설,향로전,2
21000,동물및식물관련시설,농어촌체험시설,2
11000,노유자시설,연구,2
19000,위험물저장및처리시설,lpg용기보관실,2
17000,공장,분리수거보관소,2
02000,공동주택,외부데크,2
17000,공장,매트리스및내장가구제조업,2
05000,문화및집회시설,민속보존회관,2
04000,제2종근린생활시설,다가구주택외,2
01000,단독주택,보일러싱,2
03000,제1종근린생활시설,서원,2
11000,노유자시설,동회관,2
03000,제1종근린생활시설,새마을사업장,2
05000,문화및집회시설,실내배드민턴장,2
03000,제1종근린생활시설,무인중계실,2
03000,제1종근린생활시설,청소년회관,2
03000,제1종근린생활시설,제1종근린생할시설및주택,2
01000,단독주택,2호협동,2
03000,제1종근린생활시설,근린공공시설외1,2
03000,제1종근린생활시설,공공업무사무소,2
03000,제1종근린생활시설,1종근생및단독주택,2
03000,제1종근린생활시설,보건진료소및숙소,2
03000,제1종근린생활시설,1종근생및주택,2
03000,제1종근린생활시설,세척고,2
03000,제1종근린생활시설,배관실,2
03000,제1종근린생활시설,이동파출소,2
03000,제1종근린생활시설,부속작업장,2
03000,제1종근린생활시설,산불감시초소,2
03000,제1종근린생활시설,발방아간,2
21000,동물및식물관련시설,동물사육,2
04000,제2종근린생활시설,위험물저장및처리시설외1,2
04000,제2종근린생활시설,제2종근린생활시설및근린생활시설,2
23000,교정및군사시설,어린이공부방,2
04000,제2종근린생활시설,포교소,2
04000,제2종근린생활시설,농수산물가공처리시설및창고,2
04000,제2종근린생활시설,농기구쎈타,2
04000,제2종근린생활시설,샤워실및화장실,2
17000,공장,기타표면처리,2
04000,제2종근린생활시설,농기구수리실,2
04000,제2종근린생활시설,옥외휴게소,2
04000,제2종근린생활시설,제2총근린생활시설,2
04000,제2종근린생활시설,제조업소부속창고,2
04000,제2종근린생활시설,고유음식점,2
14000,업무시설,관리방재실,2
Z3000,근린생활시설,통신기계실,2
04000,제2종근린생활시설,보현원,2
17000,공장,기타자동차부품제조업,2
19000,위험물저장및처리시설,고압액화석유가스판매소,2
17000,공장,싸이로기계실,2
21000,동물및식물관련시설,농산물의,2
17000,공장,위험물보관고,2
17000,공장,열병합발전소,2
19000,위험물저장및처리시설,lpg용기보관소,2
17000,공장,욕장,2
17000,공장,폐지보관장,2
17000,공장,골재저장호퍼,2
02000,공동주택,b1,2
03000,제1종근린생활시설,주차장관리실,2
17000,공장,근생시설,2
02000,공동주택,상가용,2
03000,제1종근린생활시설,창고및물탱크실,2
03000,제1종근린생활시설,효자각,2
11000,노유자시설,마을경노당,2
,,대합실,2
03000,제1종근린생활시설,농기계마을공동창고,2
09000,의료시설,물리치료실,2
01000,단독주택,양곡소매점,2
11000,노유자시설,공동생활관,2
01000,단독주택,근린생왈시설,2
01000,단독주택,농업관련시설,2
18000,창고시설,창고시석,2
01000,단독주택,자력개량,2
03000,제1종근린생활시설,연습장,2
01000,단독주택,식품,2
17000,공장,2세대,2
17000,공장,화장품공장,2
21000,동물및식물관련시설,소방기계실,2
02000,공동주택,락카룸,2
21000,동물및식물관련시설,전복축양,2
20000,자동차관련시설,자동차관려시설,2
20000,자동차관련시설,제1종및제2종근린생활시설,2
01000,단독주택,양생실,2
14000,업무시설,예능계학원,2
13000,운동시설,캐디하우스,2
04000,제2종근린생활시설,정당,2
01000,단독주택,16실,2
Z5000,문화및집회시설,동물관련시설,2
24000,방송통신시설,기숙사,2
17000,공장,기숙사및휴게실,2
Z3000,근린생활시설,저장고,2
21000,동물및식물관련시설,워킹머신,2
Z5000,문화및집회시설,관리사무소,2
17000,공장,osbl,2
01000,단독주택,농업용창고및,2
12000,수련시설,매표소,2
11000,노유자시설,면회실,2
18000,창고시설,근린생활시설외,2
03000,제1종근린생활시설,디자인,2
02000,공동주택,문화생활지원시설,2
03000,제1종근린생활시설,농기계보관,2
18000,창고시설,체험장,2
23000,교정및군사시설,a,2
21000,동물및식물관련시설,버섯종균배양실,2
17000,공장,위험물옥내제조소,2
17000,공장,기계실및전기실,2
17000,공장,충진실,2
19000,위험물저장및처리시설,lpg가스판매소,2
17000,공장,2제강,2
02000,공동주택,연쇄점,2
21000,동물및식물관련시설,이용소,2
17000,공장,실험실및사무실,2
02000,공동주택,그리너리카페,2
17000,공장,공무사무실,2
02000,공동주택,73세대,2
22000,분뇨.쓰레기처리시설,동물,2
04000,제2종근린생활시설,종업원숙소,2
12000,수련시설,온실,2
03000,제1종근린생활시설,자동전화,2
01000,단독주택,일주문,2
06000,종교시설,매표소,2
17000,공장,폐기물적치장,2
02000,공동주택,빗물저류조기계실,2
22000,분뇨.쓰레기처리시설,2종근린생활시설,2
02000,공동주택,106동1층활용,2
18000,창고시설,근로자대기소,2
21000,동물및식물관련시설,축산분뇨처리시설,2
11000,노유자시설,mdf실,2
01000,단독주택,공해공장,2
06000,종교시설,신부숙소,2
01000,단독주택,단독주택및다중주택,2
15000,숙박시설,선원숙소,2
30000,자원순환관련시설,종말처리장기계실,2
01000,단독주택,측사,2
15000,숙박시설,제1종근린생활시설및숙박시설,2
21000,동물및식물관련시설,유추장,2
21000,동물및식물관련시설,1종근생,2
30000,자원순환관련시설,공조실,2
03000,제1종근린생활시설,금고실,2
10000,교육연구시설,창고2호동,2
01000,단독주택,서예학원,2
10000,교육연구시설,제2,2
09000,의료시설,구매시설,2
14000,업무시설,교육연구시설및복지시설,2
21000,동물및식물관련시설,식물관련시실,2
18000,창고시설,건조장시설,2
04000,제2종근린생활시설,2종근린생확시설,2
27000,관광휴게시설,공원내,2
07000,판매시설,근린운동시설,2
03000,제1종근린생활시설,시설강습소,2
01000,단독주택,근근생활시설,2
02000,공동주택,승강장,2
18000,창고시설,요사,2
19000,위험물저장및처리시설,위험물취급소및점포,2
27000,관광휴게시설,측간,2
06000,종교시설,교육및연구시설,2
18000,창고시설,약초건조장,2
18000,창고시설,농촌창고,2
01000,단독주택,주차동,2
10000,교육연구시설,내무반,2
01000,단독주택,기존화장실,2
01000,단독주택,전도관,2
21000,동물및식물관련시설,분만자돈사,2
01000,단독주택,다가구주주택,2
21000,동물및식물관련시설,톱밥돈사및창고,2
21000,동물및식물관련시설,실습실,2
01000,단독주택,농업용창고시설,2
01000,단독주택,토조,2
18000,창고시설,농작물건조장,2
14000,업무시설,20호,2
01000,단독주택,노인요양공동생활가정,2
01000,단독주택,벼건조실,2
21000,동물및식물관련시설,계란집하장,2
21000,동물및식물관련시설,기구창고,2
01000,단독주택,근링생활시설,2
17000,공장,폐유보관장,2
Z8000,교육연구및복지시설,부속시설,2
Z5000,문화및집회시설,관리실,2
02000,공동주택,위험물취급소,2
01000,단독주택,농어가주거용,2
02000,공동주택,육아종합지원센터,2
02000,공동주택,세탁장,2
10000,교육연구시설,식당및다목적실,2
03000,제1종근린생활시설,2종근린,2
Z3000,근린생활시설,방가로,2
22000,분뇨.쓰레기처리시설,탈취실,2
10000,교육연구시설,카페,2
21000,동물및식물관련시설,기타동,2
11000,노유자시설,급식실,2
11000,노유자시설,관련,2
14000,업무시설,경비시설,2
07000,판매시설,항만시설,2
11000,노유자시설,4,2
19000,위험물저장및처리시설,종업원휴게실,2
02000,공동주택,실버카페,2
10000,교육연구시설,슥직실,2
04000,제2종근린생활시설,양파즙,2
03000,제1종근린생활시설,어촌회관,2
03000,제1종근린생활시설,부속용도,2
03000,제1종근린생활시설,까스판매소,2
19000,위험물저장및처리시설,기계세차설비,2
01000,단독주택,석유,2
Z3000,근린생활시설,온실,2
17000,공장,연구실험실,2
06000,종교시설,유아실,2
14000,업무시설,근리생활시설,2
,,이용소,2
01000,단독주택,다구구용,2
08000,운수시설,모터카실,2
04000,제2종근린생활시설,부속사창고,2
20000,자동차관련시설,주차관리동,2
04000,제2종근린생활시설,야영장,2
02000,공동주택,마동,2
17000,공장,제3공장,2
17000,공장,재활용품창고,2
12000,수련시설,산림교육센터,2
04000,제2종근린생활시설,등기소,2
18000,창고시설,사과,2
03000,제1종근린생활시설,마을목욕탕,2
01000,단독주택,주거환경개선사업분,2
20000,자동차관련시설,주차장사무실,2
02000,공동주택,계단및복도,2
26000,묘지관련시설,희릉,2
27000,관광휴게시설,회의실,2
08000,운수시설,드론비행시험장,2
10000,교육연구시설,학교용지,2
12000,수련시설,숙직실,2
03000,제1종근린생활시설,농산물가공공장,2
03000,제1종근린생활시설,촬영소,2
03000,제1종근린생활시설,종각,2
02000,공동주택,경사로지붕,2
04000,제2종근린생활시설,블럭제조공장,2
17000,공장,당구장,2
11000,노유자시설,구내식당,2
03000,제1종근린생활시설,간이식당,2
03000,제1종근린생활시설,양수,2
11000,노유자시설,마을공동회관,2
01000,단독주택,정주권융자주택,2
01000,단독주택,양수실,2
05000,문화및집회시설,진열관,2
18000,창고시설,폐기물,2
03000,제1종근린생활시설,간이급수장,2
27000,관광휴게시설,부대시설,2
03000,제1종근린생활시설,제1종근린생활시설사무소,2
03000,제1종근린생활시설,농산물공동작업장,2
21000,동물및식물관련시설,엽연초,2
03000,제1종근린생활시설,이용,2
03000,제1종근린생활시설,신서면사무소,2
11000,노유자시설,교유연구및복지시설,2
13000,운동시설,주유소,2
01000,단독주택,아동복지시설,2
03000,제1종근린생활시설,전수회관,2
05000,문화및집회시설,도서실,2
02000,공동주택,공종주택,2
02000,공동주택,155세대,2
08000,운수시설,문화,2
17000,공장,출하대기실,2
11000,노유자시설,노유자시설및제1종,2
14000,업무시설,소형주택,2
03000,제1종근린생활시설,수원지기계실,2
17000,공장,제조시설및부대시설,2
17000,공장,노즐공장,2
18000,창고시설,육가공,2
17000,공장,폐열발전실,2
13000,운동시설,보링장,2
20000,자동차관련시설,노인정,2
04000,제2종근린생활시설,학원및일반음식점,2
03000,제1종근린생활시설,정류소,2
,,일반유흥음식점,2
17000,공장,ncc,2
04000,제2종근린생활시설,18세대,2
01000,단독주택,세멘트벽돌,2
17000,공장,기기제조,2
01000,단독주택,근생및다가구용,2
19000,위험물저장및처리시설,위험물처리저장및처리시설,2
03000,제1종근린생활시설,근린생활및창고,2
15000,숙박시설,외1용도,2
03000,제1종근린생활시설,공동휴게실,2
03000,제1종근린생활시설,학술,2
03000,제1종근린생활시설,농산물집회장,2
03000,제1종근린생활시설,사무실창고,2
17000,공장,봉제제조업,2
03000,제1종근린생활시설,원지회관,2
03000,제1종근린생활시설,세척펌프실,2
03000,제1종근린생활시설,농산물관련시설,2
03000,제1종근린생활시설,공원매점,2
03000,제1종근린생활시설,근린생활시설및부속사,2
03000,제1종근린생활시설,공업용수배수지,2
11000,노유자시설,원생숙소,2
01000,단독주택,농가구,2
03000,제1종근린생활시설,대피소및점포,2
03000,제1종근린생활시설,수도관련시설,2
17000,공장,냉각수약품주입실,2
03000,제1종근린생활시설,근린생활시설및근린공공시설,2
03000,제1종근린생활시설,놀이터화장실,2
03000,제1종근린생활시설,우량국사,2
03000,제1종근린생활시설,공원휴게소,2
03000,제1종근린생활시설,지하점포,2
03000,제1종근린생활시설,보건지소사무실,2
03000,제1종근린생활시설,농축산물판매점,2
04000,제2종근린생활시설,업무및근린생활시설,2
04000,제2종근린생활시설,제2제2종근린생활시설,2
06000,종교시설,재사,2
04000,제2종근린생활시설,핸드백및지갑제조업,2
06000,종교시설,수도원실,2
21000,동물및식물관련시설,조직,2
04000,제2종근린생활시설,근린생활시설외주택,2
04000,제2종근린생활시설,창고및제조업소,2
04000,제2종근린생활시설,국산농산물처리시설,2
04000,제2종근린생활시설,법회실,2
04000,제2종근린생활시설,제2종근린생활시섧,2
04000,제2종근린생활시설,제2종근린생홀시설,2
06000,종교시설,제실및관리사,2
01000,단독주택,20실,2
04000,제2종근린생활시설,일반음식점제2종근린생활시설,2
04000,제2종근린생활시설,종교집회장사찰,2
02000,공동주택,아파트14세대,2
15000,숙박시설,세척실,2
18000,창고시설,기계전기실,2
13000,운동시설,카트보관시설,2
19000,위험물저장및처리시설,저공해,2
09000,의료시설,지체장애자,2
01000,단독주택,육상양식어업시설,2
02000,공동주택,근린운동시설,2
10000,교육연구시설,조례대창고,2
10000,교육연구시설,유량계실,2
17000,공장,종합,2
14000,업무시설,제1종근린생활시설외,2
04000,제2종근린생활시설,동양화작업장,2
10000,교육연구시설,교육연구및부속시설,2
10000,교육연구시설,장애인엘리베이터,2
09000,의료시설,결핵병동,2
10000,교육연구시설,식당창고,2
10000,교육연구시설,공용장비연구동,2
10000,교육연구시설,초도초등학교의성분교,2
02000,공동주택,단지형다세대주택10,2
19000,위험물저장및처리시설,판매및영업시설,2
,,농가주택및동물관련시설,2
27000,관광휴게시설,1종근린생활시설,2
18000,창고시설,염,2
07000,판매시설,쓰레기처리시설,2
19000,위험물저장및처리시설,위험물저장및처리시설및제2종근린생활시설,2
04000,제2종근린생활시설,위험물저장장,2
07000,판매시설,판매시설외4,2
17000,공장,철문관련,2
11000,노유자시설,실비양로시설,2
07000,판매시설,판매시설외1건,2
27000,관광휴게시설,산림휴양관,2
17000,공장,감말랭이,2
17000,공장,필터프레스,2
01000,단독주택,apt,2
05000,문화및집회시설,농경유물전시실,2
03000,제1종근린생활시설,남녀,2
02000,공동주택,2종근린생활시설및연립주택,2
02000,공동주택,6개동,2
02000,공동주택,실외엘리베이터,2
20000,자동차관련시설,자동차관련시설외3,2
02000,공동주택,도시형생활주택23세대,2
17000,공장,스크린인쇄업,2
Z8000,교육연구및복지시설,화장실시설,2
22000,분뇨.쓰레기처리시설,농가용계분장,2
04000,제2종근린생활시설,지하저수조,2
20000,자동차관련시설,주차장및창고,2
17000,공장,석공예공장,2
17000,공장,게기실,2
17000,공장,퇴비화시설,2
17000,공장,고철장창고,2
17000,공장,기계보호실,2
27000,관광휴게시설,생태관광기반시설,2
10000,교육연구시설,단설유치원,2
17000,공장,물품인쇄,2
18000,창고시설,과수저장,2
17000,공장,백작소,2
17000,공장,가바나실,2
04000,제2종근린생활시설,제2종근린생활시설및단독,2
17000,공장,오수처리장기계실,2
01000,단독주택,복층2가구,2
17000,공장,정수동,2
17000,공장,식품제조업공장,2
17000,공장,출입구캐노피,2
17000,공장,원료배합공장,2
17000,공장,주차장차양,2
17000,공장,칩로딩장,2
03000,제1종근린생활시설,공동구관리사무소,2
04000,제2종근린생활시설,농기계보관소,2
14000,업무시설,화물터미널,2
27000,관광휴게시설,야외취사장,2
10000,교육연구시설,휴게동,2
17000,공장,가공및,2
11000,노유자시설,캐노피,2
21000,동물및식물관련시설,두채재배사,2
17000,공장,농산물1차가공,2
10000,교육연구시설,교육원숙소,2
17000,공장,기타건축용목제품제조,2
27000,관광휴게시설,유희시설,2
04000,제2종근린생활시설,일용품판매,2
17000,공장,전시관,2
27000,관광휴게시설,상품창고,2
18000,창고시설,간이주점,2
22000,분뇨.쓰레기처리시설,오물처리장,2
17000,공장,co2실,2
05000,문화및집회시설,아동관련시설,2
20000,자동차관련시설,공업사,2
15000,숙박시설,제1종근린생활시설외,2
02000,공동주택,웰컴센터,2
02000,공동주택,주문주,2
26000,묘지관련시설,유족편의시설,2
13000,운동시설,야외무대,2
27000,관광휴게시설,lpg충전소,2
21000,동물및식물관련시설,곤축사육시설,2
04000,제2종근린생활시설,비디오감상실,2
08000,운수시설,운수부대시설,2
21000,동물및식물관련시설,양어,2
20000,자동차관련시설,자동차매매,2
02000,공동주택,공용승강기,2
20000,자동차관련시설,창고및사무실,2
01000,단독주택,단독주택및제1종,2
04000,제2종근린생활시설,소규모공장,2
Z3000,근린생활시설,1세대,2
02000,공동주택,마을공방,2
02000,공동주택,근린생활시설및부대시설,2
02000,공동주택,에스컬레이터,2
29000,장례시설,창고시설,2
17000,공장,체련단련실,2
06000,종교시설,취향전,2
17000,공장,콤푸레샤,2
06000,종교시설,및노유자시설,2
30000,자원순환관련시설,마을하수도처리시설,2
10000,교육연구시설,탁아소,2
24000,방송통신시설,제2종,2
14000,업무시설,교육,2
02000,공동주택,스터디실,2
17000,공장,엘리베이터홀,2
02000,공동주택,방과후학교,2
20000,자동차관련시설,전용주차장,2
03000,제1종근린생활시설,자동차관련,2
17000,공장,제2조립공장캐노피,2
17000,공장,생활시설,2
15000,숙박시설,전시시설,2
01000,단독주택,마을공동작업소,2
21000,동물및식물관련시설,한우사육,2
02000,공동주택,입주자입회소,2
14000,업무시설,축전지실,2
17000,공장,주조정실,2
03000,제1종근린생활시설,공동샤워장,2
04000,제2종근린생활시설,제일교회,2
21000,동물및식물관련시설,창고및관리실,2
02000,공동주택,관리기계실,2
02000,공동주택,입주자집회실,2
09000,의료시설,가축병원,2
18000,창고시설,홍보관,2
07000,판매시설,물탱크실,2
21000,동물및식물관련시설,분뇨탱크,2
18000,창고시설,공병창고,2
18000,창고시설,농산물건조저장시설,2
14000,업무시설,주차경사로,2
18000,창고시설,주용도,2
21000,동물및식물관련시설,사료발효장,2
17000,공장,d공장,2
21000,동물및식물관련시설,축사ㅡ창고,2
15000,숙박시설,휴계음식점,2
Z5000,문화및집회시설,관리인숙소,2
,,가정용,2
02000,공동주택,펌,2
20000,자동차관련시설,주차장전용건축물,2
14000,업무시설,은행영업장,2
06000,종교시설,다방,2
01000,단독주택,기념관,2
12000,수련시설,쓰레기장,2
04000,제2종근린생활시설,회의소,2
10000,교육연구시설,지원실,2
04000,제2종근린생활시설,맛김제조업,2
17000,공장,m판넬실,2
19000,위험물저장및처리시설,유류저장시설,2
02000,공동주택,보일라실,2
02000,공동주택,2실,2
04000,제2종근린생활시설,사찰및,2
Z8000,교육연구및복지시설,무기고,2
21000,동물및식물관련시설,퇴사,2
09000,의료시설,mri실,2
17000,공장,화장실및,2
22000,분뇨.쓰레기처리시설,피난계단실,2
17000,공장,채소절임제조업,2
02000,공동주택,농구장,2
03000,제1종근린생활시설,근린행활시설,2
,,노래연습장,2
07000,판매시설,옥탑,2
27000,관광휴게시설,기타시설,2
17000,공장,간이시험실,2
21000,동물및식물관련시설,다가구,2
02000,공동주택,창업지원사무실,2
01000,단독주택,제2종근린생화릿설,2
17000,공장,가공장,2
21000,동물및식물관련시설,창고용,2
11000,노유자시설,영아반,2
19000,위험물저장및처리시설,및자동차관련시설,2
23000,교정및군사시설,진지관측소,2
21000,동물및식물관련시설,생산물저장창고,2
13000,운동시설,파크골프장,2
10000,교육연구시설,연습장,2
05000,문화및집회시설,민속문화재전시창고,2
26000,묘지관련시설,엘리베이터,2
01000,단독주택,5다구,2
17000,공장,농산물공장,2
05000,문화및집회시설,여우사,2
04000,제2종근린생활시설,유아놀이방,2
04000,제2종근린생활시설,달리,2
27000,관광휴게시설,취사실,2
04000,제2종근린생활시설,제과공장,2
03001,소매점,사무소,2
24000,방송통신시설,변전실,2
14000,업무시설,도시형생활주택단지형,2
01000,단독주택,일용품소매,2
01000,단독주택,주택및제1종,2
17000,공장,도장부스,2
01000,단독주택,증축2가구,2
19000,위험물저장및처리시설,위험물정장처리시설,2
14000,업무시설,교환실,2
24000,방송통신시설,2종근생,2
18000,창고시설,농기계정비소,2
21000,동물및식물관련시설,포집통로,2
03000,제1종근린생활시설,원,2
14000,업무시설,연회장,2
07000,판매시설,공용홀,2
01000,단독주택,단독3가구,2
04000,제2종근린생활시설,자동차수리소,2
07000,판매시설,수산물공판장,2
Z5000,문화및집회시설,천주교회,2
19000,위험물저장및처리시설,위험물석유판매취급소,2
19000,위험물저장및처리시설,포장실,2
03000,제1종근린생활시설,봉제공장,2
17000,공장,40ton,2
24000,방송통신시설,pcs,2
17000,공장,blk,2
19000,위험물저장및처리시설,사무실및주택,2
18000,창고시설,시멘트저장,2
02000,공동주택,207,2
17000,공장,26,2
Z5000,문화및집회시설,종교,2
19000,위험물저장및처리시설,취사용가스판매소,2
03000,제1종근린생활시설,제1ㆍ2종,2
10000,교육연구시설,국궁장,2
20000,자동차관련시설,공작물,2
19000,위험물저장및처리시설,부속기계실,2
20000,자동차관련시설,관람집회시설,2
Z8000,교육연구및복지시설,매점,2
18000,창고시설,사,2
03000,제1종근린생활시설,할머니,2
01000,단독주택,1층근린생활시설,2
18000,창고시설,출고장,2
22000,분뇨.쓰레기처리시설,포기조전기실,2
17000,공장,dry,2
Z3000,근린생활시설,근생및단독주택,2
03000,제1종근린생활시설,시가문화촌,2
11000,노유자시설,복지시설외,2
02000,공동주택,119대,2
04000,제2종근린생활시설,임가공업,2
19000,위험물저장및처리시설,쓰레기장,2
,,취급소,2
17000,공장,제품선별동,2
02000,공동주택,직업훈련소,2
17000,공장,nsd공장,2
17000,공장,탄산음료,2
03000,제1종근린생활시설,농촌,2
21000,동물및식물관련시설,무허가축사추인건,2
15000,숙박시설,수위실,2
30000,자원순환관련시설,정자,2
25000,발전시설,전기발전실,2
15000,숙박시설,관광휴양콘도미니엄,2
08000,운수시설,항공기지원시설,2
25000,발전시설,화장실,2
02005,부대시설,부대시설,2
02000,공동주택,및노인정,2
27000,관광휴게시설,전기충전시설,2
23000,교정및군사시설,공동시설,2
23000,교정및군사시설,탄약창고,2
02000,공동주택,다세대주택및주차장,2
02000,공동주택,도시형생활연립주택,2
02000,공동주택,근린상가,2
04000,제2종근린생활시설,도자기가공,2
30000,자원순환관련시설,폐기물처리및폐기물감량화시설,2
02000,공동주택,지상데크,2
02000,공동주택,공중변소2,2
02000,공동주택,저수조관리소,2
02000,공동주택,관리경비실,2
17000,공장,적층,2
02000,공동주택,그린커뮤니티,2
02000,공동주택,도시형생활주택및2종근린생활시설,2
19000,위험물저장및처리시설,주유판매대,2
15000,숙박시설,사우나,2
21000,동물및식물관련시설,가축관련시설,2
21000,동물및식물관련시설,치잠사육장,2
18000,창고시설,대추건조실,2
18000,창고시설,농업용마을공동창고,2
18000,창고시설,농산물간이수집소,2
21000,동물및식물관련시설,건조장및축사,2
21000,동물및식물관련시설,오수처리장,2
01000,단독주택,상업주택,2
21000,동물및식물관련시설,양계사및부속창고,2
01000,단독주택,주택및농기계보관창고,2
01000,단독주택,공가주택,2
01000,단독주택,주가겸점포,2
21000,동물및식물관련시설,볕짚창고,2
21000,동물및식물관련시설,농자재보관창고,2
01000,단독주택,단독주택5,2
21000,동물및식물관련시설,잠실및창고,2
01000,단독주택,샘,2
04000,제2종근린생활시설,제1차농산물가공,2
01000,단독주택,제1종근린생활생,2
03000,제1종근린생활시설,동아리방,2
21000,동물및식물관련시설,동물및식물관련시설시설,2
18000,창고시설,평가건창고,2
21000,동물및식물관련시설,사료창고및관리사,2
18000,창고시설,농산물건조기,2
01000,단독주택,주택및부대시설,2
01000,단독주택,다중주택및사무소,2
18000,창고시설,창고시설물,2
21000,동물및식물관련시설,주택축사,2
21000,동물및식물관련시설,야외화장실,2
01000,단독주택,근린생활시설및주택3가구,2
18000,창고시설,저온저장고및집하장,2
01000,단독주택,하숙옥,2
21000,동물및식물관련시설,축사및농가주택,2
18000,창고시설,종묘저장창고,2
01000,단독주택,물품저장실,2
01000,단독주택,농가구조,2
21000,동물및식물관련시설,주택및잠실,2
18000,창고시설,화장실및보일러실,2
01000,단독주택,다가구및제2종근린,2
21000,동물및식물관련시설,기업축사,2
17000,공장,연결회랑,2
10000,교육연구시설,운동장본부석,2
,,다가구,2
,,노유자,2
04000,제2종근린생활시설,건축자재,2
19000,위험물저장및처리시설,지게차차고,2
10000,교육연구시설,부속동,2
04000,제2종근린생활시설,9호,2
01000,단독주택,마늘건가시설,2
17000,공장,작업장및,2
23000,교정및군사시설,주택,2
17000,공장,주배전공장,2
04000,제2종근린생활시설,산령각,2
17000,공장,공장부속사무실,2
24000,방송통신시설,외1,2
17000,공장,자수제품,2
19000,위험물저장및처리시설,m,2
17000,공장,오수정화시설,2
19000,위험물저장및처리시설,1건,2
17000,공장,lng,2
08000,운수시설,공기압축기실,2
02000,공동주택,체육도장,2
02000,공동주택,통신기계,2
02000,공동주택,r,2
15000,숙박시설,다세대주택,2
03000,제1종근린생활시설,송수펌프장,2
17000,공장,의료실,2
21000,동물및식물관련시설,6동,2
01000,단독주택,치과병원,2
19000,위험물저장및처리시설,make,2
02000,공동주택,재활용폐기물창고,2
17000,공장,페인트실,2
17000,공장,변성기제조업,2
04000,제2종근린생활시설,인법당,2
01000,단독주택,농장관리사,2
04000,제2종근린생활시설,배추절임시설,2
21000,동물및식물관련시설,곤충,2
04000,제2종근린생활시설,청소년용,2
01000,단독주택,교직원사택,2
18000,창고시설,건조동,2
08000,운수시설,버스승강장,2
03000,제1종근린생활시설,공용회기로,2
01000,단독주택,산림관리사,2
02000,공동주택,시니어클럽,2
18000,창고시설,주택부속,2
18000,창고시설,미용실,2
02000,공동주택,관리정,2
17000,공장,자숙실,2
Z3000,근린생활시설,자동차경정비,2
14000,업무시설,통합관리실,2
14000,업무시설,원룸형다세대,2
14000,업무시설,기계펌프실,2
01000,단독주택,석유판매업소,2
15000,숙박시설,연회장,2
17000,공장,분석기실2,2
06000,종교시설,방송통신시설,2
17000,공장,s실,2
17000,공장,방재실,2
21000,동물및식물관련시설,양어장및,2
17000,공장,플라스틱조립건구,2
03000,제1종근린생활시설,2종근리생활시설,2
14000,업무시설,주거형오피스텔,2
03000,제1종근린생활시설,동물식물관련시설,2
17000,공장,mvr,2
01000,단독주택,부동산사무소,2
03000,제1종근린생활시설,점포홀,2
19000,위험물저장및처리시설,사무실및창고,2
04000,제2종근린생활시설,2종근린생활시설및자동차관련시설,2
01000,단독주택,주태및점포,2
17000,공장,목재화물상자제조업,2
21000,동물및식물관련시설,전시실,2
09000,의료시설,온실,2
17000,공장,평창고,2
17000,공장,금속절삭,2
21000,동물및식물관련시설,작물재배시설,2
02000,공동주택,인터넷검색실,2
17000,공장,기계조작실,2
02000,공동주택,체력측정실,2
22000,분뇨.쓰레기처리시설,관련시설,2
31000,야영장시설,여,2
18000,창고시설,진료소,2
07000,판매시설,성인오락실,2
17000,공장,트럭출하시설,2
19000,위험물저장및처리시설,b,2
15000,숙박시설,근린생활및,2
19000,위험물저장및처리시설,lpg가스저장소,2
02000,공동주택,근생생활시설,2
02000,공동주택,85세대,2
17000,공장,기계정비실,2
17000,공장,냉각수,2
18000,창고시설,저창고,2
17000,공장,금형및,2
17000,공장,세탁장,2
01000,단독주택,09,2
04000,제2종근린생활시설,상가기계실,2
16000,위락시설,시설,2
02000,공동주택,서재,2
17000,공장,공공주택,2
01000,단독주택,83,2
04000,제2종근린생활시설,송악사,2
11000,노유자시설,근린생활시설및,2
05000,문화및집회시설,영상관,2
09000,의료시설,후생복리시설,2
Z3000,근린생활시설,강습소,2
,,물탱크실,2
04000,제2종근린생활시설,lpg,2
11000,노유자시설,2용도,2
14000,업무시설,9세대,2
01000,단독주택,세면장및창고,2
11000,노유자시설,의료,2
04000,제2종근린생활시설,한문,2
Z8000,교육연구및복지시설,교원사택,2
17000,공장,버스승차장,2
01000,단독주택,두부제조장,2
01000,단독주택,일용잡화,2
16000,위락시설,1가구,2
14000,업무시설,커뮤니티센터,2
01000,단독주택,우사및,2
07000,판매시설,오수펌프실,2
17000,공장,19,2
04000,제2종근린생활시설,주택및교육연구시설,2
01000,단독주택,바사,2
04000,제2종근린생활시설,가축병원,2
17000,공장,질소,2
03000,제1종근린생활시설,공동마을회관,2
03000,제1종근린생활시설,통제,2
20000,자동차관련시설,2종근,2
18000,창고시설,농어가,2
03000,제1종근린생활시설,폐수처리시설,2
21000,동물및식물관련시설,창고1,2
06000,종교시설,교회관사,2
19000,위험물저장및처리시설,가동,2
01000,단독주택,일용품점및주택,2
10000,교육연구시설,가공실,2
17000,공장,공구보관창고,2
17000,공장,폴리올동,2
20000,자동차관련시설,자가충전소,2
27000,관광휴게시설,창고모형,2
07000,판매시설,게임제공업,2
17000,공장,수변전시설,2
02000,공동주택,인터넷센터,2
04000,제2종근린생활시설,관람장,2
17000,공장,조정동,2
04000,제2종근린생활시설,위험물처리,2
01000,단독주택,흙담,2
05000,문화및집회시설,목사관,2
21000,동물및식물관련시설,톱밥발효조,2
19000,위험물저장및처리시설,가스공급설비,2
11000,노유자시설,직업재활시설,2
10000,교육연구시설,공조실,2
18000,창고시설,농가용관리사,2
21000,동물및식물관련시설,농산물저장창고,2
01000,단독주택,다구주용단독주택,2
21000,동물및식물관련시설,농산물보관시설,2
01000,단독주택,폐허,2
16000,위락시설,의료시설,2
18000,창고시설,주차장및창고,2
21000,동물및식물관련시설,33,2
03000,제1종근린생활시설,도료류,2
04000,제2종근린생활시설,통신기계실,2
10000,교육연구시설,다목적강당동,2
14000,업무시설,9가구,2
02000,공동주택,소방기계실,2
01000,단독주택,부속냉동창고,2
14000,업무시설,99호,2
Z5000,문화및집회시설,위락시설,2
01000,단독주택,9구획,2
06000,종교시설,종교집회,2
24000,방송통신시설,청사,2
04000,제2종근린생활시설,전수관,2
03000,제1종근린생활시설,대피소및창고,2
02000,공동주택,청년창업지원센터,2
02000,공동주택,50,2
14000,업무시설,후생복지시설,2
08000,운수시설,세척고,2
10000,교육연구시설,체험학습관,2
10000,교육연구시설,대인소독실,2
04000,제2종근린생활시설,노유지시설,2
22000,분뇨.쓰레기처리시설,완충저류시설,2
04000,제2종근린생활시설,자동차부품조립,2
19000,위험물저장및처리시설,가스수소충전소,2
17000,공장,융설데크,2
03000,제1종근린생활시설,한국도로공사,2
17000,공장,동물사료,2
Z3000,근린생활시설,급수장,2
17000,공장,교정및군사시설,2
17000,공장,offsite동,2
15000,숙박시설,그늘집,2
11000,노유자시설,옥외엘리베이터,2
03000,제1종근린생활시설,전동차차고지,2
03000,제1종근린생활시설,cctv관제센터,2
02000,공동주택,115대,2
25000,발전시설,서비스창고,2
17000,공장,유량측정실,2
14000,업무시설,주민동아리실,2
03000,제1종근린생활시설,유압펌프실,2
04000,제2종근린생활시설,제2종근린제조업소,2
14000,업무시설,일반업무시설및근린생활시설,2
14000,업무시설,훈련탑,2
14000,업무시설,공장시설,2
14000,업무시설,점포및사무실,2
02000,공동주택,주민건강체육실,2
08000,운수시설,매표소,2
17000,공장,분석기쉘타,2
18000,창고시설,수산물보관용창고,2
17000,공장,농산물저장,2
27000,관광휴게시설,수질정화시설,2
03000,제1종근린생활시설,v중계소,2
27000,관광휴게시설,오수처리장,2
27000,관광휴게시설,하수처리장,2
17000,공장,소금제조가공,2
17000,공장,출하휴게실,2
17000,공장,사료제조시설,2
05000,문화및집회시설,동물원사무실,2
17000,공장,김가공시설,2
17000,공장,원료혼합싸이로,2
17000,공장,공장부속동,2
26000,묘지관련시설,관련시설,2
17000,공장,도료공급실,2
17000,공장,정화조펌프실,2
17000,공장,폐열보일러실,2
24000,방송통신시설,장비함,2
17000,공장,콤프레샤쉘타,2
17000,공장,소화기실,2
17000,공장,옥외변소,2
18000,창고시설,에어콤프레서실,2
02000,공동주택,자재창고,2
17000,공장,창고및보일러실,2
01000,단독주택,닭,2
10000,교육연구시설,지킴이동2,2
08000,운수시설,저온저장창고,2
17000,공장,아스콘적재,2
,,등유펌프실,2
07000,판매시설,외부에스컬레이터,2
27000,관광휴게시설,체험시설,2
,,축사및우분장,2
19000,위험물저장및처리시설,주유소및사무소,2
04000,제2종근린생활시설,식수대,2
17000,공장,43호,2
07000,판매시설,시장및사무실,2
02000,공동주택,창고및기숙사,2
02000,공동주택,재활용폐기물저장소,2
02000,공동주택,연립주택7세대,2
25000,발전시설,승압설비,2
25000,발전시설,창고시설,2
01000,단독주택,단독1세대,2
18000,창고시설,농기계정비,2
18000,창고시설,제작,2
02000,공동주택,맘앤키즈카페,2
13000,운동시설,사장,2
02000,공동주택,근린생활시설및제2종근린생활시설,2
02000,공동주택,재활용분리수거창고,2
02000,공동주택,아파트외3,2
30000,자원순환관련시설,폐기물재활용창고,2
02000,공동주택,연료전지기계실,2
02000,공동주택,여성친화공간1,2
17000,공장,일반목재제조업,2
15000,숙박시설,오수처리시설,2
02000,공동주택,다세대주택형,2
10000,교육연구시설,외부창고,2
10000,교육연구시설,간이취사장,2
09000,의료시설,안내실,2
04000,제2종근린생활시설,소형,2
10000,교육연구시설,농업시험장,2
10000,교육연구시설,팔모정강의실및실습장,2
10000,교육연구시설,진개장,2
10000,교육연구시설,일반공장,2
10000,교육연구시설,별관교사,2
01000,단독주택,의원및,2
25000,발전시설,배열회수,2
10000,교육연구시설,전산실,2
01000,단독주택,전체말소,2
10000,교육연구시설,우천통로,2
10000,교육연구시설,농촌체험교육관,2
07000,판매시설,공공업무시설,2
04000,제2종근린생활시설,즉석판매제조업소,2
17000,공장,유기질비료,2
10000,교육연구시설,교육연구지시설,2
17000,공장,용기창고,2
17000,공장,원료부두전기실,2
21000,동물및식물관련시설,배전실,2
18000,창고시설,마을공동작업소,2
18000,창고시설,교양실,2
01000,단독주택,옥외계단,2
17000,공장,콘프레셔실,2
03000,제1종근린생활시설,건축물부설주차장,2
02000,공동주택,쓰레기수거함,2
04000,제2종근린생활시설,방재시설,2
21000,동물및식물관련시설,사무동,2
19000,위험물저장및처리시설,mcc실,2
01000,단독주택,보일러시설,2
05000,문화및집회시설,원불교,2
22000,분뇨.쓰레기처리시설,관리사택,2
04000,제2종근린생활시설,88,2
15000,숙박시설,전자유기장,2
09000,의료시설,사회복지시설,2
20000,자동차관련시설,폐수처리기계실,2
01000,단독주택,우,2
01000,단독주택,제2죵근린생활시설,2
21000,동물및식물관련시설,00m2,2
Z8000,교육연구및복지시설,교회,2
03000,제1종근린생활시설,승강기,2
01000,단독주택,건초사,2
09000,의료시설,공조실,2
,,견사,2
03000,제1종근린생활시설,대중음식점및점포,2
21000,동물및식물관련시설,수정소,2
17000,공장,위험물탱크저장소,2
03000,제1종근린생활시설,상가점포,2
18000,창고시설,도시형공장,2
04000,제2종근린생활시설,자동차계학원,2
,,증산,2
01000,단독주택,단독용,2
04000,제2종근린생활시설,교육연구소,2
17000,공장,mcc동,2
02000,공동주택,골프존,2
21000,동물및식물관련시설,어장막,2
02000,공동주택,a상부,2
18000,창고시설,2건,2
17000,공장,관리인숙소,2
01000,단독주택,조립식판넬,2
01000,단독주택,수산물판매점,2
03000,제1종근린생활시설,축산연구소,2
02000,공동주택,도시형생활주택단지형세대,2
03000,제1종근린생활시설,의약품도소매,2
15000,숙박시설,탈의실,2
03000,제1종근린생활시설,tv중계소,2
17000,공장,41동,2
23000,교정및군사시설,정비,2
18000,창고시설,폐기물처리시설,2
05000,문화및집회시설,미용원,2
02000,공동주택,오픈북카페,2
14000,업무시설,저온저장고,2
03000,제1종근린생활시설,유고,2
18000,창고시설,mdf실,2
17000,공장,공장내,2
03000,제1종근린생활시설,미곡처리장,2
02000,공동주택,회의장,2
01000,단독주택,제1종근린행활시설,2
18000,창고시설,곡물건조시설,2
01000,단독주택,제1종근린생활주택,2
01000,단독주택,농가주택및보일러실,2
,,b동,2
01000,단독주택,공업사,2
18000,창고시설,유류저장소,2
20000,자동차관련시설,차고부대시설,2
03000,제1종근린생활시설,근린생생활시설,2
04000,제2종근린생활시설,당구장및다방,2
03000,제1종근린생활시설,접골원,2
04000,제2종근린생활시설,장식용,2
17000,공장,산업용인쇄공장,2
21000,동물및식물관련시설,전망대,2
02000,공동주택,인도어골프연습장,2
04000,제2종근린생활시설,근린샹활시설,2
02000,공동주택,도시형생활주택단지형연립,2
04000,제2종근린생활시설,소매점및학원,2
05000,문화및집회시설,개과사,2
06000,종교시설,외부화장실,2
17000,공장,수리장,2
17000,공장,100,2
03000,제1종근린생활시설,창고및차고,2
04000,제2종근린생활시설,동물관리위탁업,2
21000,동물및식물관련시설,주택및계사,2
21000,동물및식물관련시설,농가용계사,2
04000,제2종근린생활시설,밀,2
21000,동물및식물관련시설,버섯재배사관리사,2
23000,교정및군사시설,사열대,2
01000,단독주택,부속건물주택,2
21000,동물및식물관련시설,전시온실,2
21000,동물및식물관련시설,양어장기계실,2
01000,단독주택,유아보육시설,2
03000,제1종근린생활시설,슈퍼마케트,2
20000,자동차관련시설,차고및,2
10000,교육연구시설,피아노학원,2
03000,제1종근린생활시설,고물상,2
17000,공장,도시형업종,2
01000,단독주택,경리학원,2
21000,동물및식물관련시설,어막,2
01000,단독주택,부동산중계업소,2
20000,자동차관련시설,부대급식시설,2
03000,제1종근린생활시설,점포및의원,2
17000,공장,인쇄공장및사무실,2
14000,업무시설,한의원,2
17000,공장,연사및기타방적업,2
03000,제1종근린생활시설,유도장,2
03000,제1종근린생활시설,제2종근린샐활시설,2
17000,공장,참기름공장,2
17000,공장,물탱크보관실,2
17000,공장,칭고,2
02000,공동주택,주부취미교실,2
31000,야영장시설,탈의실,2
19000,위험물저장및처리시설,매점,2
03000,제1종근린생활시설,투입실,2
17000,공장,포장창고,2
17000,공장,제작소,2
17000,공장,서비스공장,2
17000,공장,중합공장,2
11000,노유자시설,간이양로시설,2
04000,제2종근린생활시설,조산원,2
17000,공장,부속펌프실,2
01000,단독주택,93년도,2
17000,공장,공공업무시설,2
17000,공장,폐기물처리창고,2
21000,동물및식물관련시설,거점소독시설,2
02000,공동주택,깨스실,2
17000,공장,작업자,2
Z3000,근린생활시설,금형및관련제품제조업,2
17000,공장,제품장,2
17000,공장,수처리펌프실,2
01000,단독주택,합기도장,2
17000,공장,공장및후생복리시설,2
17000,공장,광산부대시설,2
17000,공장,자재보관소,2
11000,노유자시설,3가구,2
14000,업무시설,부속사무동,2
17000,공장,일반철물,2
02000,공동주택,관리사무실및공중변소,2
04000,제2종근린생활시설,1종근생및주택,2
02000,공동주택,통합관리센터,2
20000,자동차관련시설,세차기,2
09000,의료시설,영업소,2
02000,공동주택,민간,2
03000,제1종근린생활시설,무신호사,2
17000,공장,기타사무소,2
04000,제2종근린생활시설,미술실,2
11000,노유자시설,보호시설,2
27000,관광휴게시설,특산물판매장,2
02000,공동주택,생활편익시설및제1,2
01000,단독주택,학생,2
Z5000,문화및집회시설,공회당,2
18000,창고시설,발효장,2
03000,제1종근린생활시설,구판장및작업장,2
03000,제1종근린생활시설,농축조계단실,2
22000,분뇨.쓰레기처리시설,상옥,2
03000,제1종근린생활시설,향교,2
03000,제1종근린생활시설,루각,2
03000,제1종근린생활시설,세멘와,2
03000,제1종근린생활시설,운동유기시설,2
03000,제1종근린생활시설,폐품창고,2
09000,의료시설,노인요양시설,2
03000,제1종근린생활시설,제1종근린생활및단독주택,2
03000,제1종근린생활시설,철강점,2
03000,제1종근린생활시설,종합상가,2
03000,제1종근린생활시설,샤워실및화장실,2
03000,제1종근린생활시설,마을단위하수처리시설,2
03000,제1종근린생활시설,권역활성화센타,2
25000,발전시설,가스터빈동,2
03000,제1종근린생활시설,청소년수련시설,2
03000,제1종근린생활시설,주택및점포및근린생활시설,2
07000,판매시설,용역사무실,2
03000,제1종근린생활시설,산불진화차량차고,2
03000,제1종근린생활시설,염소주입실,2
03000,제1종근린생활시설,동회의실,2
04000,제2종근린생활시설,및화장실,2
15000,숙박시설,근린시설및,2
13000,운동시설,홀,2
17000,공장,알칼알미늄탱크실,2
20000,자동차관련시설,차고지부대시설,2
10000,교육연구시설,lpg저장고,2
22000,분뇨.쓰레기처리시설,발전기동,2
03000,제1종근린생활시설,무선기계실,2
20000,자동차관련시설,중장비대기실,2
15000,숙박시설,연결다리,2
02000,공동주택,자이안센타,2
20000,자동차관련시설,차량관련시설,2
02000,공동주택,펌프실포함,2
01000,단독주택,근린생할,2
20000,자동차관련시설,자동차정비센타,2
01000,단독주택,염,2
01000,단독주택,화장실창고,2
22000,분뇨.쓰레기처리시설,연수원,2
19000,위험물저장및처리시설,사염화규소,2
22000,분뇨.쓰레기처리시설,쓰레기적환장,2
04000,제2종근린생활시설,제2종근린생활시설및공동주택,2
19000,위험물저장및처리시설,위험저장및,2
04000,제2종근린생활시설,요사채2,2
04000,제2종근린생활시설,공연연습장,2
04000,제2종근린생활시설,가구제조작업장,2
06000,종교시설,환자숙소,2
04000,제2종근린생활시설,재당,2
04000,제2종근린생활시설,주텍,2
04000,제2종근린생활시설,제2종근린생활새설,2
04000,제2종근린생활시설,전문서비스관련사무소,2
04000,제2종근린생활시설,종중재실,2
04000,제2종근린생활시설,위락시설및근린생활시설,2
04000,제2종근린생활시설,농협청사,2
19000,위험물저장및처리시설,도시가스공급시설,2
14000,업무시설,직원,2
01000,단독주택,광산주택,2
18000,창고시설,동물및식물관련시설외1용도,2
18000,창고시설,농산물산지집하장,2
01000,단독주택,요원합숙소아파트,2
21000,동물및식물관련시설,엑비저장조,2
18000,창고시설,골재창고,2
18000,창고시설,화훼단지부속실,2
01000,단독주택,주택및저온창고,2
01000,단독주택,단독주택및대중음식점,2
21000,동물및식물관련시설,가축용부속창고,2
21000,동물및식물관련시설,농가퇴비사,2
18000,창고시설,연초건조장,2
18000,창고시설,점포및창고,2
01000,단독주택,주차차고,2
01000,단독주택,주택다가구2세대,2
01000,단독주택,주택겸영업소,2
18000,창고시설,창고및세면장,2
18000,창고시설,농산물저온보관창고,2
18000,창고시설,기기창고,2
18000,창고시설,주택및농기계보관창고,2
21000,동물및식물관련시설,병아리사,2
18000,창고시설,객화차창고,2
21000,동물및식물관련시설,동문관련시설,2
17000,공장,중앙공급동,2
25000,발전시설,창고동,2
33000,"국방,군사시설",준비대기실,2
21000,동물및식물관련시설,간이화장실,2
01000,단독주택,농어가주택및창고,2
01000,단독주택,주차타워,2
03000,제1종근린생활시설,회관용,2
21000,동물및식물관련시설,관리인숙소,2
01000,단독주택,농가주낵,2
18000,창고시설,마을공동냉동창고,2
21000,동물및식물관련시설,공공업무시설,2
17000,공장,질소산화물제거계량기,2
,,전시장,2
04000,제2종근린생활시설,기타직물제조업,2
18000,창고시설,자원재활용창고,2
05000,문화및집회시설,대합실,2
01000,단독주택,불치,2
17000,공장,300,2
01000,단독주택,12세대주택,2
01000,단독주택,제2호,2
23000,교정및군사시설,국방군사싯설,2
23000,교정및군사시설,이동발전실,2
18000,창고시설,탱크,2
02000,공동주택,서측출입구,2
23000,교정및군사시설,소방차고,2
23000,교정및군사시설,충효정,2
05000,문화및집회시설,흡연실,2
Z8000,교육연구및복지시설,샤워시설,2
17000,공장,농어촌특산단지신축공장,2
21000,동물및식물관련시설,동력실,2
31000,야영장시설,세면실,2
02000,공동주택,동물관련시설,2
18000,창고시설,톱밥창고,2
21000,동물및식물관련시설,단독,2
17000,공장,더블유펌프실,2
20000,자동차관련시설,세탁실,2
14000,업무시설,제2종근,2
03000,제1종근린생활시설,금고,2
18000,창고시설,교반식톱밥발효시설,2
21000,동물및식물관련시설,환경조절계사,2
17000,공장,지붕,2
21000,동물및식물관련시설,육가공실,2
21000,동물및식물관련시설,도정공장,2
18000,창고시설,농업용저온,2
21000,동물및식물관련시설,개방돈사,2
17000,공장,공장및자동차관련시설,2
21000,동물및식물관련시설,창고축사,2
18000,창고시설,비가림,2
18000,창고시설,창고사설,2
21000,동물및식물관련시설,전시장,2
01000,단독주택,민박시설,2
21000,동물및식물관련시설,사료배합장,2
18000,창고시설,양곡저장고,2
14000,업무시설,관림집회시설,2
,,세탁소,2
06000,종교시설,521,2
21000,동물및식물관련시설,동뭉및식물관련시설,2
18000,창고시설,주택및점포,2
01000,단독주택,사옥,2
17000,공장,관련품,2
04000,제2종근린생활시설,주민의체육활동을위한시설,2
Z3000,근린생활시설,매점,2
21000,동물및식물관련시설,우형사,2
21000,동물및식물관련시설,100,2
03000,제1종근린생활시설,물품보관실,2
21000,동물및식물관련시설,농산물건조기실,2
05000,문화및집회시설,영당,2
19000,위험물저장및처리시설,액화석유가스판매,2
03000,제1종근린생활시설,시설공사,2
17000,공장,낚시장비제조업,2
04000,제2종근린생활시설,농업인건강관리실,2
04000,제2종근린생활시설,선원,2
04000,제2종근린생활시설,농산물제조시설,2
01000,단독주택,양어장,2
25000,발전시설,휴게실,2
18000,창고시설,정부양곡,2
02000,공동주택,75세대,2
21000,동물및식물관련시설,마을회관,2
18000,창고시설,집회장,2
03000,제1종근린생활시설,배수지관리실,2
17000,공장,및창고,2
04000,제2종근린생활시설,휴계시설,2
25000,발전시설,석탄이송설비타워,2
04000,제2종근린생활시설,사무소및수리점,2
04000,제2종근린생활시설,다가주택,2
01000,단독주택,용운암,2
20000,자동차관련시설,케노피,2
10000,교육연구시설,동물사육장,2
10000,교육연구시설,저장고,2
23000,교정및군사시설,통합생활관,2
Z3000,근린생활시설,마을공회당,2
17000,공장,수족관,2
01000,단독주택,제1종근린생활시시설,2
20000,자동차관련시설,보이라실,2
10000,교육연구시설,처리시설,2
10000,교육연구시설,교실및강당,2
06000,종교시설,지하창고,2
21000,동물및식물관련시설,야생동물구조,2
13000,운동시설,중계실,2
10000,교육연구시설,경로회관,2
10000,교육연구시설,교실및급식소,2
20000,자동차관련시설,제2종근린생할시설,2
05000,문화및집회시설,들소사,2
14000,업무시설,한방병원,2
10000,교육연구시설,소규모체육시설,2
17000,공장,drum,2
08000,운수시설,폐수처리실,2
10000,교육연구시설,표적대,2
22000,분뇨.쓰레기처리시설,중앙제어실,2
02000,공동주택,원룸주택,2
17000,공장,위험물저장탱크,2
17000,공장,산업용,2
10000,교육연구시설,폐기물처리장,2
Z3000,근린생활시설,주2,2
13000,운동시설,주유시설,2
18000,창고시설,종묘배양시설,2
19000,위험물저장및처리시설,근린시설,2
02000,공동주택,9동,2
01000,단독주택,휴게,2
02000,공동주택,개스저장고,2
11000,노유자시설,제1종및제2종근린생활시설,2
11000,노유자시설,노유자시설및단독주택,2
02000,공동주택,플레이그라운드,2
01000,단독주택,및오피스텔,2
18000,창고시설,세탁실,2
19000,위험물저장및처리시설,주유기실,2
18000,창고시설,농촌주택개량,2
17000,공장,유기질,2
06000,종교시설,귀빈실,2
17000,공장,석제공장,2
03000,제1종근린생활시설,지진관측소,2
14000,업무시설,공용로비,2
12000,수련시설,업무시설,2
03000,제1종근린생활시설,투약실,2
19000,위험물저장및처리시설,타이어수리점,2
04000,제2종근린생활시설,자원순환시설,2
21000,동물및식물관련시설,육상채묘장,2
04000,제2종근린생활시설,교육연구시설및주택,2
03000,제1종근린생활시설,위원,2
01000,단독주택,견조실,2
01000,단독주택,화장실및목욕탕,2
02000,공동주택,부속기숙사,2
02000,공동주택,아파트및제1종근린생활시설,2
04000,제2종근린생활시설,3건,2
04000,제2종근린생활시설,문화집회,2
17000,공장,굴뚝가스실,2
18000,창고시설,연구,2
04000,제2종근린생활시설,여객자동차터미널,2
02000,공동주택,부속주차장,2
19000,위험물저장및처리시설,석유취급소,2
04000,제2종근린생활시설,사정,2
03000,제1종근린생활시설,전기충전소,2
20000,자동차관련시설,차량경정비시설,2
02000,공동주택,전기실外,2
03000,제1종근린생활시설,부두대합실,2
01000,단독주택,치과,2
20000,자동차관련시설,mdf실,2
03000,제1종근린생활시설,송수펌프동,2
17000,공장,cat,2
11000,노유자시설,영유아보육,2
03000,제1종근린생활시설,소방출장소,2
03000,제1종근린생활시설,영업용점포,2
17000,공장,도시락제조업,2
02000,공동주택,14개소,2
Z3000,근린생활시설,멀티미디어문화컨텐츠설비제공업소,2
17000,공장,샘플실,2
11000,노유자시설,입주자회의소,2
18000,창고시설,집하선별장,2
20000,자동차관련시설,동물및식물관련시설,2
02000,공동주택,46세대,2
21000,동물및식물관련시설,지원사업,2
25000,발전시설,rm,2
17000,공장,dip,2
02000,공동주택,104세대,2
19000,위험물저장및처리시설,원료창고,2
14000,업무시설,경찰서청사,2
01000,단독주택,간이저장고,2
10000,교육연구시설,55호,2
30000,자원순환관련시설,연결통로,2
17000,공장,어물처리장,2
11000,노유자시설,복지지설,2
17000,공장,원심분리기실,2
23000,교정및군사시설,오수처리시설,2
01000,단독주택,안마시술소,2
03000,제1종근린생활시설,제2종근린생황시설,2
Z8000,교육연구및복지시설,자연권수련시설,2
19000,위험물저장및처리시설,판매실,2
04000,제2종근린생활시설,자동차시설,2
01000,단독주택,근린생활시시설,2
14000,업무시설,소방차고,2
03000,제1종근린생활시설,조작제어실,2
17000,공장,생물학제제제조실,2
17000,공장,c실,2
15000,숙박시설,간이숙박시설,2
14000,업무시설,사무실동,2
06000,종교시설,다가구용단독주택,2
03000,제1종근린생활시설,농어촌민박,2
24000,방송통신시설,차고,2
19000,위험물저장및처리시설,도료류판매소,2
17000,공장,소화전,2
11000,노유자시설,다목적홀,2
24000,방송통신시설,관사,2
01000,단독주택,농촌주택개량사업주택,2
01000,단독주택,뒷간,2
19000,위험물저장및처리시설,소화약제실,2
17000,공장,폐자재수거함,2
18000,창고시설,수산물처리장,2
08000,운수시설,종업원숙소,2
14000,업무시설,30호,2
02000,공동주택,스크린조,2
21000,동물및식물관련시설,관리사및약품창고,2
01000,단독주택,농가용부대창고,2
04000,제2종근린생활시설,종중회관,2
01000,단독주택,창사,2
21000,동물및식물관련시설,말사육,2
21000,동물및식물관련시설,축사및제2종근린생활시설,2
19000,위험물저장및처리시설,가스충전실,2
01000,단독주택,농가주거용주택,2
10000,교육연구시설,훈련관,2
21000,동물및식물관련시설,건조발효장,2
21000,동물및식물관련시설,가축인공수정소,2
21000,동물및식물관련시설,육상어류,2
18000,창고시설,물류저장창고,2
18000,창고시설,소매점및,2
21000,동물및식물관련시설,교반사,2
04000,제2종근린생활시설,기관차,2
19000,위험물저장및처리시설,g저장고,2
13000,운동시설,근린생활시설및,2
01000,단독주택,부속관리사,2
01000,단독주택,주택및작업실,2
02000,공동주택,디,2
18000,창고시설,축산용,2
11000,노유자시설,복지후생시설,2
15000,숙박시설,38실,2
02000,공동주택,다세대가구,2
01000,단독주택,체험장,2
17000,공장,식료품,2
04000,제2종근린생활시설,사료창고,2
10000,교육연구시설,교육연구시설및종교시설,2
18000,창고시설,차량소독시설,2
14000,업무시설,문화및집회,2
07000,판매시설,공용,2
21000,동물및식물관련시설,축사적법화,2
17000,공장,ton,2
21000,동물및식물관련시설,건조막,2
21000,동물및식물관련시설,조리실,2
21000,동물및식물관련시설,제1목부사,2
14000,업무시설,원룸,2
10000,교육연구시설,게스트하우스,2
02000,공동주택,전망대,2
04000,제2종근린생활시설,유개차고,2
20000,자동차관련시설,중앙감시실,2
02000,공동주택,00,2
21000,동물및식물관련시설,마늘건가창고,2
06000,종교시설,주거용,2
20000,자동차관련시설,전기차충전소,2
04000,제2종근린생활시설,주산,2
18000,창고시설,가옥,2
18000,창고시설,하리단위조합,2
18000,창고시설,근린생활시설및제품창고,2
21000,동물및식물관련시설,농기계차고,2
21000,동물및식물관련시설,어장관리,2
21000,동물및식물관련시설,게사,2
18000,창고시설,제설자재비축창고,2
01000,단독주택,농산시설,2
01000,단독주택,즈텍,2
21000,동물및식물관련시설,정수기실,2
21000,동물및식물관련시설,계란부화장,2
22000,분뇨.쓰레기처리시설,침전시설,2
18000,창고시설,건가장,2
17000,공장,1전기실,2
21000,동물및식물관련시설,저온저창고,2
21000,동물및식물관련시설,산림종자처리시설,2
21000,동물및식물관련시설,농대온실,2
01000,단독주택,주택및상점,2
01000,단독주택,통신실,2
04000,제2종근린생활시설,장식용목제품,2
18000,창고시설,배저온창고,2
01000,단독주택,간이숙소,2
21000,동물및식물관련시설,재래식화장실,2
01000,단독주택,근린생활시설및단독주택5,2
01000,단독주택,화장실및다용도실,2
21000,동물및식물관련시설,과일선별장,2
18000,창고시설,건조저장실,2
01000,단독주택,육각정,2
18000,창고시설,주택창고,2
18000,창고시설,점포및주택,2
01000,단독주택,주택영업용,2
21000,동물및식물관련시설,구사,2
04000,제2종근린생활시설,가스정압실,2
03000,제1종근린생활시설,저수지,2
05000,문화및집회시설,원사,2
04000,제2종근린생활시설,장식품제조업,2
24000,방송통신시설,기계시설,2
17000,공장,컴프레샤룸,2
01000,단독주택,10다가구,2
09000,의료시설,장례예식장,2
02000,공동주택,아파트168세대,2
17000,공장,냉동기계실,2
17000,공장,유류탱크,2
17000,공장,농산물건조공장,2
17000,공장,수처리설비,2
17000,공장,김치가공,2
17000,공장,경금속기술개발연구소,2
17000,공장,미역염장처리장,2
17000,공장,폐자재보관소,2
03000,제1종근린생활시설,공중샤워실,2
17000,공장,플레어모니터링쉘터,2
17000,공장,고철적재소,2
17000,공장,로딩쉘타,2
17000,공장,중앙공급실,2
17000,공장,단독주택외2용도,2
17000,공장,가스작업자대기실,2
02000,공동주택,82대,2
17000,공장,팀탈의실,2
17000,공장,세탁기작업반,2
17000,공장,농기구사,2
21000,동물및식물관련시설,분재등의,2
Z3000,근린생활시설,소매점및사무실,2
17000,공장,기타발전기및전기변환장치제조업,2
19000,위험물저장및처리시설,발전,2
14000,업무시설,제설자재창고,2
21000,동물및식물관련시설,친환경곤충사육장,2
02000,공동주택,a1,2
01000,단독주택,96농어가융자주택,2
04000,제2종근린생활시설,화장품제조,2
16000,위락시설,주택및위락시설,2
18000,창고시설,유탱크,2
27000,관광휴게시설,유원지시설,2
27000,관광휴게시설,배수펌프장,2
01000,단독주택,식물및,2
13000,운동시설,모정,2
02000,공동주택,분구중심,2
04000,제2종근린생활시설,배전반및전기자동제어반제조업,2
04000,제2종근린생활시설,예비실,2
Z8000,교육연구및복지시설,직업훈련원,2
04000,제2종근린생활시설,유자가공공장,2
06000,종교시설,영업소,2
04000,제2종근린생활시설,종업원후생복지시설,2
04000,제2종근린생활시설,일반음식점및부속사,2
06000,종교시설,종교사찰,2
04000,제2종근린생활시설,지하창고,2
Z5000,문화및집회시설,동물원사무실,2
18000,창고시설,농어민,2
04000,제2종근린생활시설,카센터수리점,2
04000,제2종근린생활시설,농기계수리집,2
Z8000,교육연구및복지시설,전수관,2
04000,제2종근린생활시설,사무실및숙직실,2
04000,제2종근린생활시설,근린제조장,2
04000,제2종근린생활시설,원격교환장치기계실,2
07000,판매시설,관리실및화장실,2
17000,공장,기숙사b동,2
19000,위험물저장및처리시설,까스판매소,2
04000,제2종근린생활시설,생및숙박시설,2
22000,분뇨.쓰레기처리시설,침출오수처리시설,2
10000,교육연구시설,병기고,2
10000,교육연구시설,스텐드본부석,2
22000,분뇨.쓰레기처리시설,친환경화장실,2
20000,자동차관련시설,자동차관련시설및제1종근린생활시설,2
24000,방송통신시설,무인소형전화국,2
20000,자동차관련시설,적치장,2
05000,문화및집회시설,2종근생일반음식점,2
21000,동물및식물관련시설,농기구사,2
04000,제2종근린생활시설,풋살장부대시설,2
04000,제2종근린생활시설,부대복지시설,2
04000,제2종근린생활시설,육묘장,2
30000,자원순환관련시설,제1,2
02000,공동주택,주민멀티카페,2
07000,판매시설,건조실,2
04000,제2종근린생활시설,미생물배양실,2
01000,단독주택,자수업제조장,2
07000,판매시설,소매시장중,2
11000,노유자시설,예체능계강습소,2
05000,문화및집회시설,다가구,2
04000,제2종근린생활시설,기숙사식당,2
17000,공장,sf,2
01000,단독주택,근린생활시설시설,2
10000,교육연구시설,구매시설,2
01000,단독주택,농가주택지원분,2
18000,창고시설,중앙감시실,2
17000,공장,창고및작업장,2
20000,자동차관련시설,소방서,2
15000,숙박시설,문화집회시설,2
01000,단독주택,퇴비사및축사,2
21000,동물및식물관련시설,마구간,2
01000,단독주택,근린생활시설및주택및,2
03000,제1종근린생활시설,부동산소개소,2
04000,제2종근린생활시설,농산물가공소,2
18000,창고시설,농산물저장용,2
14000,업무시설,택배보관실,2
17000,공장,가구제작,2
21000,동물및식물관련시설,사료처리장,2
04000,제2종근린생활시설,상담실,2
03000,제1종근린생활시설,주택외2,2
10000,교육연구시설,연수시설,2
04000,제2종근린생활시설,외산문,2
03000,제1종근린생활시설,제1종근림생활시설,2
11000,노유자시설,장애인회관,2
06000,종교시설,재당,2
11000,노유자시설,교육연구및복지,2
03000,제1종근린생활시설,직원숙사,2
02000,공동주택,36호,2
10000,교육연구시설,유도장,2
03000,제1종근린생활시설,1종린생활시설,2
17000,공장,연와공장,2
01000,단독주택,창고시설외,2
03000,제1종근린생활시설,회수펌프동,2
17000,공장,품질실,2
02000,공동주택,도,2
03000,제1종근린생활시설,5가구용,2
03000,제1종근린생활시설,외부창고,2
17000,공장,생약조제시설,2
02000,공동주택,청소노동자휴게시설,2
12000,수련시설,도서관,2
03000,제1종근린생활시설,후생복리시설,2
05000,문화및집회시설,동제,2
11000,노유자시설,탁아시설,2
03000,제1종근린생활시설,산림재해예방센터,2
01000,단독주택,98,2
18000,창고시설,유류,2
08000,운수시설,전삭고,2
03000,제1종근린생활시설,일반게임제공업,2
02000,공동주택,관리인숙소,2
04000,제2종근린생활시설,농민회관,2
06000,종교시설,의료시설,2
02000,공동주택,열교환실2,2
02000,공동주택,d동,2
02000,공동주택,제2종근린생횔시설,2
02000,공동주택,우수저류시설,2
10000,교육연구시설,방송통신시설,2
12000,수련시설,식수대,2
17000,공장,부원료치장실,2
10000,교육연구시설,급식실동,2
14000,업무시설,읍사무소,2
06000,종교시설,부속용도,2
06000,종교시설,봉정사,2
10000,교육연구시설,샤워실및창고,2
18000,창고시설,마을공동농산물,2
01000,단독주택,필로티,2
24000,방송통신시설,자동교환장치,2
04000,제2종근린생활시설,신전,2
04000,제2종근린생활시설,도료류판매소,2
02000,공동주택,플레이가든,2
01000,단독주택,동물관련시설및,2
,,구판장,2
09000,의료시설,폐수처리시설,2
21000,동물및식물관련시설,건조발효상,2
03000,제1종근린생활시설,소매업,2
01000,단독주택,요사,2
04000,제2종근린생활시설,제1종근린생활시설소매점,2
02000,공동주택,설비동,2
02000,공동주택,건강가정지원센터,2
14000,업무시설,비주거용,2
02000,공동주택,제2종근생및도시형생활주택,2
05000,문화및집회시설,멧돼지사,2
20000,자동차관련시설,제2근린생활시설,2
,,계사및,2
03000,제1종근린생활시설,가공공장,2
04000,제2종근린생활시설,16호,2
17000,공장,도면실,2
24000,방송통신시설,방송실,2
13000,운동시설,가압장,2
02000,공동주택,웰니스센터,2
10000,교육연구시설,휘트니스센터,2
07000,판매시설,관리층,2
02000,공동주택,모타실,2
,,근린생활시설2종,2
13000,운동시설,테니스,2
04000,제2종근린생활시설,식당및매점,2
17000,공장,조선시설,2
Z5000,문화및집회시설,일반음식점,2
02000,공동주택,보육실등,2
17000,공장,bldg,2
10000,교육연구시설,목욕실,2
21000,동물및식물관련시설,부속창고1,2
06000,종교시설,제사당,2
21000,동물및식물관련시설,임신돈사,2
11000,노유자시설,정각,2
04000,제2종근린생활시설,등사실,2
06000,종교시설,작업장,2
01000,단독주택,보이라실및대피소,2
17000,공장,폐수저장소,2
21000,동물및식물관련시설,삼면무벽,2
01000,단독주택,3세대가구,2
17000,공장,제립장치,2
01000,단독주택,검사장,2
01000,단독주택,lpg저장창고,2
17000,공장,장비고,2
19000,위험물저장및처리시설,휴계실,2
04000,제2종근린생활시설,컴퓨터게임장,2
15000,숙박시설,상가,2
13000,운동시설,관람실,2
13000,운동시설,음식점,2
04000,제2종근린생활시설,원료창고,2
21000,동물및식물관련시설,옥외배전반,2
11000,노유자시설,노약자시설,2
Z3000,근린생활시설,건강원,2
08000,운수시설,신호장,2
03000,제1종근린생활시설,창고외1,2
03000,제1종근린생활시설,l,2
13000,운동시설,관광호텔,2
04000,제2종근린생활시설,사슴사육장,2
03000,제1종근린생활시설,청소년게임제공업,2
06000,종교시설,필로티주차장,2
21000,동물및식물관련시설,비,2
11000,노유자시설,종교집회시설,2
17000,공장,45동,2
15000,숙박시설,일반유흥,2
02000,공동주택,middot,2
10000,교육연구시설,학교기숙사,2
17000,공장,저장소1,2
07000,판매시설,판매시장,2
04000,제2종근린생활시설,기념품,2
19000,위험물저장및처리시설,filling,2
21000,동물및식물관련시설,원란창고,2
19000,위험물저장및처리시설,영업소,2
17000,공장,선어구점,2
21000,동물및식물관련시설,회의실,2
20000,자동차관련시설,자동차운수사업법에,2
23000,교정및군사시설,폐수처리장,2
01000,단독주택,및단독주택6가구용,2
04000,제2종근린생활시설,제1ㆍ2종,2
23000,교정및군사시설,특수차량차고,2
10000,교육연구시설,교육연구시설및노유자시설,2
09000,의료시설,주차관리사무실,2
10000,교육연구시설,다목적학습장,2
12000,수련시설,공연장,2
09000,의료시설,근린생활시설및주택,2
21000,동물및식물관련시설,동식,2
17000,공장,정밀시험연구실,2
02000,공동주택,지하세대창고,2
30000,자원순환관련시설,폐기물처리장,2
02000,공동주택,시티랜턴,2
02000,공동주택,중간공급실,2
02000,공동주택,재활용저장창고,2
02000,공동주택,청년지원시설,2
01000,단독주택,게임장,2
17000,공장,여과장,2
30000,자원순환관련시설,자연순환시설,2
18000,창고시설,지식산업센터,2
24000,방송통신시설,유류저장탱크,2
02000,공동주택,연립주택19세대,2
02000,공동주택,여성친화공간2,2
02000,공동주택,쓰레기분리집하창고,2
02000,공동주택,피로티주차장,2
02000,공동주택,통합경비실1,2
01000,단독주택,다중주택8구획,2
24000,방송통신시설,집선실,2
Z3000,근린생활시설,제각,2
17000,공장,의류제조,2
03100,공공시설,공공시설,2
06000,종교시설,목회자숙소,2
02000,공동주택,단지형다세대10,2
Z6000,판매및영업시설,판매시설및영업시설,2
15000,숙박시설,부속건축물,2
03000,제1종근린생활시설,자재소매점,2
03000,제1종근린생활시설,수거식화장실,2
03000,제1종근린생활시설,집수조펌프실,2
03000,제1종근린생활시설,원동기실,2
10000,교육연구시설,정서장애특수학교,2
03000,제1종근린생활시설,주문보건진료소,2
25000,발전시설,스팀터빈동,2
03000,제1종근린생활시설,상수도모타실,2
03000,제1종근린생활시설,농가용주택,2
19000,위험물저장및처리시설,자원순환시설,2
17000,공장,펌퍼실,2
03000,제1종근린생활시설,휴게식당,2
03000,제1종근린생활시설,산림공익시설,2
11000,노유자시설,노유자시설및근린공공시설,2
03000,제1종근린생활시설,급수실,2
03000,제1종근린생활시설,점포및사무소,2
02000,공동주택,a2,2
03000,제1종근린생활시설,근린생활시설및판매시설,2
03000,제1종근린생활시설,한의원주택,2
03000,제1종근린생활시설,병사,2
03000,제1종근린생활시설,공공체육시설,2
18000,창고시설,농사용사료창고,2
03000,제1종근린생활시설,상수가압펌프장,2
11000,노유자시설,문화및복지시설,2
03000,제1종근린생활시설,정수지계단실,2
17000,공장,의료기기제조업,2
19000,위험물저장및처리시설,농업생산시설,2
30000,자원순환관련시설,소독실,2
03000,제1종근린생활시설,체능계,2
18000,창고시설,과수저장용,2
26000,묘지관련시설,효릉,2
21000,동물및식물관련시설,목장숙사,2
17000,공장,st,2
19000,위험물저장및처리시설,고압,2
04000,제2종근린생활시설,목공장,2
Z3000,근린생활시설,아동교양시설,2
01000,단독주택,참기름제조장,2
11000,노유자시설,후생관,2
24000,방송통신시설,전시시설,2
Z3000,근린생활시설,숙박,2
02000,공동주택,배풍실,2
26000,묘지관련시설,2종근린생활시설,2
03000,제1종근린생활시설,농특산물,2
03000,제1종근린생활시설,전송국,2
17000,공장,침구류제조업,2
04000,제2종근린생활시설,다락,2
17000,공장,과자제조,2
10000,교육연구시설,입시학원,2
17000,공장,pot,2
02000,공동주택,여성휴게실,2
02000,공동주택,옥외변소,2
17000,공장,콤프장치실,2
Z3000,근린생활시설,1동,2
03000,제1종근린생활시설,마을체험시설,2
04200,종교집회장,주택,2
14000,업무시설,및업무시설,2
21000,동물및식물관련시설,관정,2
Z3000,근린생활시설,대중목욕탕,2
02000,공동주택,일반점포,2
01000,단독주택,오락실,2
17000,공장,배전반및자동제어반제조,2
03000,제1종근린생활시설,정수,2
14000,업무시설,e,2
14000,업무시설,이용원,2
18000,창고시설,관리관련,2
17000,공장,목욕장,2
20000,자동차관련시설,자동차정비업,2
09000,의료시설,후생동,2
20000,자동차관련시설,2용도,2
17000,공장,66,2
13000,운동시설,식당동,2
Z3000,근린생활시설,건축자재소매점,2
13000,운동시설,옥외수영장,2
02000,공동주택,원룸형12,2
17000,공장,곡물조리식품,2
01000,단독주택,식품제조시설,2
22000,분뇨.쓰레기처리시설,군사시설,2
22000,분뇨.쓰레기처리시설,세차동,2
19000,위험물저장및처리시설,충전,2
01000,단독주택,6가구0,2
01000,단독주택,65,2
14000,업무시설,105호,2
01000,단독주택,농업생활시설,2
03000,제1종근린생활시설,이발,2
15000,숙박시설,병원,2
20000,자동차관련시설,화물자동차,2
07000,판매시설,샤워실,2
,,착유실,2
05000,문화및집회시설,복지관,2
01000,단독주택,제2층근린생활시설,2
17000,공장,수산물가공제조업,2
18000,창고시설,원예선별장,2
17000,공장,씨,2
18000,창고시설,주류보관용,2
21000,동물및식물관련시설,사육,2
03000,제1종근린생활시설,한증탕,2
17000,공장,35동,2
,,중앙공급실,2
03000,제1종근린생활시설,법원등기소,2
22000,분뇨.쓰레기처리시설,제실,2
03000,제1종근린생활시설,근렌생활시설,2
,,정비공장,2
04000,제2종근린생활시설,배차실,2
17000,공장,수위실및식당,2
04000,제2종근린생활시설,우유처리장,2
17000,공장,온수탱크실,2
04000,제2종근린생활시설,주택및제1종근린생활시설,2
01000,단독주택,수리센타,2
19000,위험물저장및처리시설,lpg가스고,2
21000,동물및식물관련시설,톱밥발효시설,2
,,공동창고,2
20000,자동차관련시설,외4,2
20000,자동차관련시설,판금실,2
05000,문화및집회시설,방재실,2
13000,운동시설,헬스장,2
04000,제2종근린생활시설,기타공용,2
01000,단독주택,부속동창고,2
11000,노유자시설,5,2
Z3000,근린생활시설,가구전시장,2
04000,제2종근린생활시설,다가구2세대,2
10000,교육연구시설,rotc본부,2
01000,단독주택,및1,2
09000,의료시설,병실,2
22000,분뇨.쓰레기처리시설,외1,2
Z6000,판매및영업시설,1,2
04000,제2종근린생활시설,정류소,2
04000,제2종근린생활시설,마을공회당,2
17000,공장,원료보관소,2
06000,종교시설,천주교공소,2
03000,제1종근린생활시설,세무서,2
23000,교정및군사시설,세면장,2
03000,제1종근린생활시설,근린공공시시설,2
21000,동물및식물관련시설,토착미생물생산시설,2
01000,단독주택,물품보관창고,2
02000,공동주택,관리복리동,2
21000,동물및식물관련시설,버섯재배사및,2
17000,공장,수처리,2
10000,교육연구시설,가동,2
09000,의료시설,정자,2
17000,공장,배합동,2
07000,판매시설,경로당,2
06000,종교시설,도서관,2
02000,공동주택,v1,2
Z9000,공공용시설,회관,2
03000,제1종근린생활시설,우천통로,2
03000,제1종근린생활시설,남여화장실,2
01000,단독주택,농구주택,2
02000,공동주택,연립16세대,2
27000,관광휴게시설,냉동냉장창고,2
17000,공장,질소유닛쉘타,2
03000,제1종근린생활시설,새마을회,2
01000,단독주택,벌크건조실,2
06000,종교시설,안내실,2
04000,제2종근린생활시설,오락시설,2
20000,자동차관련시설,음식점,2
02000,공동주택,도시형생활주택주택,2
03000,제1종근린생활시설,제1종근린생활실설,2
04000,제2종근린생활시설,수각,2
04000,제2종근린생활시설,요금징수소,2
04000,제2종근린생활시설,근린생활시설및유흥주점,2
18000,창고시설,배수장,2
03000,제1종근린생활시설,통신시설기계실,2
02000,공동주택,43세대,2
17000,공장,물탱크실및펌프실,2
02000,공동주택,근린생횔시설,2
03000,제1종근린생활시설,사업소,2
18000,창고시설,외4,2
05000,문화및집회시설,부속정자,2
Z3000,근린생활시설,휴계실,2
Z3000,근린생활시설,시설강습소,2
03000,제1종근린생활시설,일용품판매,2
02000,공동주택,v2,2
15000,숙박시설,관광휴계시설,2
03000,제1종근린생활시설,c형,2
01000,단독주택,지원분,2
02000,공동주택,종교,2
18000,창고시설,제설제,2
18000,창고시설,어가용냉동창고,2
17000,공장,ps,2
17000,공장,원료공장,2
17000,공장,몰드수리장진입통로,2
09000,의료시설,판매,2
02000,공동주택,md실,2
21000,동물및식물관련시설,임시가설건축물,2
17000,공장,정수장기계실,2
04000,제2종근린생활시설,금속장치물,2
10000,교육연구시설,전기,2
17000,공장,원수조,2
04000,제2종근린생활시설,근린생활시설및주유소,2
04000,제2종근린생활시설,경비실2,2
26000,묘지관련시설,공용화장실,2
23000,교정및군사시설,공작물,2
17000,공장,연사제조업및,2
23000,교정및군사시설,운동시설,2
21000,동물및식물관련시설,흑염소사육,2
23000,교정및군사시설,샤워장,2
02000,공동주택,재활용쓰레기,2
02000,공동주택,설비da,2
23000,교정및군사시설,이동타워,2
03000,제1종근린생활시설,징수사무소,2
23000,교정및군사시설,보일러실,2
02000,공동주택,운수시설,2
18000,창고시설,체험실,2
30000,자원순환관련시설,공공폐수처리시설,2
04000,제2종근린생활시설,주택및제1,2
30000,자원순환관련시설,터빈실,2
04000,제2종근린생활시설,염색공예관,2
18000,창고시설,농사용작업장,2
02000,공동주택,지하주차장차량출입구,2
02000,공동주택,쓰레기분리보관함,2
17000,공장,gl가소제작업자대기실,2
18000,창고시설,폐품재활용보관,2
04000,제2종근린생활시설,농축산물가공시설,2
11000,노유자시설,여성회관,2
03000,제1종근린생활시설,어판장,2
31000,야영장시설,겸,2
11000,노유자시설,군사시설,2
03000,제1종근린생활시설,오폐수처리시설,2
03000,제1종근린생활시설,직원사택,2
18000,창고시설,집배,2
03000,제1종근린생활시설,공공계단,2
03000,제1종근린생활시설,회관구판장,2
03000,제1종근린생활시설,상수도가압펌프장,2
03000,제1종근린생활시설,마을공방,2
11000,노유자시설,10인생활동,2
03000,제1종근린생활시설,농기계수리센터,2
03000,제1종근린생활시설,마을공동하수처리시설,2
03000,제1종근린생활시설,가구소매점,2
03000,제1종근린생활시설,마을공장,2
13000,운동시설,방가로25평,2
03000,제1종근린생활시설,마을시정,2
11000,노유자시설,상가,2
03000,제1종근린생활시설,작목반공동작업소,2
03000,제1종근린생활시설,제1종근린생활시설외3건,2
03000,제1종근린생활시설,점포및교육연구시설,2
11000,노유자시설,경로당화장실,2
03000,제1종근린생활시설,지1종근린생활시설,2
03000,제1종근린생활시설,성황당,2
03000,제1종근린생활시설,어민공동작업장,2
Z8000,교육연구및복지시설,샤워,2
03000,제1종근린생활시설,경찰지서,2
11000,노유자시설,세탁건조장,2
14000,업무시설,5,2
01000,단독주택,연수원,2
17000,공장,블로어쉘타,2
01000,단독주택,가동주택및근린생활시설,2
05000,문화및집회시설,종탑,2
04000,제2종근린생활시설,교회및,2
17000,공장,전자부품제조공장,2
17000,공장,농산물절임공장,2
17000,공장,원료홉바,2
17000,공장,그라비아인쇄,2
17000,공장,수전반실,2
17000,공장,요오드창고,2
17000,공장,집수정기계실,2
17000,공장,물품재봉공장,2
17000,공장,소규모옥내저장소,2
17000,공장,원맥싸이로,2
17000,공장,제품출하실,2
17000,공장,오일펌프실,2
17000,공장,아크릴근무자대기실,2
17000,공장,공장및점포,2
17000,공장,오일저장소,2
17000,공장,냉동압축기실,2
17000,공장,보일러펌프실,2
17000,공장,공장영업용,2
17000,공장,리사이클콤프레샤셀타,2
17000,공장,수출방청공장,2
17000,공장,냉매공급동,2
10000,교육연구시설,제조실,2
21000,동물및식물관련시설,1956,2
18000,창고시설,왕겨보관창고,2
18000,창고시설,농산물및농기계창고,2
18000,창고시설,농촌주택및창고,2
01000,단독주택,사우나실,2
01000,단독주택,방앗간및주택,2
01000,단독주택,주택및미용실,2
18000,창고시설,분리수거창고,2
03000,제1종근린생활시설,청년공방,2
18000,창고시설,단무지창고,2
18000,창고시설,오일창고,2
21000,동물및식물관련시설,동물관렬시설,2
01000,단독주택,부엌및창고,2
01000,단독주택,단독주택및영업소,2
18000,창고시설,농가용농산물저장창고,2
01000,단독주택,단층부속,2
,,변전시설,2
17000,공장,항공기부품제조시설,2
17000,공장,compressor실,2
18000,창고시설,농산저온저장고,2
21000,동물및식물관련시설,축사및건조장,2
01000,단독주택,1종근린생활시설외1용도,2
21000,동물및식물관련시설,건조기창고,2
18000,창고시설,쇄빙탑,2
21000,동물및식물관련시설,공동돈사,2
18000,창고시설,양토장,2
15000,숙박시설,샤워장,2
01000,단독주택,단독주택및농업용창고,2
18000,창고시설,창고및돈사,2
01000,단독주택,근린생활시설및단독주택9가구용,2
18000,창고시설,창고및문간,2
21000,동물및식물관련시설,농업인창고,2
18000,창고시설,영선창고,2
21000,동물및식물관련시설,버섯재배사창고,2
01000,단독주택,농가주택및농업생산시설,2
01000,단독주택,점포및주택및제2종근린생활시설,2
18000,창고시설,참고시설,2
21000,동물및식물관련시설,축분저장시설,2
03000,제1종근린생활시설,면사무소창고,2
18000,창고시설,소형집하장,2
01000,단독주택,제2종근린생활시설및다가구,2
10000,교육연구시설,과제실습장,2
21000,동물및식물관련시설,공해배출시설,2
JY,,교육연구시설,2
03000,제1종근린생활시설,서재,2
08000,운수시설,항공시설,2
01000,단독주택,주택겸용,2
17000,공장,위험물창고b,2
,,축분장,2
17000,공장,가구전시장,2
19000,위험물저장및처리시설,부속주차장,2
06000,종교시설,해탈루,2
04000,제2종근린생활시설,건축자재보관창고,2
27000,관광휴게시설,여관,2
03000,제1종근린생활시설,노인,2
01000,단독주택,침실,2
17000,공장,원료치장,2
06000,종교시설,체력단련장,2
15000,숙박시설,기계전기실,2
02000,공동주택,행복나눔센터,2
,,9,2
Z3000,근린생활시설,장비고,2
17000,공장,폐기물분리장,2
19000,위험물저장및처리시설,저유조,2
18000,창고시설,일반창고및냉동창고,2
14000,업무시설,2종근린생활시설및,2
21000,동물및식물관련시설,미역배양장,2
,,제각,2
04000,제2종근린생활시설,36호,2
03000,제1종근린생활시설,정비소,2
14000,업무시설,2종근,2
01000,단독주택,랑사,2
03000,제1종근린생활시설,ess,2
18000,창고시설,전시창고,2
18000,창고시설,농수산물유통가공처리시설,2
19000,위험물저장및처리시설,유류가압장,2
17000,공장,건물,2
06000,종교시설,승려숙소,2
19000,위험물저장및처리시설,액화석유판매소,2
04000,제2종근린생활시설,실내야구연습장,2
04000,제2종근린생활시설,식당및식육점,2
21000,동물및식물관련시설,거세센타,2
02000,공동주택,단자형다세대주택,2
25000,발전시설,경비초소,2
19000,위험물저장및처리시설,고압가스저장창고,2
08000,운수시설,소각장,2
17000,공장,주유대,2
14000,업무시설,농어가주택,2
19000,위험물저장및처리시설,박스,2
14000,업무시설,저수조,2
02000,공동주택,총8세대,2
06000,종교시설,통로,2
18000,창고시설,공장및사무실,2
03000,제1종근린생활시설,2종그린생활시설,2
21000,동물및식물관련시설,농기계보관,2
18000,창고시설,생산물저장,2
24000,방송통신시설,안내동,2
11000,노유자시설,교육장,2
04000,제2종근린생활시설,고시원및일반음식점,2
03000,제1종근린생활시설,주민휴게실,2
03000,제1종근린생활시설,승무원,2
01000,단독주택,계단실및,2
15000,숙박시설,제1종근린생화시설,2
02000,공동주택,열교환실1,2
01000,단독주택,24,2
15000,숙박시설,수리점,2
03000,제1종근린생활시설,장,2
03000,제1종근린생활시설,스라브,2
17000,공장,수산물가공장,2
17000,공장,저견창고,2
05000,문화및집회시설,정,2
04000,제2종근린생활시설,건축용목재품제조업,2
18000,창고시설,농작물저장창고,2
02000,공동주택,놀이터화장실,2
03000,제1종근린생활시설,물품보관소,2
04000,제2종근린생활시설,종교집회당,2
19000,위험물저장및처리시설,주유작업장,2
04000,제2종근린생활시설,2종근린생활시설근린생활시설,2
02000,공동주택,지하1주차장,2
04000,제2종근린생활시설,견사,2
22000,분뇨.쓰레기처리시설,배전반실,2
10000,교육연구시설,p동,2
17000,공장,페수처리시설,2
24000,방송통신시설,교육연구및복지시설,2
22000,분뇨.쓰레기처리시설,b형,2
10000,교육연구시설,소규모,2
06000,종교시설,지도실,2
01000,단독주택,일용품판매점,2
01000,단독주택,용원,2
04000,제2종근린생활시설,단,2
18000,창고시설,식물및동물관련시설,2
01000,단독주택,2종근린생활설,2
02000,공동주택,단지형다세대주택및,2
13000,운동시설,창고동,2
02000,공동주택,승강기실,2
17000,공장,합성공장,2
16000,위락시설,제2종근린생활시설및위락시설,2
23000,교정및군사시설,노유자시설,2
08000,운수시설,노무자,2
01000,단독주택,공방,2
04000,제2종근린생활시설,다목적실,2
10000,교육연구시설,새마을회관,2
17000,공장,엔진조립공장,2
04000,제2종근린생활시설,일반식당,2
17000,공장,eas,2
02000,공동주택,쌍용아파트,2
07000,판매시설,공연장,2
17000,공장,탁아소,2
02000,공동주택,재활용품실,2
03000,제1종근린생활시설,비상급수,2
12000,수련시설,학생수련장,2
17000,공장,밀,2
17000,공장,39동,2
20000,자동차관련시설,중고차매매장,2
13000,운동시설,일용품소매점,2
03000,제1종근린생활시설,p,2
17000,공장,초지공장,2
11000,노유자시설,입주자식당,2
03000,제1종근린생활시설,사무실및공장,2
17000,공장,및근린생활시설,2
04000,제2종근린생활시설,도시락제조업,2
02000,공동주택,mcc실,2
03000,제1종근린생활시설,출입문,2
11000,노유자시설,정화조기계실,2
03000,제1종근린생활시설,교정시설,2
03000,제1종근린생활시설,제1종근린생화릿설,2
02000,공동주택,305동,2
01000,단독주택,축사및창고시설,2
19000,위험물저장및처리시설,워험물저장,2
02000,공동주택,연료전지,2
17000,공장,고철,2
02000,공동주택,종합상황실,2
13000,운동시설,생,2
15000,숙박시설,공중탕,2
Z3000,근린생활시설,무도,2
25000,발전시설,연료전지동,2
01000,단독주택,철판넬지붕,2
10000,교육연구시설,특수대응단,2
18000,창고시설,저장고및,2
01000,단독주택,다가구주택9,2
20000,자동차관련시설,지하주차장c,2
01000,단독주택,시물관련시설,2
17000,공장,야외적치장,2
02000,공동주택,성도빌라,2
27000,관광휴게시설,멀티하우스,2
24000,방송통신시설,망루,2
17000,공장,기타곡물가공제공업소,2
06000,종교시설,b동종교시설,2
24000,방송통신시설,레이더싸이트장비실,2
17000,공장,모터보관장,2
14000,업무시설,옥외계단,2
14000,업무시설,오피스텔및단독주택,2
17000,공장,차류가공,2
10000,교육연구시설,족구장,2
02000,공동주택,동측,2
13000,운동시설,고전막,2
14000,업무시설,사옥,2
04000,제2종근린생활시설,어류부화장,2
09000,의료시설,기혼자숙소,2
10000,교육연구시설,농업용미생물연구소,2
04000,제2종근린생활시설,기계공장,2
08000,운수시설,플랫트홈,2
10000,교육연구시설,주차관리사무소,2
12000,수련시설,청소년수련장,2
10000,교육연구시설,양궁훈련장,2
10000,교육연구시설,교육용송전철탑,2
03000,제1종근린생활시설,생및창고,2
09000,의료시설,배전실,2
07000,판매시설,어물전동,2
10000,교육연구시설,근린생활시설외1,2
04000,제2종근린생활시설,목제건구장,2
15000,숙박시설,캠핑센터,2
07000,판매시설,판매시설및제2종근린생활시설,2
19000,위험물저장및처리시설,압축천연가스충전소,2
17000,공장,동물용사료및조제식품제조업,2
07000,판매시설,수산부중매인점포,2
19000,위험물저장및처리시설,자동차세차시설,2
19000,위험물저장및처리시설,중앙공급실,2
19000,위험물저장및처리시설,주유소부속창고,2
11000,노유자시설,냉동고,2
19000,위험물저장및처리시설,깨스실,2
19000,위험물저장및처리시설,위험물처리및처리시설,2
07000,판매시설,판매및영업시설외2,2
04000,제2종근린생활시설,국내산농산물가공처리,2
02000,공동주택,근린생활주택및단지형다세대주택,2
10000,교육연구시설,본관교실동,2
19000,위험물저장및처리시설,화약류,2
18000,창고시설,주택의부속된창고,2
03000,제1종근린생활시설,위험물처리및저장시설,2
18000,창고시설,공동퇴비보관창고,2
17000,공장,stg기계실,2
24000,방송통신시설,자동전화기기,2
01000,단독주택,단독주택용3가구,2
17000,공장,쓰레기보관시설,2
02000,공동주택,atm부스,2
04000,제2종근린생활시설,당집,2
02000,공동주택,주차장b,2
04000,제2종근린생활시설,경매진행장,2
17000,공장,화장실등,2
11000,노유자시설,리사무소,2
01000,단독주택,제1종근린생,2
18000,창고시설,보이러실,2
14000,업무시설,공동,2
14000,업무시설,연립,2
11000,노유자시설,근린공공,2
05000,문화및집회시설,취사장,2
17000,공장,컴프레셔룸,2
10000,교육연구시설,창고및화장실,2
01000,단독주택,탈의실,2
04000,제2종근린생활시설,체력단력장,2
18000,창고시설,제1종근린생활시설외,2
17000,공장,1차조쇄실,2
10000,교육연구시설,사회복지관,2
09000,의료시설,가스저장실,2
02000,공동주택,지하주차장및전기실,2
01000,단독주택,가스창고,2
17000,공장,잔반처리장,2
04000,제2종근린생활시설,실,2
18000,창고시설,농산물산지유통센터,2
17000,공장,연탄제조,2
22000,분뇨.쓰레기처리시설,기계전기실,2
14000,업무시설,위험물저장시설,2
14000,업무시설,민원동,2
02000,공동주택,호수a,2
17000,공장,product,2
04000,제2종근린생활시설,농산물1차가공공장,2
08000,운수시설,주차장,2
04000,제2종근린생활시설,s,2
14000,업무시설,근생및업무시설,2
Z6000,판매및영업시설,재활용집하장,2
04000,제2종근린생활시설,자동차전시장,2
04000,제2종근린생활시설,노조사무실,2
27000,관광휴게시설,야영시설,2
18000,창고시설,약초건조실,2
18000,창고시설,창고시설및사무소,2
01000,단독주택,린생활시설,2
18000,창고시설,볏짚보관창고,2
17000,공장,에너지,2
21000,동물및식물관련시설,버석재배사,2
17000,공장,목공공장,2
21000,동물및식물관련시설,이유자돈방,2
11000,노유자시설,변전실,2
19000,위험물저장및처리시설,위험물판매취급,2
21000,동물및식물관련시설,돈사사료창고,2
08000,운수시설,선박수리시설,2
18000,창고시설,작업장및창고,2
04000,제2종근린생활시설,판매시설및,2
18000,창고시설,창고및동물관련시설,2
21000,동물및식물관련시설,애기축사,2
14000,업무시설,택배보관소,2
17000,공장,mex,2
01000,단독주택,저온저장고및창고,2
01000,단독주택,고추건조실,2
21000,동물및식물관련시설,잿간,2
18000,창고시설,부속차고,2
17000,공장,nbl,2
18000,창고시설,의약품도매상,2
15000,숙박시설,보일러시설,2
17000,공장,기성복제조,2
01000,단독주택,학교시설,2
17000,공장,농업용기계제조,2
01000,단독주택,기타숙박시설,2
05000,문화및집회시설,게스트하우스,2
Z5000,문화및집회시설,제1,2
04000,제2종근린생활시설,수납사,2
17000,공장,bin,2
04000,제2종근린생활시설,가스저장실,2
17000,공장,dpc공장,2
03000,제1종근린생활시설,비동,2
03000,제1종근린생활시설,목욕탕및,2
03000,제1종근린생활시설,항만시설,2
17000,공장,미역염장가공공장,2
04000,제2종근린생활시설,신청,2
02000,공동주택,근린및다세대,2
04000,제2종근린생활시설,피로티,2
14000,업무시설,샤워장,2
03000,제1종근린생활시설,저장창고,2
04000,제2종근린생활시설,농기계간이수리점,2
18000,창고시설,예식장,2
Z3000,근린생활시설,샤워실,2
Z3000,근린생활시설,철공소,2
20000,자동차관련시설,정비업,2
01000,단독주택,95주거환경개선사업,2
17000,공장,포장재,2
17000,공장,브럭제조업,2
17000,공장,안전관리실,2
17000,공장,초제실,2
04000,제2종근린생활시설,건조창고,2
04000,제2종근린생활시설,약방,2
04000,제2종근린생활시설,점포외1,2
01000,단독주택,대중음식점및주택,2
04000,제2종근린생활시설,가공작업장,2
17000,공장,왕겨창고,2
06000,종교시설,자모실,2
Z9000,공공용시설,공공시설,2
11000,노유자시설,노인정및보육시설,2
01000,단독주택,63,2
19000,위험물저장및처리시설,물탱크,2
02000,공동주택,주동,2
04000,제2종근린생활시설,제2종근린린생활시설,2
09000,의료시설,1종,2
17000,공장,위험물펌프실,2
04000,제2종근린생활시설,부대창고,2
17000,공장,성형동,2
10000,교육연구시설,옥탑,2
16000,위락시설,전자오락실,2
17000,공장,김건조장,2
23000,교정및군사시설,보관소,2
17000,공장,보일러실및,2
18000,창고시설,후생복지시설,2
15000,숙박시설,숙박시설및제1종근생시설,2
17000,공장,수질오염방지시설,2
04000,제2종근린생활시설,국내산,2
,,중계소,2
10000,교육연구시설,유아교육원,2
02000,공동주택,실버케어센터,2
17000,공장,엔진공장남측캐노피,2
21000,동물및식물관련시설,농산물저온창고,2
17000,공장,소화용펌프실,2
03000,제1종근린생활시설,건축자재점,2
02000,공동주택,diy,2
03000,제1종근린생활시설,수문조작실,2
10000,교육연구시설,6동,2
03000,제1종근린생활시설,기상대청사,2
25000,발전시설,fan,2
03000,제1종근린생활시설,어민휴게소,2
03000,제1종근린생활시설,주택및영업소,2
04000,제2종근린생활시설,테니스장관리사무소,2
05000,문화및집회시설,새마을,2
15000,숙박시설,안마시술소,2
22000,분뇨.쓰레기처리시설,침출수처리장,2
21000,동물및식물관련시설,건초보관실,2
04000,제2종근린생활시설,효열비,2
02000,공동주택,다세대및제2종근린생활시설,2
02000,공동주택,중간기계실3,2
17000,공장,관련기성복,2
17000,공장,합성실,2
04000,제2종근린생활시설,수리장,2
04000,제2종근린생활시설,공원숙소,2
17000,공장,생산사무동,2
17000,공장,주행거리축적동력계실,2
17000,공장,피혁공장,2
17000,공장,자재저장창고,2
20000,자동차관련시설,일용품소매점,2
21000,동물및식물관련시설,산소실,2
03000,제1종근린생활시설,사무실외,2
17000,공장,주방기구제조,2
03000,제1종근린생활시설,운영실,2
02000,공동주택,전화주단자실,2
02000,공동주택,영빈관,2
18000,창고시설,재배사,2
04000,제2종근린생활시설,농기구수리,2
17000,공장,press,2
23000,교정및군사시설,기계전기실,2
21000,동물및식물관련시설,퇴비사및퇴비저장실,2
05000,문화및집회시설,본마사,2
15000,숙박시설,정화조,2
01000,단독주택,창고및옥외화장실,2
Z8000,교육연구및복지시설,서재,2
10000,교육연구시설,수련장,2
04000,제2종근린생활시설,수족관,2
04000,제2종근린생활시설,중기사무실,2
17000,공장,기사,2
05000,문화및집회시설,대웅전,2
17000,공장,jet,2
18000,창고시설,우시장,2
04000,제2종근린생활시설,간이휴게소,2
06000,종교시설,대문체,2
Z3000,근린생활시설,7,2
Z5000,문화및집회시설,운동시설,2
18000,창고시설,간이휴게소,2
09000,의료시설,치과기공소,2
13000,운동시설,운동기구보관창고,2
03000,제1종근린생활시설,도정업,2
18000,창고시설,단감,2
17000,공장,위생검사실,2
23000,교정및군사시설,병영시설,2
16000,위락시설,콜라텍,2
01000,단독주택,장광,2
04000,제2종근린생활시설,물품창고,2
17000,공장,의약품판매소,2
18000,창고시설,농기계수리,2
20000,자동차관련시설,주차관리,2
04000,제2종근린생활시설,일용품,2
03000,제1종근린생활시설,대중목욕탕외,2
17000,공장,28동,2
17000,공장,여과조,2
13000,운동시설,로울러스케이트장,2
14000,업무시설,통신기계실,2
19000,위험물저장및처리시설,송유관,2
04000,제2종근린생활시설,유물전시관,2
01000,단독주택,교육원,2
01000,단독주택,농어주택,2
02000,공동주택,지상부,2
20000,자동차관련시설,금융업소,2
13000,운동시설,실내정구장,2
04000,제2종근린생활시설,판매취급소,2
10000,교육연구시설,3용도,2
19000,위험물저장및처리시설,이동식화장실,2
21000,동물및식물관련시설,동물및식물관련설,2
09000,의료시설,생,2
06000,종교시설,심곡사,2
14000,업무시설,소매시장,2
,,제1종근생,2
17000,공장,냉장공장,2
19000,위험물저장및처리시설,위험물저장처리,2
20000,자동차관련시설,주자창,2
02000,공동주택,업무시설및,2
18000,창고시설,실,2
07000,판매시설,복리시설,2
02000,공동주택,국공립,2
02000,공동주택,태권도장,2
03000,제1종근린생활시설,관광휴계시설,2
17000,공장,플랜트,2
11000,노유자시설,경노시설,2
17000,공장,골재보관소,2
01000,단독주택,2011년,2
Z8000,교육연구및복지시설,학교교사,2
02000,공동주택,근링생활시설,2
30000,자원순환관련시설,작업소,2
17000,공장,80ton제강,2
07000,판매시설,복합시설,2
14000,업무시설,세무서,2
10000,교육연구시설,음수대그늘막,2
03000,제1종근린생활시설,식품판매업,2
03000,제1종근린생활시설,감시옥,2
21000,동물및식물관련시설,동물관계시설,2
22000,분뇨.쓰레기처리시설,발효퇴비사,2
17000,공장,목제품가공,2
17000,공장,도자기공장및,2
03000,제1종근린생활시설,회관및노인정,2
15000,숙박시설,lpg저장고,2
03000,제1종근린생활시설,제설시설,2
03000,제1종근린생활시설,대장간,2
03000,제1종근린생활시설,영업소외1,2
03000,제1종근린생활시설,생활용수배수지,2
03000,제1종근린생활시설,제1종근린생활시설및다세대주택,2
03000,제1종근린생활시설,경찰관숙소,2
11000,노유자시설,교육시설및복지시설,2
03000,제1종근린생활시설,세척장,2
03000,제1종근린생활시설,양수기계실,2
11000,노유자시설,교육연구및복지설,2
03000,제1종근린생활시설,군내버스,2
03000,제1종근린생활시설,지하변전실,2
03000,제1종근린생활시설,국가공공시설,2
03000,제1종근린생활시설,어촌계공동작업장,2
03000,제1종근린생활시설,이륜차고,2
03000,제1종근린생활시설,커뮤니티시설,2
03000,제1종근린생활시설,부설창고,2
03000,제1종근린생활시설,정화조기계실,2
21000,동물및식물관련시설,육묘공장,2
17000,공장,공동식당,2
02000,공동주택,일반주거지역,2
02000,공동주택,용역원휴게공간,2
30000,자원순환관련시설,총인처리시설동,2
02000,공동주택,종사원숙소,2
02000,공동주택,여성친화공간8,2
02000,공동주택,주민자치실,2
17000,공장,연구개발제작및테스트,2
10000,교육연구시설,야구실,2
02000,공동주택,해원주택,2
02000,공동주택,아파트관리사무소,2
19000,위험물저장및처리시설,근린생활시설및화장실,2
18000,창고시설,버섯,2
04000,제2종근린생활시설,공업용창고시설,2
14000,업무시설,27실,2
23000,교정및군사시설,일반칭고,2
17000,공장,펌프쉘타,2
01000,단독주택,향토유적,2
06000,종교시설,종교시설및근린생활시설,2
04000,제2종근린생활시설,동물위탁관리업,2
01000,단독주택,농기계정비실,2
04000,제2종근린생활시설,1종근린생활시설및단독주택,2
17000,공장,폐기물재활용,2
04000,제2종근린생활시설,공청,2
04000,제2종근린생활시설,제각시설,2
01000,단독주택,10가구및제1종근린생활시설,2
02000,공동주택,환경관리원,2
04000,제2종근린생활시설,운송부대시설,2
06000,종교시설,문중제실,2
04000,제2종근린생활시설,자동교환장치기계실,2
02000,공동주택,관리사무소및mdf실,2
01000,단독주택,2016년농촌주택개량,2
06000,종교시설,상여집,2
18000,창고시설,잡유창고,2
01000,단독주택,부속물,2
18000,창고시설,창고시설및근린생활시설,2
01000,단독주택,연수원숙소,2
21000,동물및식물관련시설,버섯사부속시설,2
21000,동물및식물관련시설,포자배양장,2
18000,창고시설,부원료창고,2
01000,단독주택,근린샐활시설및주택,2
21000,동물및식물관련시설,벼건조기,2
18000,창고시설,마을창고시설,2
01000,단독주택,농가용주택및수리점,2
01000,단독주택,관리사및,2
18000,창고시설,벼발아실,2
21000,동물및식물관련시설,김종묘배양장,2
18000,창고시설,적조방제장비보관창고,2
01000,단독주택,다가구용주택및근린생활시설,2
21000,동물및식물관련시설,밤나무관리사,2
21000,동물및식물관련시설,측시,2
01000,단독주택,서제,2
21000,동물및식물관련시설,조사장,2
,,교정,2
21000,동물및식물관련시설,툽밥발효우사,2
21000,동물및식물관련시설,동물관련시설및근린생활시설,2
18000,창고시설,사과일반저장고,2
21000,동물및식물관련시설,저장탱크,2
18000,창고시설,배터리시험설비실,2
21000,동물및식물관련시설,농림수산업시설,2
18000,창고시설,간이화장실,2
17000,공장,후처리장,2
18000,창고시설,건조기및농기계보관창고,2
18000,창고시설,농업용창고및부속사,2
18000,창고시설,마늘건조용창고시설,2
21000,동물및식물관련시설,축산분뇨건조시설,2
18000,창고시설,냉동창고및창고,2
01000,단독주택,교육관련시설,2
21000,동물및식물관련시설,동몰및식물관련시설,2
01000,단독주택,다가주주택및근린생활시설,2
27000,관광휴게시설,가스충전소,2
Z8000,교육연구및복지시설,초등,2
13000,운동시설,시중당,2
27000,관광휴게시설,안채,2
21000,동물및식물관련시설,하우스,2
15000,숙박시설,근생및,2
03000,제1종근린생활시설,제1종근생및,2
27000,관광휴게시설,연구소,2
03000,제1종근린생활시설,상수도관련시설,2
12000,수련시설,야영시설화장실,2
01000,단독주택,농촌주거환경개선사업대상,2
21000,동물및식물관련시설,산란계,2
04000,제2종근린생활시설,근생제조업,2
04000,제2종근린생활시설,23999,2
17000,공장,목제건구,2
20000,자동차관련시설,주유소세차장,2
18000,창고시설,곰사육장,2
30000,자원순환관련시설,제조소,2
24000,방송통신시설,간이tv,2
21000,동물및식물관련시설,가축사육장,2
03000,제1종근린생활시설,농림수산물,2
17000,공장,apt,2
10000,교육연구시설,온실동,2
10000,교육연구시설,대피실,2
03000,제1종근린생활시설,1개용도,2
05000,문화및집회시설,노동회관,2
21000,동물및식물관련시설,부잠사,2
12000,수련시설,2,2
,,주거,2
01000,단독주택,위험물판매시설,2
10000,교육연구시설,수세식변소,2
09000,의료시설,재활병원,2
02000,공동주택,기계감시실,2
13000,운동시설,지붕,2
21000,동물및식물관련시설,우사및돈사,2
19000,위험물저장및처리시설,편의점,2
03000,제1종근린생활시설,농산물전시장,2
03000,제1종근린생활시설,원격교환장치,2
,,주택및창고,2
,,상수도,2
02000,공동주택,영화감상실,2
21000,동물및식물관련시설,느타리,2
03000,제1종근린생활시설,유수지,2
03000,제1종근린생활시설,간이매점,2
10000,교육연구시설,일반창고,2
03000,제1종근린생활시설,액화석유가스판매소,2
18000,창고시설,기계창고,2
17000,공장,structure,2
03000,제1종근린생활시설,폐수처리장,2
12000,수련시설,발전실,2
12000,수련시설,강의실,2
03000,제1종근린생활시설,기도원,2
20000,자동차관련시설,자동차경정비시설,2
10000,교육연구시설,중앙,2
27000,관광휴게시설,직원식당,2
17000,공장,도정공장및창고,2
03000,제1종근린생활시설,식품소매점,2
12000,수련시설,교육관,2
10000,교육연구시설,사회과학관,2
10000,교육연구시설,공동실습소,2
10000,교육연구시설,목부사,2
02000,공동주택,x실,2
09000,의료시설,교실,2
17000,공장,근린생할시설,2
03000,제1종근린생활시설,직원대기실,2
08000,운수시설,단독주택,2
24000,방송통신시설,제2종근생,2
17000,공장,판지상자제조,2
01000,단독주택,주택및재실,2
17000,공장,공조기계실,2
04000,제2종근린생활시설,철물관련제조업,2
01000,단독주택,생활형숙박시설,2
17000,공장,이재물창고,2
18000,창고시설,가스저장창고,2
04000,제2종근린생활시설,제2종근린생화리설,2
08000,운수시설,소방차고,2
01000,단독주택,창고및점포,2
17000,공장,래핑실,2
17000,공장,체험관,2
17000,공장,소방용수펌프동,2
17000,공장,unit,2
02000,공동주택,부속계단실,2
,,기존,2
18000,창고시설,개량건조장,2
15000,숙박시설,온실,2
03000,제1종근린생활시설,변압기실,2
02000,공동주택,전기실발전기실,2
17000,공장,경비실및면회실,2
21000,동물및식물관련시설,무허가축사,2
03000,제1종근린생활시설,재활용품,2
02000,공동주택,상가및,2
17000,공장,소금가공공장,2
10000,교육연구시설,외2용도,2
10000,교육연구시설,오피스텔,2
02000,공동주택,네트워크지원실,2
01000,단독주택,23,2
01000,단독주택,브록양생실,2
18000,창고시설,사찰,2
15000,숙박시설,독신자숙소,2
02000,공동주택,소점포,2
,,a동,2
18000,창고시설,분쇄실,2
05000,문화및집회시설,요사,2
02000,공동주택,배드민턴코트,2
03000,제1종근린생활시설,엠디에프실,2
22000,분뇨.쓰레기처리시설,c형,2
14000,업무시설,ess실,2
Z5000,문화및집회시설,3,2
14000,업무시설,교육및연구시설,2
21000,동물및식물관련시설,가설건축물,2
17000,공장,조업장,2
01000,단독주택,예냉고,2
02000,공동주택,바동,2
03000,제1종근린생활시설,벽돌조,2
11000,노유자시설,후생복지관,2
03000,제1종근린생활시설,건축자재판매소,2
01000,단독주택,과수저장소,2
,,홀,2
03000,제1종근린생활시설,골프장,2
02000,공동주택,동제연실,2
19000,위험물저장및처리시설,공동주택,2
13000,운동시설,마을회관,2
01000,단독주택,발전기실,2
01000,단독주택,미,2
17000,공장,필터실,2
02000,공동주택,민방위급수시설,2
02000,공동주택,v실,2
17000,공장,곡물저장탱크,2
01000,단독주택,다세대주택및,2
03000,제1종근린생활시설,농자재,2
01000,단독주택,헬스크럽,2
07000,판매시설,연료전지실,2
17000,공장,식품창고,2
02000,공동주택,펌프기계실,2
04000,제2종근린생활시설,금속장치물제조업,2
04000,제2종근린생활시설,15가구,2
20000,자동차관련시설,자동차부분정비,2
21000,동물및식물관련시설,퇴비발효장,2
14000,업무시설,18세대,2
04000,제2종근린생활시설,음수대,2
03000,제1종근린생활시설,제설자재창고,2
17000,공장,소각보일러실,2
19000,위험물저장및처리시설,충전기,2
02000,공동주택,주차램프,2
21000,동물및식물관련시설,선별실,2
02000,공동주택,net센터,2
05000,문화및집회시설,야영장시설,2
18000,창고시설,고철창고,2
04000,제2종근린생활시설,정비업소,2
17000,공장,warehouse,2
04000,제2종근린생활시설,목재작업장,2
05000,문화및집회시설,я煇맒체,2
21000,동물및식물관련시설,퇴,2
26000,묘지관련시설,시설,2
Z3000,근린생활시설,공공용시설,2
04000,제2종근린생활시설,제과,2
04000,제2종근린생활시설,농기계수리실,2
18000,창고시설,금융업소,2
21000,동물및식물관련시설,차량방역시설,2
02000,공동주택,15개소,2
21000,동물및식물관련시설,냉장고,2
04000,제2종근린생활시설,제조장및창고,2
14000,업무시설,신용조합사업장,2
03000,제1종근린생활시설,지하1층주차장,2
14000,업무시설,암반관정,2
14000,업무시설,업무시설외3종,2
17000,공장,블로워실,2
25000,발전시설,부속시설,2
27000,관광휴게시설,캐빈하우스,2
02000,공동주택,107대,2
03000,제1종근린생활시설,주택및근,2
23000,교정및군사시설,장비운용시설,2
Z5000,문화및집회시설,천부교전도관,2
17000,공장,농산물저온보관창고,2
14000,업무시설,문고,2
27000,관광휴게시설,공작물,2
17000,공장,거치장,2
14000,업무시설,기계전기,2
03000,제1종근린생활시설,통신중계기실,2
17000,공장,조정실판넬쉘타,2
08000,운수시설,병렬급전소,2
19000,위험물저장및처리시설,유류탱크관리사,2
19000,위험물저장및처리시설,도로변주유소,2
02000,공동주택,열교환실등,2
17000,공장,경비원실,2
,,케노피,2
07000,판매시설,대문,2
21000,동물및식물관련시설,달팽이사육장,2
10000,교육연구시설,돌마초교,2
19000,위험물저장및처리시설,위험물저장처리시설및창고,2
01000,단독주택,가호,2
10000,교육연구시설,광신초등학교,2
18000,창고시설,멸치건조실,2
17000,공장,배수종말,2
18000,창고시설,주민공동이용창고,2
10000,교육연구시설,사범대학,2
03000,제1종근린생활시설,노무자대기실,2
17000,공장,위험물처리장,2
17000,공장,쇼트동,2
11000,노유자시설,주방창고,2
17000,공장,소방펌프장,2
17000,공장,화장실및휴게실,2
04000,제2종근린생활시설,해사관계사무소,2
17000,공장,아크릴작업자대기실,2
17000,공장,소랑호스저장소,2
17000,공장,곡물가공공장,2
17000,공장,어선수리소,2
17000,공장,함마크랏샤판넬실,2
03000,제1종근린생활시설,진입통로,2
03000,제1종근린생활시설,pcs,2
01000,단독주택,노업생산시설,2
19000,위험물저장및처리시설,a,2
03000,제1종근린생활시설,상수도관리실,2
18000,창고시설,견사,2
10000,교육연구시설,목공,2
02000,공동주택,까페테리아,2
19000,위험물저장및처리시설,출하시설,2
05000,문화및집회시설,수호사,2
14000,업무시설,32세대,2
20000,자동차관련시설,주차장시설,2
03000,제1종근린생활시설,정구장,2
21000,동물및식물관련시설,여과조,2
04000,제2종근린생활시설,주차장통로,2
18000,창고시설,신청,2
27000,관광휴게시설,관과휴게시설,2
13000,운동시설,간이휴게소,2
11000,노유자시설,택,2
08000,운수시설,복지시설,2
21000,동물및식물관련시설,56,2
04000,제2종근린생활시설,제1종근린생활시설제2종근린생활시설,2
03000,제1종근린생활시설,제2종그린생활시설,2
01000,단독주택,근린시설생활,2
03000,제1종근린생활시설,농기계보관시설,2
04000,제2종근린생활시설,제실관리사,2
17000,공장,조립장,2
01000,단독주택,5가구용다가구주택,2
11000,노유자시설,근생시설,2
15000,숙박시설,제2종근리생활시설,2
03000,제1종근린생활시설,면사무소청사,2
03000,제1종근린생활시설,향군회관,2
05000,문화및집회시설,매표,2
03000,제1종근린생활시설,주택및부속창고,2
01000,단독주택,주택17가구,2
11000,노유자시설,격리실,2
15000,숙박시설,종교시설,2
21000,동물및식물관련시설,기타동물,2
17000,공장,자원순환,2
05000,문화및집회시설,아파트,2
17000,공장,교양실,2
17000,공장,000톤,2
03000,제1종근린생활시설,소매정,2
03000,제1종근린생활시설,기도실,2
19000,위험물저장및처리시설,storage,2
05000,문화및집회시설,관람대,2
,,세탁실,2
02000,공동주택,주민자치시설,2
11000,노유자시설,실습장,2
17000,공장,엘,2
05000,문화및집회시설,호랑이사,2
20000,자동차관련시설,2종근생시설,2
19000,위험물저장및처리시설,간이음식점,2
17000,공장,부속냉동창고,2
Z5000,문화및집회시설,삼성각,2
02000,공동주택,법당,2
30000,자원순환관련시설,수변전실,2
17000,공장,화장실동,2
03000,제1종근린생활시설,수변전실,2
20000,자동차관련시설,지하실,2
02000,공동주택,퍼프실,2
23000,교정및군사시설,신궁,2
03000,제1종근린생활시설,배수장실,2
13000,운동시설,일반업무시설,2
17000,공장,열교환기세척장,2
02000,공동주택,제외,2
02000,공동주택,2종근생및,2
03000,제1종근린생활시설,자재판매장,2
21000,동물및식물관련시설,곤충사육실,2
02000,공동주택,입주자사무실,2
01000,단독주택,농기구보관실,2
17000,공장,나동,2
27000,관광휴게시설,정각,2
21000,동물및식물관련시설,곳간,2
02000,공동주택,110세대,2
01000,단독주택,자동차관련시설및주택,2
01000,단독주택,부속온실,2
02000,공동주택,pit,2
18000,창고시설,맥분저장고,2
21000,동물및식물관련시설,축사2,2
18000,창고시설,창고및숙직실,2
17000,공장,2배수,2
04000,제2종근린생활시설,주차관리소,2
03000,제1종근린생활시설,소형국사,2
17000,공장,플레트홈,2
21000,동물및식물관련시설,화장실및창고,2
18000,창고시설,농기계저장창고,2
03000,제1종근린생활시설,병원및주택,2
04000,제2종근린생활시설,목재품,2
01000,단독주택,연쇄점,2
02000,공동주택,5실,2
21000,동물및식물관련시설,폐기물처리시설,2
06000,종교시설,사무실및,2
17000,공장,폐수기계실,2
04000,제2종근린생활시설,양주장,2
01000,단독주택,다가구13,2
17000,공장,노래방,2
20000,자동차관련시설,운전면허학원,2
01000,단독주택,주거및점포,2
03000,제1종근린생활시설,에이동,2
04000,제2종근린생활시설,근린생할시설및주택,2
06000,종교시설,발전실,2
04000,제2종근린생활시설,일반음식점및휴게음식점,2
04000,제2종근린생활시설,제2종근린새왈시설,2
04000,제2종근린생활시설,범종각,2
04000,제2종근린생활시설,보건소,2
22000,분뇨.쓰레기처리시설,가압펌프장,2
Z3000,근린생활시설,근린생화시설,2
14000,업무시설,면청사,2
14000,업무시설,부속사무실,2
11000,노유자시설,부대,2
18000,창고시설,농수산물가공처리시설,2
02000,공동주택,종합병원,2
19000,위험물저장및처리시설,heating,2
21000,동물및식물관련시설,식물관린시설,2
10000,교육연구시설,가스,2
04000,제2종근린생활시설,농수산물유통가공처리시설,2
21000,동물및식물관련시설,미역가공공장,2
Z8000,교육연구및복지시설,변전실,2
19000,위험물저장및처리시설,용기저장소,2
01000,단독주택,마늘저장고,2
02000,공동주택,경비실7,2
Z8000,교육연구및복지시설,부속건물,2
01000,단독주택,가목,2
05000,문화및집회시설,유치원,2
02000,공동주택,데크형,2
17000,공장,일반자재창고,2
22000,분뇨.쓰레기처리시설,축분발효시설,2
03000,제1종근린생활시설,버섯재배사,2
06000,종교시설,외2건,2
04000,제2종근린생활시설,경운기수리점,2
06000,종교시설,농막,2
04000,제2종근린생활시설,브럭공장,2
06000,종교시설,사제관및수녀원,2
17000,공장,섬유,2
04000,제2종근린생활시설,곡물가공제조업,2
19000,위험물저장및처리시설,취급판매소,2
06000,종교시설,교화원,2
15000,숙박시설,2종근린시설,2
Z3000,근린생활시설,동물,2
Z3000,근린생활시설,식물관련시설,2
04000,제2종근린생활시설,묵공장,2
01000,단독주택,하수처리장,2
03000,제1종근린생활시설,지진관측시설,2
20000,자동차관련시설,기타사무소,2
14000,업무시설,전문음식점,2
03000,제1종근린생활시설,냉동고,2
19000,위험물저장및처리시설,air,2
07000,판매시설,근린생할시설,2
17000,공장,까스저장실,2
17000,공장,복리후생관,2
17000,공장,산소탱크저장소,2
17000,공장,원료가공공장,2
17000,공장,화장실및창고,2
02000,공동주택,주민문화활동공간,2
22000,분뇨.쓰레기처리시설,약품실,2
15000,숙박시설,휴계소,2
10000,교육연구시설,예지관,2
03000,제1종근린생활시설,약품저장실,2
07000,판매시설,철강재,2
06000,종교시설,거실,2
22000,분뇨.쓰레기처리시설,세륜장,2
05000,문화및집회시설,양사재,2
01000,단독주택,부동산중개업사무소,2
17000,공장,정제실,2
03000,제1종근린생활시설,근린생활시설점포,2
22000,분뇨.쓰레기처리시설,일반공장,2
,,관련,2
02000,공동주택,외부계단실2,2
04000,제2종근린생활시설,위생시설,2
04000,제2종근린생활시설,카쎈타,2
04000,제2종근린생활시설,목재품제조업,2
03000,제1종근린생활시설,주민,2
04000,제2종근린생활시설,예체능계,2
17000,공장,여관,2
04000,제2종근린생활시설,떡방아,2
21000,동물및식물관련시설,축사및가축용창고,2
10000,교육연구시설,d동,2
Z3000,근린생활시설,저장시설,2
04000,제2종근린생활시설,선,2
03000,제1종근린생활시설,및사무실,2
08000,운수시설,정비동,2
04000,제2종근린생활시설,서제,2
19000,위험물저장및처리시설,개노피,2
04000,제2종근린생활시설,공회당,2
03000,제1종근린생활시설,분수대,2
18000,창고시설,농가용저온창고및,2
14000,업무시설,26호,2
04000,제2종근린생활시설,음식점및점포,2
03000,제1종근린생활시설,종친회,2
06000,종교시설,연구실,2
02000,공동주택,엠디에프,2
18000,창고시설,소방차고,2
01000,단독주택,51,2
07000,판매시설,문화및,2
18000,창고시설,체육관,2
17000,공장,미역염장,2
03000,제1종근린생활시설,목재소,2
18000,창고시설,농수산물가공,2
01000,단독주택,세차장사무실,2
02000,공동주택,정수실,2
14000,업무시설,세탁실,2
04000,제2종근린생활시설,필름현상소,2
23000,교정및군사시설,간부식당,2
03000,제1종근린생활시설,건축물부설,2
02000,공동주택,14동,2
13000,운동시설,라커룸,2
20000,자동차관련시설,복지시설,2
04000,제2종근린생활시설,교회창고,2
02000,공동주택,작은카페,2
01000,단독주택,임대주택,2
01000,단독주택,상가및주택,2
24000,방송통신시설,송신기실,2
17000,공장,서무실,2
01000,단독주택,다용도시설,2
27000,관광휴게시설,내,2
01000,단독주택,명륜당,2
03000,제1종근린생활시설,3동,2
01000,단독주택,교욱연구및복지시설,2
21000,동물및식물관련시설,치잠공동,2
08000,운수시설,기타시설,2
04000,제2종근린생활시설,적멸보궁,2
17000,공장,온조실,2
01000,단독주택,양말제조장,2
06000,종교시설,학생숙사,2
02000,공동주택,어린이도서실,2
02000,공동주택,3호실,2
18000,창고시설,농산물집화장,2
01000,단독주택,도선사업소,2
21000,동물및식물관련시설,식물관시설,2
02000,공동주택,지하저수조관리실,2
02000,공동주택,힐링센터,2
02000,공동주택,오수처리기계실,2
02000,공동주택,149세대,2
14000,업무시설,제2종근린생할시설,2
19000,위험물저장및처리시설,고압가스판매점,2
18000,창고시설,관리용,2
21000,동물및식물관련시설,40,2
22000,분뇨.쓰레기처리시설,자원순환,2
24000,방송통신시설,제1종,2
03000,제1종근린생활시설,제2종근린생활시설주택,2
01000,단독주택,실내도장,2
18000,창고시설,정비,2
27000,관광휴게시설,부속화장실,2
30000,자원순환관련시설,건조장,2
04000,제2종근린생활시설,위한,2
14000,업무시설,교양실,2
04000,제2종근린생활시설,민박,2
03000,제1종근린생활시설,제2존근린생활시설,2
22000,분뇨.쓰레기처리시설,스컴실,2
18000,창고시설,공동선별장,2
02000,공동주택,배터리실,2
19000,위험물저장및처리시설,lpg보관소,2
25000,발전시설,배양실,2
15000,숙박시설,다과점,2
17000,공장,야외작업장,2
03000,제1종근린생활시설,16가구,2
06000,종교시설,보호각,2
08000,운수시설,동력실,2
21000,동물및식물관련시설,등애등에사육장,2
05000,문화및집회시설,소방펌프실,2
20000,자동차관련시설,영업용,2
21000,동물및식물관련시설,퇴비사및퇴비저장고,2
04000,제2종근린생활시설,44실,2
20000,자동차관련시설,자동차운송사업,2
30000,자원순환관련시설,제조업소,2
17000,공장,ep,2
27000,관광휴게시설,탐방안내소,2
01000,단독주택,주택다가구주택,2
02000,공동주택,쓰레기장,2
21000,동물및식물관련시설,단독주택및,2
09000,의료시설,본관동,2
04000,제2종근린생활시설,본부석,2
03000,제1종근린생활시설,농협,2
05000,문화및집회시설,근린생활시설및주택,2
04000,제2종근린생활시설,저장실,2
01000,단독주택,인쇄공장,2
03000,제1종근린생활시설,통합관리센터,2
31000,야영장시설,공용화장실,2
01000,단독주택,공청,2
15000,숙박시설,유흥업소,2
15000,숙박시설,홀,2
03000,제1종근린생활시설,새마을공장,2
15000,숙박시설,한증막,2
11000,노유자시설,기타아동시설,2
03000,제1종근린생활시설,회관사무실,2
01000,단독주택,염소투입실,2
03000,제1종근린생활시설,사무실및구판장,2
17000,공장,n동,2
01000,단독주택,돈사및변소,2
03000,제1종근린생활시설,거전리,2
15000,숙박시설,주택및점포,2
17000,공장,흡연실증축,2
Z3000,근린생활시설,저장,2
17000,공장,수분측정실,2
17000,공장,roots,2
06000,종교시설,주민공동이용시설,2
20000,자동차관련시설,대피실,2
17000,공장,휴게실등,2
,,전문음식점,2
07000,판매시설,기전실,2
17000,공장,연수실,2
21000,동물및식물관련시설,야생조수,2
01000,단독주택,농가부속창고,2
17000,공장,30,2
18000,창고시설,96농촌주택,2
20000,자동차관련시설,제품실,2
14000,업무시설,바켓에레베타,2
10000,교육연구시설,휴식실,2
18000,창고시설,20,2
04000,제2종근린생활시설,명상실,2
15000,숙박시설,동물및식물관련시설,2
18000,창고시설,한의원,2
04000,제2종근린생활시설,석공장,2
14000,업무시설,발전기,2
15000,숙박시설,a동,2
10000,교육연구시설,장애인복지시설,2
04000,제2종근린생활시설,무,2
04000,제2종근린생활시설,선로반,2
18000,창고시설,수리실,2
30000,자원순환관련시설,축분,2
01000,단독주택,사무실및점포,2
13000,운동시설,권총사격장,2
21000,동물및식물관련시설,창고및펌프실,2
13000,운동시설,론볼경기장,2
18000,창고시설,처리장,2
04000,제2종근린생활시설,다가구택,2
01000,단독주택,주거환경개선사업융자주택,2
02000,공동주택,우수용펌프실,2
04000,제2종근린생활시설,재2종,2
17000,공장,수처리전기실,2
03000,제1종근린생활시설,제조,2
03000,제1종근린생활시설,방문자센터,2
03000,제1종근린생활시설,가구수리점,2
02000,공동주택,758,2
04000,제2종근린생활시설,근린공원,2
17000,공장,원단제조업,2
14000,업무시설,통합방재센터,2
02000,공동주택,독서실등,2
02000,공동주택,15실,2
,,문화및집회시설,2
,,3,2
21000,동물및식물관련시설,식물관련설,2
04000,제2종근린생활시설,이용실,2
04000,제2종근린생활시설,창고및계단실,2
11000,노유자시설,주민운동시설,2
14000,업무시설,그린생활시설,2
03000,제1종근린생활시설,인터넷컴퓨터게임제공업소,2
04000,제2종근린생활시설,소매,2
14000,업무시설,금융기관,2
02000,공동주택,상부,2
03000,제1종근린생활시설,농어민건강관리실,2
01000,단독주택,중,2
21000,동물및식물관련시설,정육점,2
21000,동물및식물관련시설,창고및사무실,2
03000,제1종근린생활시설,근린생활시설제1종,2
17000,공장,홍보관,2
03000,제1종근린생활시설,의류,2
19000,위험물저장및처리시설,자동밸브,2
17000,공장,철문,2
01000,단독주택,농가형창고,2
14000,업무시설,부속용도,2
03000,제1종근린생활시설,여객터미널,2
04000,제2종근린생활시설,박스제조업,2
,,운동장,2
Z3000,근린생활시설,공의진료소,2
14000,업무시설,안내실,2
01000,단독주택,디가구,2
18000,창고시설,참외,2
17000,공장,밧자플랜트,2
13000,운동시설,시장,2
21000,동물및식물관련시설,식묵관련시설,2
Z3000,근린생활시설,강당,2
02000,공동주택,휴게라운지,2
02000,공동주택,전면,2
17000,공장,재생처리업,2
08000,운수시설,2종,2
17000,공장,육가공,2
01000,단독주택,21가구,2
17000,공장,공병창고,2
17000,공장,골자재창고,2
14000,업무시설,망실,2
14000,업무시설,공용복도,2
10000,교육연구시설,정수처리동,2
14000,업무시설,공유주방,2
04000,제2종근린생활시설,공작기계제작,2
03000,제1종근린생활시설,구매생활,2
03000,제1종근린생활시설,7호,2
30000,자원순환관련시설,2,2
01000,단독주택,음식점및,2
21000,동물및식물관련시설,보관소,2
11000,노유자시설,노인복지시설및부대시설,2
24000,방송통신시설,무신호사,2
Z3000,근린생활시설,도로변휴게소,2
20000,자동차관련시설,제거식화장실,2
02000,공동주택,x클럽,2
17000,공장,잔사창고,2
17000,공장,대기장,2
24000,방송통신시설,전화관계시설,2
30999,기타자원순환관련시설,자원순환관련시설,2
17000,공장,스태브펌프실,2
17000,공장,크린룸,2
05000,문화및집회시설,전시및체험장,2
30000,자원순환관련시설,송풍기실,2
17000,공장,기어및전동요소제조업,2
21000,동물및식물관련시설,사료조,2
05000,문화및집회시설,모정,2
17000,공장,저장용기실,2
20000,자동차관련시설,세자장,2
03000,제1종근린생활시설,목재가구,2
21000,동물및식물관련시설,축사및착유사,2
21000,동물및식물관련시설,전복축양장시설,2
21000,동물및식물관련시설,동물관련시설계사,2
19000,위험물저장및처리시설,수소차충전소,2
18000,창고시설,농축수산물창고,2
18000,창고시설,소금저장고,2
18000,창고시설,인화물창고,2
18000,창고시설,농업용저장고,2
01000,단독주택,근린생활시설및다가구주택4가구,2
02000,공동주택,lpg저장기계실,2
18000,창고시설,펠레트창고,2
18000,창고시설,저온창고및농산물보관창고,2
01000,단독주택,주유소및주택,2
01000,단독주택,97농가주택,2
01000,단독주택,기존부속,2
18000,창고시설,해태저장창고,2
18000,창고시설,창고시설및소매점,2
21000,동물및식물관련시설,계근대,2
18000,창고시설,부속물,2
21000,동물및식물관련시설,고액분리실,2
03000,제1종근린생활시설,시정각,2
01000,단독주택,단독농가주택,2
JY,,교육연구및복지시설,2
21000,동물및식물관련시설,가축사료창고,2
18000,창고시설,냉동저온저장고,2
01000,단독주택,단독주택및부속건물,2
18000,창고시설,폐기물저장창고,2
01000,단독주택,단독주택제1종근린생활시설,2
18000,창고시설,촉매시창고,2
04000,제2종근린생활시설,대문및창고,2
18000,창고시설,시멘트창고,2
04000,제2종근린생활시설,야외분소,2
01000,단독주택,문칸,2
18000,창고시설,농업창고시설,2
17000,공장,기계실창고,2
21000,동물및식물관련시설,시멘블럭,2
15000,숙박시설,부속화장실,2
02000,공동주택,도시형생활주택15세대,2
17000,공장,전처리실,2
21000,동물및식물관련시설,번식사,2
02000,공동주택,우수저장조관리실,2
01000,단독주택,휴식시설,2
15000,숙박시설,대중음식점및여관,2
11000,노유자시설,영육아,2
23000,교정및군사시설,주유대,2
17000,공장,타올제조,2
17000,공장,질소가스저장소,2
06000,종교시설,회랑,2
02000,공동주택,및1,2
26000,묘지관련시설,묘각,2
01000,단독주택,3세대주택,2
20000,자동차관련시설,주차장차고지,2
10000,교육연구시설,학교복합화,2
10000,교육연구시설,체험실,2
12000,수련시설,개수대,2
01000,단독주택,창고및목욕탕,2
21000,동물및식물관련시설,설비실,2
05000,문화및집회시설,외4,2
10000,교육연구시설,도예연구소,2
10000,교육연구시설,교연연구시설,2
10000,교육연구시설,숙직실및창고,2
08000,운수시설,구내원처소,2
10000,교육연구시설,단대초등학교,2
03000,제1종근린생활시설,여노인정,2
03000,제1종근린생활시설,초소1,2
03000,제1종근린생활시설,선로반처소,2
21000,동물및식물관련시설,액비저장,2
03000,제1종근린생활시설,제1근린생활,2
03000,제1종근린생활시설,해양파출소,2
03000,제1종근린생활시설,교화원,2
17000,공장,골재투입구,2
03000,제1종근린생활시설,청사사무소,2
30000,자원순환관련시설,유해대기측정소,2
03000,제1종근린생활시설,외5,2
02000,공동주택,군인아파트,2
17000,공장,처리기,2
24000,방송통신시설,r중계소,2
02000,공동주택,임대사무실,2
02000,공동주택,생활폐기물분리시설,2
02000,공동주택,주차장및부대시설,2
02000,공동주택,주경비실1,2
02000,공동주택,군숙소,2
02000,공동주택,관리및경로당,2
02000,공동주택,어린이돌봄센터,2
02000,공동주택,민방위비상급수시설,2
02000,공동주택,지웰키즈스테이션,2
14000,업무시설,용,2
02000,공동주택,재활용펌프실,2
02000,공동주택,옥외계단2,2
10000,교육연구시설,야외식당,2
17000,공장,우물,2
30000,자원순환관련시설,2종근린생활시설,2
02000,공동주택,돌봄공간,2
04000,제2종근린생활시설,유흥음식점및,2
Z3000,근린생활시설,상수도관리사,2
06000,종교시설,외1건,2
18000,창고시설,강판,2
18000,창고시설,영농위탁회사,2
Z3000,근린생활시설,일반숙박시설,2
03000,제1종근린생활시설,송풍기실,2
16000,위락시설,휴게실,2
17000,공장,냉각기,2
03000,제1종근린생활시설,및근생,2
11000,노유자시설,풀장,2
03000,제1종근린생활시설,공동잠실,2
Z5000,문화및집회시설,내삼문,2
08000,운수시설,관련시설,2
27000,관광휴게시설,내삼문,2
10000,교육연구시설,출입구,2
06000,종교시설,삼선각,2
18000,창고시설,폐차장,2
20000,자동차관련시설,승강장,2
17000,공장,후생복지,2
03000,제1종근린생활시설,의류판매점,2
03000,제1종근린생활시설,비상,2
03000,제1종근린생활시설,제1종및2종,2
17000,공장,건설업,2
04000,제2종근린생활시설,옥외놀이터,2
04000,제2종근린생활시설,2근린생활시설및주택,2
04000,제2종근린생활시설,근린생활시석,2
04000,제2종근린생활시설,용원,2
06000,종교시설,및단독주택,2
17000,공장,수재전기실,2
17000,공장,분석기실1,2
02000,공동주택,유희실,2
Z6000,판매및영업시설,대중음식점,2
01000,단독주택,농산물저장,2
03000,제1종근린생활시설,농산물가공처리장,2
Z8000,교육연구및복지시설,양로원,2
19000,위험물저장및처리시설,부속건축물,2
06000,종교시설,로비,2
,,간이주점,2
07000,판매시설,판매시설및업무시설,2
01000,단독주택,및단독,2
14000,업무시설,교습소,2
19000,위험물저장및처리시설,가스저장및판매소,2
18000,창고시설,수리소,2
,,주민공동시설,2
07000,판매시설,정화조,2
14000,업무시설,톨게이트,2
19000,위험물저장및처리시설,용기저장실,2
01000,단독주택,농촌주택개량대상,2
,,삼성각,2
04000,제2종근린생활시설,종교시설및,2
17000,공장,시험연구시설,2
03000,제1종근린생활시설,지1,2
17000,공장,전신전화국,2
04000,제2종근린생활시설,극락전,2
19000,위험물저장및처리시설,대기소,2
04000,제2종근린생활시설,식품제조작업장,2
17000,공장,신뢰성,2
05000,문화및집회시설,중문,2
04000,제2종근린생활시설,문화시설및집회시설,2
20000,자동차관련시설,탁구장,2
04000,제2종근린생활시설,별동,2
04000,제2종근린생활시설,광학요소제조업,2
01000,단독주택,단독주택2가구용,2
04000,제2종근린생활시설,종중제각,2
03000,제1종근린생활시설,주민회관,2
04000,제2종근린생활시설,근란생활시설,2
04000,제2종근린생활시설,방앗간및주택,2
JY,,위험물저장및처리시설,2
18000,창고시설,제1종근린생활,2
02000,공동주택,영유아놀이방,2
18000,창고시설,61,2
01000,단독주택,어가용주택,2
02000,공동주택,304동1층,2
01000,단독주택,농촌주거환경,2
04000,제2종근린생활시설,제기고,2
18000,창고시설,양어시설,2
03000,제1종근린생활시설,제재소,2
19000,위험물저장및처리시설,2종근생,2
05000,문화및집회시설,전적기념관,2
01000,단독주택,단속주택,2
19000,위험물저장및처리시설,유독물보관저장판매시설,2
08000,운수시설,운송부대시설,2
33000,"국방,군사시설",관람시설,2
20000,자동차관련시설,주차관리사무소,2
21000,동물및식물관련시설,4동,2
04000,제2종근린생활시설,직업소개소,2
Z3000,근린생활시설,교육연구,2
20000,자동차관련시설,매매장사무실,2
09000,의료시설,한의원,2
18000,창고시설,당구장,2
04000,제2종근린생활시설,고입시학원,2
10000,교육연구시설,교사실,2
19000,위험물저장및처리시설,주유실,2
17000,공장,골재투입실,2
Z3000,근린생활시설,부속건물,2
17000,공장,28,2
02000,공동주택,가,2
17000,공장,쇄목실,2
17000,공장,끈및로우프제조업,2
21000,동물및식물관련시설,미역종묘배양장,2
03000,제1종근린생활시설,무선호출,2
01000,단독주택,어막,2
Z3000,근린생활시설,생시설,2
02000,공동주택,구내전기실,2
01000,단독주택,창고및저온저장고,2
25000,발전시설,정비실,2
02000,공동주택,127세대,2
18000,창고시설,목공실,2
01000,단독주택,관리인숙소,2
17000,공장,전자부품제조,2
01000,단독주택,계분창고,2
18000,창고시설,농기계수리점및창고,2
21000,동물및식물관련시설,내장처리장,2
08000,운수시설,숙사,2
17000,공장,자전거거치장,2
02000,공동주택,펌프실등,2
19000,위험물저장및처리시설,위험물취급판매소,2
02000,공동주택,관리복지동,2
21000,동물및식물관련시설,버섯재배사부속창고,2
02000,공동주택,pit활용,2
17000,공장,pe1팀,2
17000,공장,증기양생실,2
04000,제2종근린생활시설,실내풋살장,2
,,샤워장,2
01000,단독주택,근린생활시설및주거,2
13000,운동시설,헬스크럽,2
13000,운동시설,수련장,2
01000,단독주택,주택및물치,2
02000,공동주택,13개소,2
02000,공동주택,공동계단,2
17000,공장,4동,2
21000,동물및식물관련시설,문화및집회시설,2
03000,제1종근린생활시설,g,2
01000,단독주택,다가구주택14,2
18000,창고시설,농수산물저장고,2
21000,동물및식물관련시설,밍크사,2
10000,교육연구시설,기계실1,2
09000,의료시설,오피스텔,2
18000,창고시설,저온창고및농업용창고,2
04000,제2종근린생활시설,종업원대기실,2
03000,제1종근린생활시설,쓰레기,2
18000,창고시설,어업생산시설,2
21000,동물및식물관련시설,유가공실,2
17000,공장,금,2
05000,문화및집회시설,폐백실,2
02000,공동주택,보행자,2
14000,업무시설,오피스텔8호,2
05000,문화및집회시설,기념탑,2
20000,자동차관련시설,중고자동차,2
01000,단독주택,주유소사무실,2
Z8000,교육연구및복지시설,비상급수시설,2
13000,운동시설,덕아웃,2
17000,공장,사무복지,2
22000,분뇨.쓰레기처리시설,농축시설,2
14000,업무시설,동청사,2
01000,단독주택,주택및동,2
27000,관광휴게시설,간이매장,2
Z5000,문화및집회시설,문회및집회시설,2
13000,운동시설,야외화장실,2
18000,창고시설,미곡건조장,2
17000,공장,석재품가공업,2
13000,운동시설,테니스장관리사,2
13000,운동시설,관리소,2
02000,공동주택,저류조관리실,2
04000,제2종근린생활시설,2종근린생활설,2
02000,공동주택,생시설및다세대주택,2
13000,운동시설,테니스장관리실,2
13000,운동시설,보조시설,2
04000,제2종근린생활시설,위생용종이제품제조업,2
04000,제2종근린생활시설,근린생활시설단독주택,2
04000,제2종근린생활시설,근린생활시설및사무소,2
04000,제2종근린생활시설,제2종근생외,2
06000,종교시설,교구창고,2
01000,단독주택,화장실및축사,2
04000,제2종근린생활시설,종교시설외2,2
04000,제2종근린생활시설,제2종근린생활시설점,2
04000,제2종근린생활시설,선탄장,2
04000,제2종근린생활시설,녹지관리초소,2
04000,제2종근린생활시설,근린시설및단독주택,2
04000,제2종근린생활시설,정씨제실,2
04000,제2종근린생활시설,일반업무시설및근린생활시설,2
04000,제2종근린생활시설,관리용,2
06000,종교시설,죵교시설,2
04000,제2종근린생활시설,야생동물계류관리시설,2
04000,제2종근린생활시설,지서사무실,2
04000,제2종근린생활시설,일제2종근린생활시설,2
04000,제2종근린생활시설,원료보관창고,2
04000,제2종근린생활시설,주택및점포사무실,2
04000,제2종근린생활시설,화훼단지관리사,2
06000,종교시설,근린생활시설및종교시설,2
22000,분뇨.쓰레기처리시설,건설폐기물재활용시설,2
04000,제2종근린생활시설,단순가공처리장,2
22000,분뇨.쓰레기처리시설,계분건조장,2
04000,제2종근린생활시설,축산물가공,2
21000,동물및식물관련시설,양계사및부대시설,2
04000,제2종근린생활시설,일반목제가구제조업,2
20000,자동차관련시설,자동차매매센타,2
22000,분뇨.쓰레기처리시설,축산폐기물재활용시설,2
22000,분뇨.쓰레기처리시설,분뇨및쓰레기처리서설,2
22000,분뇨.쓰레기처리시설,폐기물보관장,2
28000,가설건축물,견본주택,2
17000,공장,파일제조,2
22000,분뇨.쓰레기처리시설,농축슬러지펌프동,2
03000,제1종근린생활시설,y,2
01000,단독주택,옥외휴게실,2
22000,분뇨.쓰레기처리시설,간이정화조,2
01000,단독주택,96주거환경대상자,2
09000,의료시설,주차정산소,2
01000,단독주택,농어촌주택개량사업대상,2
17000,공장,공업용창고,2
17000,공장,해태배양장,2
17000,공장,버섯배지생산공장,2
05000,문화및집회시설,1용도,2
17000,공장,저빙고,2
02000,공동주택,생및공동주택,2
03000,제1종근린생활시설,일용용품소매점,2
17000,공장,실섭공장,2
17000,공장,트레이닝센타,2
17000,공장,작업장및주택,2
05000,문화및집회시설,사고정문,2
17000,공장,제품공장,2
17000,공장,조선공장,2
17000,공장,복지후생시설,2
21000,동물및식물관련시설,발효창고,2
17000,공장,2소결공장,2
27000,관광휴게시설,임시매장,2
13000,운동시설,공구창고,2
17000,공장,도포,2
16000,위락시설,위락시설및점포,2
02000,공동주택,주차장a,2
19000,위험물저장및처리시설,화약저장고,2
17000,공장,빵제조,2
17000,공장,moving,2
19000,위험물저장및처리시설,정압기실,2
,,광원주택,2
19000,위험물저장및처리시설,양배수,2
19000,위험물저장및처리시설,직원대기실,2
19000,위험물저장및처리시설,위험물저장판매소,2
03000,제1종근린생활시설,시범공중화장실,2
11000,노유자시설,여경로당,2
18000,창고시설,예냉고,2
03000,제1종근린생활시설,전화자동기보존실,2
03000,제1종근린생활시설,전신전화기계설비실,2
,,우,2
11000,노유자시설,교육및복지연구시설,2
17000,공장,중합,2
21000,동물및식물관련시설,귀뚜라미사육사,2
03000,제1종근린생활시설,관측사무실,2
26000,묘지관련시설,공설화장장,2
10000,교육연구시설,진부지구,2
17000,공장,주차시설,2
17000,공장,stone,2
17000,공장,코크스저장고,2
17000,공장,밧챠프렌트,2
01000,단독주택,교회주택,2
02000,공동주택,맘스스테이,2
17000,공장,냉매공급실,2
17000,공장,농산물1차,2
Z3000,근린생활시설,세면장,2
17000,공장,농산물선별장,2
01000,단독주택,용기보관실,2
21000,동물및식물관련시설,노유자시설,2
17000,공장,건조동,2
02000,공동주택,농가창고,2
01000,단독주택,지층창고,2
17000,공장,금형제조공장,2
26000,묘지관련시설,제1,2
20000,자동차관련시설,정비공장사무실,2
17000,공장,포장용,2
17000,공장,배양실,2
04000,제2종근린생활시설,의약품판매시설,2
22000,분뇨.쓰레기처리시설,총인처리동,2
04000,제2종근린생활시설,오수처리시설,2
20000,자동차관련시설,세차장작업실,2
04000,제2종근린생활시설,다가구주택1가구,2
22000,분뇨.쓰레기처리시설,축산폐수처리장,2
02000,공동주택,청소년공부방,2
09000,의료시설,진료실,2
21000,동물및식물관련시설,다용도실,2
21000,동물및식물관련시설,개량곳간,2
01000,단독주택,장교숙소,2
01000,단독주택,가스저장실,2
15000,숙박시설,근린생활및여관,2
14000,업무시설,농협청사,2
17000,공장,재생실,2
04000,제2종근린생활시설,부속작업실,2
06000,종교시설,종교집회장교회,2
Z6000,판매및영업시설,문화및집회시설,2
10000,교육연구시설,염소실,2
21000,동물및식물관련시설,조립식판넬,2
Z3000,근린생활시설,청사,2
02000,공동주택,건강가정다문화가족지원센터,2
02000,공동주택,스카이큐브,2
30000,자원순환관련시설,펌프장,2
21000,동물및식물관련시설,농업,2
03000,제1종근린생활시설,전통문화체험장,2
03000,제1종근린생활시설,쓰레기분리수거장,2
03000,제1종근린생활시설,보일러실및화장실,2
03000,제1종근린생활시설,정자및창고,2
10000,교육연구시설,사회교육시설,2
10000,교육연구시설,미술관,2
03000,제1종근린생활시설,장비실,2
27000,관광휴게시설,케노피,2
03000,제1종근린생활시설,점포및회관,2
03000,제1종근린생활시설,마을찜질방,2
23000,교정및군사시설,의료시설,2
11000,노유자시설,구립어린이집,2
03000,제1종근린생활시설,저수지관리사,2
04000,제2종근린생활시설,3종,2
03000,제1종근린생활시설,노모당,2
11000,노유자시설,관광휴게시설,2
03000,제1종근린생활시설,간이공중화장실,2
06000,종교시설,적선당,2
03000,제1종근린생활시설,주택및근린생활시설및노유자시설,2
07000,판매시설,5,2
,,다용도실,2
04000,제2종근린생활시설,농업협동조합,2
17000,공장,소방펌프,2
17000,공장,도살장,2
17000,공장,금형제조,2
11000,노유자시설,방풍실,2
05000,문화및집회시설,문화및집회시설및,2
20000,자동차관련시설,정비차고,2
17000,공장,pb,2
20000,자동차관련시설,도장부스,2
10000,교육연구시설,세척실,2
05000,문화및집회시설,일주문,2
05000,문화및집회시설,행정비각,2
01000,단독주택,6구,2
05000,문화및집회시설,구내식당,2
03000,제1종근린생활시설,외3용도,2
14000,업무시설,의류판매업,2
17000,공장,철물제조업,2
03000,제1종근린생활시설,교류센터,2
17000,공장,사원숙소,2
01000,단독주택,전망대,2
03000,제1종근린생활시설,복지,2
27000,관광휴게시설,수라간,2
05000,문화및집회시설,음식점,2
02000,공동주택,소연회장,2
05000,문화및집회시설,안내,2
13000,운동시설,창고1,2
10000,교육연구시설,재료공학관,2
03000,제1종근린생활시설,서예실,2
18000,창고시설,양성화,2
17000,공장,원토장,2
17000,공장,관람집회시설,2
07000,판매시설,약국,2
Z3000,근린생활시설,2근린생활시설,2
17000,공장,주택부속창고,2
03000,제1종근린생활시설,백화점,2
,,일반공장및,2
19000,위험물저장및처리시설,위험물저장및처리설,2
02000,공동주택,109,2
04000,제2종근린생활시설,목욕탕및여관,2
17000,공장,2506,2
04000,제2종근린생활시설,가내공업센타,2
02000,공동주택,172대,2
02000,공동주택,브릿지,2
24000,방송통신시설,무인무선중계소,2
19000,위험물저장및처리시설,소화펌프실,2
05000,문화및집회시설,교육체험장,2
17000,공장,유독물저장창고,2
15000,숙박시설,사회복지시설,2
20000,자동차관련시설,하역장,2
10000,교육연구시설,곤충사육장,2
18000,창고시설,건어물점포,2
05000,문화및집회시설,공작사,2
05000,문화및집회시설,미술품제작장,2
01000,단독주택,제1종근린생횔시설,2
19000,위험물저장및처리시설,세차,2
10000,교육연구시설,무용실,2
13000,운동시설,족구,2
02000,공동주택,도시형원룸형,2
03000,제1종근린생활시설,교통초소,2
01000,단독주택,유류판매,2
18000,창고시설,공회당,2
03000,제1종근린생활시설,일요품소매점,2
10000,교육연구시설,이동식,2
11000,노유자시설,장애인주간보호시설,2
12000,수련시설,계단실,2
14000,업무시설,44호,2
04000,제2종근린생활시설,블럭제작소,2
06000,종교시설,계단실,2
02000,공동주택,주출입구문주,2
06000,종교시설,관리사무실,2
02000,공동주택,도시형생활주,2
19000,위험물저장및처리시설,boiler,2
21000,동물및식물관련시설,소독조및창고,2
21000,동물및식물관련시설,사일로,2
30000,자원순환관련시설,tms측정소,2
30000,자원순환관련시설,재활용업,2
02000,공동주택,카쉐어링,2
17000,공장,부화장,2
03000,제1종근린생활시설,임산물직매장,2
14000,업무시설,36호,2
03000,제1종근린생활시설,통신소,2
01000,단독주택,가제보,2
15000,숙박시설,도시형생활주택,2
,,복지시설,2
17000,공장,25동,2
11000,노유자시설,자료실,2
11000,노유자시설,소방펌프실,2
03000,제1종근린생활시설,제1종근린샌활시설,2
03000,제1종근린생활시설,농업관련시설,2
03000,제1종근린생활시설,우상각,2
17000,공장,정미고,2
03000,제1종근린생활시설,송수가압장,2
17000,공장,중앙,2
04000,제2종근린생활시설,육가공,2
06000,종교시설,사제실,2
17000,공장,맛김공장,2
04000,제2종근린생활시설,경리학원,2
10000,교육연구시설,통학로,2
21000,동물및식물관련시설,양계사및퇴비사,2
04000,제2종근린생활시설,양어장관리사,2
04000,제2종근린생활시설,점포및제2종근린생활시설,2
04000,제2종근린생활시설,게이트볼구장,2
06000,종교시설,후원채,2
04000,제2종근린생활시설,제2종근린생활및창고시설,2
06000,종교시설,안내소,2
04000,제2종근린생활시설,파크골프장,2
06000,종교시설,심검당,2
04000,제2종근린생활시설,회당,2
04000,제2종근린생활시설,부속대문,2
04000,제2종근린생활시설,토속주점,2
04000,제2종근린생활시설,하숙,2
06000,종교시설,주차관리실,2
06000,종교시설,예배소,2
04000,제2종근린생활시설,멸치건조장,2
05000,문화및집회시설,전시동b형,2
17000,공장,의류편조업,2
04000,제2종근린생활시설,주유소및근린생활시설,2
04000,제2종근린생활시설,제2종근린생활시설제,2
04000,제2종근린생활시설,정사,2
04000,제2종근린생활시설,제2정근린생활시설,2
04000,제2종근린생활시설,오수중계펌프실,2
04000,제2종근린생활시설,농기계부품창고,2
04000,제2종근린생활시설,상호정,2
15000,숙박시설,야외바베큐장,2
11000,노유자시설,주차장캐노피,2
03000,제1종근린생활시설,점포및화장실,2
02000,공동주택,서측,2
03000,제1종근린생활시설,수도장,2
17000,공장,보일러ep,2
03000,제1종근린생활시설,근린시설주택,2
03000,제1종근린생활시설,근린생활시설및전시시설,2
18000,창고시설,소각창고,2
03000,제1종근린생활시설,다문화지원센터,2
01000,단독주택,여주자영농업고등학교,2
03000,제1종근린생활시설,어선통제소,2
03000,제1종근린생활시설,단독주택및제2종근린생활시설,2
11000,노유자시설,새마을복지회관,2
03000,제1종근린생활시설,점포및변소,2
03000,제1종근린생활시설,영업용및위락시설,2
03000,제1종근린생활시설,배수폄프장,2
01000,단독주택,다가구17세대,2
03000,제1종근린생활시설,1종근린생활및주택,2
03000,제1종근린생활시설,간이점포,2
03000,제1종근린생활시설,민방위급수시설,2
03000,제1종근린생활시설,펌푸장,2
03000,제1종근린생활시설,잡용,2
06000,종교시설,교회동,2
22000,분뇨.쓰레기처리시설,정비동,2
18000,창고시설,냉동저온저장,2
02000,공동주택,야외데크,2
22000,분뇨.쓰레기처리시설,송풍실,2
20000,자동차관련시설,주차장관리사무실,2
22000,분뇨.쓰레기처리시설,폐기물수집장,2
02000,공동주택,주차장및계단실,2
11000,노유자시설,법인,2
19000,위험물저장및처리시설,위험물2종판매취급소,2
07000,판매시설,수산물집하장,2
19000,위험물저장및처리시설,위험물취급소및사무실,2
19000,위험물저장및처리시설,위험물저장및처리시설위,2
10000,교육연구시설,무빙워크1,2
10000,교육연구시설,연구사무실,2
10000,교육연구시설,폐기물저장소,2
10000,교육연구시설,관람석1,2
03000,제1종근린생활시설,쌍림농공단지공동이용시설,2
04000,제2종근린생활시설,지역특산물,2
10000,교육연구시설,야구부창고,2
10000,교육연구시설,민방위급수장,2
09000,의료시설,관리사,2
10000,교육연구시설,재활용품분리수거장,2
10000,교육연구시설,펜싱훈련장,2
04000,제2종근린생활시설,창호샷시,2
13000,운동시설,공공이용화장실,2
03000,제1종근린생활시설,마을간이휴게소,2
06000,종교시설,운흥사,2
08000,운수시설,공항주차장,2
17000,공장,주여과기동,2
17000,공장,공장및제1,2
18000,창고시설,이산화탄소실,2
27000,관광휴게시설,관공휴게시설,2
27000,관광휴게시설,자연휴양림편의시설,2
17000,공장,주경비실,2
10000,교육연구시설,내정,2
03000,제1종근린생활시설,pcs기계실,2
27000,관광휴게시설,쓰레기집하기계실,2
01000,단독주택,노인요양시설,2
01000,단독주택,부속작업장,2
18000,창고시설,과실저온저장창고,2
21000,동물및식물관련시설,중소경매장,2
01000,단독주택,근린생활시설및주택15가구,2
18000,창고시설,헛간및변소,2
21000,동물및식물관련시설,축사동,2
21000,동물및식물관련시설,유기물관리사,2
18000,창고시설,제1종근린생활시설및창고,2
18000,창고시설,출하대,2
01000,단독주택,부속1,2
26000,묘지관련시설,묘지에,2
18000,창고시설,소매점및창고,2
01000,단독주택,농어촌개량주택,2
02000,공동주택,도시형생활생활주택,2
01000,단독주택,농업용창고및농가주택,2
21000,동물및식물관련시설,농가용톱밥우사및퇴비사,2
01000,단독주택,다세대주택및부속,2
18000,창고시설,축산용계란냉동창고,2
01000,단독주택,근린생활시설및주택2가구,2
01000,단독주택,농가주택및농산물보관창고,2
01000,단독주택,물놀이장,2
18000,창고시설,창고겸퇴비사,2
18000,창고시설,감자창고,2
21000,동물및식물관련시설,축분발효장,2
21000,동물및식물관련시설,미생물배양장,2
18000,창고시설,어촌계창고,2
21000,동물및식물관련시설,동물관련시설및식물관련시설,2
01000,단독주택,문중회관,2
21000,동물및식물관련시설,육상어류배양장,2
01000,단독주택,단독주택및헛간,2
21000,동물및식물관련시설,철파이프,2
21000,동물및식물관련시설,농업용유리온실,2
18000,창고시설,농기계보관창고시설,2
01000,단독주택,곳집,2
01000,단독주택,미지정,2
01000,단독주택,주택및자동차관련시설,2
01000,단독주택,제1종ㆍ제2종근린생활시설,2
18000,창고시설,사료혼합시설,2
05000,문화및집회시설,관람시설및전시시설,2
17000,공장,직포공장,2
01000,단독주택,점포및주택및제1,2
17000,공장,조립구조재,2
17000,공장,저수조기계실,2
17000,공장,콜드빈하우스,2
17000,공장,원료보관창고,2
17000,공장,주싸이로,2
02000,공동주택,및주차장,2
25000,발전시설,보일러동,2
13000,운동시설,골프코스,2
02000,공동주택,108대,2
17000,공장,게,2
17000,공장,수처리공장,2
04000,제2종근린생활시설,제1종근린생활시설및,2
21000,동물및식물관련시설,원형마장,2
09000,의료시설,저수조,2
10000,교육연구시설,2호동,2
04000,제2종근린생활시설,주방및식탁용목제품제조업,2
06000,종교시설,원장실,2
17000,공장,탈수기,2
08000,운수시설,제1종근생,2
01000,단독주택,2종근린,2
23000,교정및군사시설,기계,2
14000,업무시설,위판장,2
01000,단독주택,종대,2
Z3000,근린생활시설,위험물저장,2
27000,관광휴게시설,청소년,2
01000,단독주택,농기계실,2
16000,위락시설,제1종근,2
Z6000,판매및영업시설,단독주택,2
03000,제1종근린생활시설,마을사무소,2
01000,단독주택,주택및1,2
11000,노유자시설,골프연습장,2
16000,위락시설,사설강습소,2
03000,제1종근린생활시설,농산물저온저장고,2
Z9000,공공용시설,발전실,2
01000,단독주택,창고및물탱크실,2
17000,공장,분체공장,2
04000,제2종근린생활시설,일반업무,2
Z5000,문화및집회시설,명륜당,2
19000,위험물저장및처리시설,엘피지저장소,2
03000,제1종근린생활시설,법당,2
29000,장례시설,1종,2
17000,공장,벌크상차장,2
04000,제2종근린생활시설,구매장,2
04000,제2종근린생활시설,외국어,2
18000,창고시설,경리과창고,2
18000,창고시설,화훼저온저장창고,2
21000,동물및식물관련시설,목장직원숙사,2
14000,업무시설,부속사,2
02000,공동주택,빗물저수조관리실,2
08000,운수시설,터미날,2
02000,공동주택,기원,2
10000,교육연구시설,폐기물보관소,2
07000,판매시설,복지시설,2
14000,업무시설,63호,2
Z8000,교육연구및복지시설,구내식당,2
01000,단독주택,소개소,2
01000,단독주택,2종근린생활시설단독주택,2
Z6000,판매및영업시설,기계실,2
07000,판매시설,대형마트,2
23000,교정및군사시설,다목적실,2
10000,교육연구시설,교양실,2
11000,노유자시설,노유자관련시설,2
04000,제2종근린생활시설,옥외계단,2
21000,동물및식물관련시설,분뇨저장조,2
17000,공장,수산물산지가공공장,2
17000,공장,분류되지않는,2
17000,공장,원염수,2
05000,문화및집회시설,7,2
04000,제2종근린생활시설,자동차관련시설및,2
05000,문화및집회시설,전시체험관,2
,,탈의실,2
17000,공장,산채가공공장,2
10000,교육연구시설,의약품판매소,2
17000,공장,공무작업장,2
17000,공장,수전변전실,2
04000,제2종근린생활시설,휴게,2
04000,제2종근린생활시설,인문계학원,2
02000,공동주택,일자리지원센터,2
19000,위험물저장및처리시설,주요소,2
17000,공장,연직동,2
17000,공장,변전실동,2
17000,공장,제습건조동,2
02000,공동주택,독서,2
15000,숙박시설,식당및여관,2
01000,단독주택,1종근린생할시설,2
02000,공동주택,176세대,2
17000,공장,판제조업,2
17000,공장,냉동냉장공장,2
08000,운수시설,임항창고,2
17000,공장,상옥,2
18000,창고시설,보관및관리관련시설,2
17000,공장,3전기실,2
02000,공동주택,132세대,2
24000,방송통신시설,중계탑,2
01000,단독주택,대중목욕탕,2
21000,동물및식물관련시설,수산물가공공장,2
03000,제1종근린생활시설,산부인과의원,2
21000,동물및식물관련시설,발효건조시설,2
02000,공동주택,장난감은행,2
17000,공장,직물,2
21000,동물및식물관련시설,지역특산물가공작업장,2
04000,제2종근린생활시설,곡물제조업,2
10000,교육연구시설,홀,2
17000,공장,수리실,2
17000,공장,철선제품제조,2
17000,공장,벼건조장,2
01000,단독주택,94정주권,2
17000,공장,철문및관련제품,2
23000,교정및군사시설,보급대,2
15000,숙박시설,세탁소,2
02000,공동주택,32,2
08000,운수시설,항만근로자,2
08000,운수시설,유류창고,2
21000,동물및식물관련시설,종균재배사,2
01000,단독주택,우사및주택,2
10000,교육연구시설,주거,2
02000,공동주택,외부계단3,2
02000,공동주택,실버클럽,2
10000,교육연구시설,스텐드,2
04000,제2종근린생활시설,국수제조,2
10000,교육연구시설,교육원및연구소,2
18000,창고시설,지원시설,2
09000,의료시설,변소,2
17000,공장,소독동,2
16000,위락시설,유흥업소,2
17000,공장,변압실,2
04000,제2종근린생활시설,산업시설,2
17000,공장,변,2
02000,공동주택,주택및제2종근린생활시설,2
01000,단독주택,79농촌주택개량,2
03000,제1종근린생활시설,자동전화기기,2
09000,의료시설,관람집회시설,2
03000,제1종근린생활시설,및제1종근린생활시설,2
03000,제1종근린생활시설,제2종근린생활시설일반음식점,2
17000,공장,cip실,2
30000,자원순환관련시설,공해공장,2
02000,공동주택,연립주택형,2
10000,교육연구시설,아동복지시설,2
02000,공동주택,공용elev,2
05000,문화및집회시설,경기장,2
17000,공장,1층,2
01000,단독주택,일반주택및근린생활시설,2
05000,문화및집회시설,판매동,2
02000,공동주택,아파트9세대,2
04000,제2종근린생활시설,약초가공공장,2
04000,제2종근린생활시설,제2종근린생활서실,2
04000,제2종근린생활시설,가구점,2
04000,제2종근린생활시설,위험물저장및처리,2
17000,공장,성형설비,2
07000,판매시설,엘리베이터,2
05000,문화및집회시설,전시시설외,2
27000,관광휴게시설,세척실,2
27000,관광휴게시설,온수기실,2
13000,운동시설,방,2
14000,업무시설,제2종근생및업무시설,2
33000,"국방,군사시설",진입소탕건물,2
14000,업무시설,업무시설및제1종근린생활시설,2
22000,분뇨.쓰레기처리시설,탈수동,2
01000,단독주택,분양은,2
17000,공장,원단편조,2
14000,업무시설,경비실2,2
07000,판매시설,판매전시,2
14000,업무시설,미화원대기실,2
17000,공장,수축열조,2
08000,운수시설,폐수처리조,2
Z3000,근린생활시설,방아간,2
11000,노유자시설,유료양로복지시설,2
Z3000,근린생활시설,취사식당,2
17000,공장,퇴비생산,2
Z8000,교육연구및복지시설,사택동,2
07000,판매시설,데크주차장,2
17000,공장,3코크스,2
02000,공동주택,관리사무동,2
04000,제2종근린생활시설,검수원처소,2
02000,공동주택,공동주택다세대,2
02000,공동주택,여성친화공간4,2
17000,공장,송,2
17000,공장,목재문및관련제품제조업,2
17000,공장,toc쉘터,2
02000,공동주택,대기소,2
02000,공동주택,장애인승강기,2
02000,공동주택,공동주택및제2종근생,2
02000,공동주택,아파트관리사무실,2
02000,공동주택,여성친화공간7,2
02000,공동주택,가스관리실,2
02000,공동주택,주택점포,2
02000,공동주택,태양열장비실,2
02000,공동주택,오락교실,2
02000,공동주택,통합경비초소,2
02000,공동주택,업무시설및근린생활시설,2
03000,제1종근린생활시설,간이vtr중계소,2
17000,공장,원재료,2
01000,단독주택,다가구주택제1종근린,2
14000,업무시설,은행지점,2
26000,묘지관련시설,야외화장실,2
03000,제1종근린생활시설,대중음식,2
04000,제2종근린생활시설,버섯가공처리시설,2
04000,제2종근린생활시설,미니축구장,2
Z6000,판매및영업시설,관제탑,2
17000,공장,주변기기,2
05000,문화및집회시설,수표소,2
02000,공동주택,gas,2
27000,관광휴게시설,커뮤니티센터,2
22000,분뇨.쓰레기처리시설,사무동,2
02000,공동주택,문고및독서실,2
03000,제1종근린생활시설,자동차정비,2
10000,교육연구시설,보이라실,2
17000,공장,양송이재배사,2
03000,제1종근린생활시설,공중욕탕,2
17000,공장,con,2
21000,동물및식물관련시설,동물사육장본관,2
02000,공동주택,발전기실2,2
02000,공동주택,테라스,2
02000,공동주택,가든카페,2
02000,공동주택,건강검진센터,2
02000,공동주택,상가주차장,2
10000,교육연구시설,예체능계학원,2
02000,공동주택,지하주차장및부대복리시설,2
17000,공장,탈의실등,2
03000,제1종근린생활시설,업무시설및,2
21000,동물및식물관련시설,처리장,2
10000,교육연구시설,t,2
01000,단독주택,위험물저장조,2
17000,공장,중앙제어실,2
11000,노유자시설,주,2
02000,공동주택,입주민집회소,2
15000,숙박시설,공공업무시설,2
21000,동물및식물관련시설,48,2
01000,단독주택,임,2
02000,공동주택,81세대,2
17000,공장,집진회수처리,2
17000,공장,연마실,2
17000,공장,bpa하역장,2
04000,제2종근린생활시설,이층,2
04000,제2종근린생활시설,농공단지관리사무소,2
07000,판매시설,기숙사,2
04000,제2종근린생활시설,이미용실,2
01000,단독주택,12주택,2
19000,위험물저장및처리시설,가스보관실,2
02000,공동주택,지하주차장및기계,2
10000,교육연구시설,사설학원,2
03000,제1종근린생활시설,목조,2
21000,동물및식물관련시설,오리사육시설,2
11000,노유자시설,원,2
17000,공장,목기공장,2
02000,공동주택,독서실2,2
02000,공동주택,방과후돌봄실,2
14000,업무시설,중대본부,2
17000,공장,식당기숙사,2
01000,단독주택,다구구,2
17000,공장,정비,2
19000,위험물저장및처리시설,주유소및세차장,2
17000,공장,벌크하차장,2
03000,제1종근린생활시설,자재보관창고,2
17000,공장,피피살수펌프실,2
21000,동물및식물관련시설,채취실,2
17000,공장,윤활유창고,2
17000,공장,탈의샤워실,2
17000,공장,염장탱크,2
17000,공장,폐수집수조,2
17000,공장,원액실,2
17000,공장,드럼저장소,2
21000,동물및식물관련시설,미역배양실,2
21000,동물및식물관련시설,가공소,2
06000,종교시설,2가구,2
18000,창고시설,유류판매취급소,2
04000,제2종근린생활시설,보일러실및창고,2
04000,제2종근린생활시설,제1종2종근린생활시설,2
Z3000,근린생활시설,부동산중개사무소,2
17000,공장,기성복,2
17000,공장,수산물냉동창고,2
23000,교정및군사시설,공공업무시설,2
04000,제2종근린생활시설,보관소,2
20000,자동차관련시설,온실,2
02000,공동주택,도시형생활주책,2
02000,공동주택,115,2
10000,교육연구시설,행복학습관,2
21000,동물및식물관련시설,농산물유통관련시설,2
04000,제2종근린생활시설,보육원,2
17000,공장,적하대,2
03000,제1종근린생활시설,농산물저장고,2
21000,동물및식물관련시설,식물관련시설및,2
21000,동물및식물관련시설,톱밥발효우사및퇴적장,2
21000,동물및식물관련시설,달팽이,2
02000,공동주택,42,2
17000,공장,한의원,2
11000,노유자시설,농가주택,2
04000,제2종근린생활시설,연립,2
04000,제2종근린생활시설,미술작업실,2
17000,공장,선탄장,2
02000,공동주택,환기실,2
31000,야영장시설,개수실,2
03000,제1종근린생활시설,일주문,2
18000,창고시설,관리실및창고,2
01000,단독주택,번소,2
03000,제1종근린생활시설,의용소방회관,2
01000,단독주택,종중관리사,2
21000,동물및식물관련시설,산란실,2
03000,제1종근린생활시설,공구실,2
18000,창고시설,창고및부속,2
03000,제1종근린생활시설,단독주택및점포,2
21000,동물및식물관련시설,퇴비건조사,2
19000,위험물저장및처리시설,증발가스압축기실,2
21000,동물및식물관련시설,애누에잠실,2
21000,동물및식물관련시설,축산업용시설,2
18000,창고시설,액화가스취급소,2
18000,창고시설,몸채,2
18000,창고시설,새마을회,2
Z5000,문화및집회시설,욕실,2
19000,위험물저장및처리시설,윤활유,2
04000,제2종근린생활시설,농가용,2
,,목공소,2
,,영업용,2
,,조정실,2
20000,자동차관련시설,제1종제2종근린생활시설,2
Z8000,교육연구및복지시설,본관,2
03000,제1종근린생활시설,압축실,2
04000,제2종근린생활시설,판지상자제조업,2
27000,관광휴게시설,옥외데크,2
02000,공동주택,자치회의실,2
25000,발전시설,모니터링실,2
18000,창고시설,곡물저장소,2
04000,제2종근린생활시설,골판지상자제조업,2
22000,분뇨.쓰레기처리시설,전시장,2
03000,제1종근린생활시설,농수산물직판장,2
10000,교육연구시설,농기계보관창고,2
13000,운동시설,교육및연구시설,2
21000,동물및식물관련시설,탈의실,2
18000,창고시설,농작물,2
01000,단독주택,시설강습소,2
17000,공장,도크,2
01000,단독주택,공작실,2
01000,단독주택,제1종근린생시설,2
18000,창고시설,부락공동,2
03000,제1종근린생활시설,양과점,2
01000,단독주택,생시설및단독,2
05000,문화및집회시설,2종근린생활,2
18000,창고시설,유흥주점,2
10000,교육연구시설,집회장,2
17000,공장,약제실,2
01000,단독주택,주택및일용잡화점,2
25000,발전시설,리사이클동,2
21000,동물및식물관련시설,육모장,2
17000,공장,경량철골조,2
02000,공동주택,건식사우나,2
Z5000,문화및집회시설,교실,2
20000,자동차관련시설,폐수처리실,2
13000,운동시설,헬스,2
13000,운동시설,휴게쉼터,2
13000,운동시설,스포츠센타,2
04000,제2종근린생활시설,노유자시설및근린생활시설,2
13000,운동시설,창고2,2
17000,공장,line,2
04000,제2종근린생활시설,지역아동센타,2
02000,공동주택,34세대,2
04000,제2종근린생활시설,성전,2
04000,제2종근린생활시설,전신전화국,2
01000,단독주택,접빈관,2
03000,제1종근린생활시설,농수산물유통시설,2
13000,운동시설,지원시설,2
19000,위험물저장및처리시설,regeneration,2
17000,공장,하차실,2
21000,동물및식물관련시설,계분,2
01000,단독주택,64,2
07000,판매시설,역사,2
03000,제1종근린생활시설,제1종근린활시설,2
05000,문화및집회시설,가마사,2
Z3000,근린생활시설,미용학원,2
21000,동물및식물관련시설,축사부대시설,2
01000,단독주택,어업용,2
17000,공장,집전기수처리장,2
03000,제1종근린생활시설,업무시설및교육연구시설,2
,,돈,2
04000,제2종근린생활시설,스튜디오,2
15000,숙박시설,b동,2
22000,분뇨.쓰레기처리시설,공익시설,2
03000,제1종근린생활시설,양생실,2
17000,공장,적사장,2
10000,교육연구시설,도시형공장,2
03000,제1종근린생활시설,태권도도장,2
02000,공동주택,중앙관제실,2
06000,종교시설,서원관리사,2
08000,운수시설,공공청사,2
07000,판매시설,탈의실,2
21000,동물및식물관련시설,톱바우사,2
02000,공동주택,건강검진실,2
12000,수련시설,문화및집회시설,2
02000,공동주택,맘스베이,2
04000,제2종근린생활시설,서양식,2
11000,노유자시설,4가구,2
20000,자동차관련시설,자동차매매업,2
17000,공장,김치제조공장,2
01000,단독주택,95불량주택,2
04000,제2종근린생활시설,양곡,2
05000,문화및집회시설,공청,2
04000,제2종근린생활시설,산막,2
10000,교육연구시설,8가구,2
18000,창고시설,축산업창고,2
04000,제2종근린생활시설,한과,2
02000,공동주택,중앙감시반,2
Z3000,근린생활시설,연립,2
02000,공동주택,재활용처리장,2
02000,공동주택,저수펌프실,2
02000,공동주택,오수처리시설점검층,2
17000,공장,컴퓨터실,2
17000,공장,황산,2
19000,위험물저장및처리시설,긴급차단,2
02000,공동주택,저수조기계실,2
01000,단독주택,침구제조업,2
17000,공장,cell,2
03000,제1종근린생활시설,박물관,2
02000,공동주택,재능나눔공간,2
10000,교육연구시설,공동사택,2
01000,단독주택,화약고,2
18000,창고시설,산지,2
31000,야영장시설,개수장,2
10000,교육연구시설,연면적제외,2
02000,공동주택,제습실,2
01000,단독주택,제2종근링생활시설,2
14000,업무시설,도서실,2
18000,창고시설,폐품창고,2
02000,공동주택,공장시설,2
17000,공장,트레일러,2
02000,공동주택,빨래방,2
01000,단독주택,가스판매취급소,2
02000,공동주택,지하공용,2
02000,공동주택,정보문화공간,2
,,교육연구,2
26000,묘지관련시설,공중변소,2
03000,제1종근린생활시설,의류점,2
18000,창고시설,피,2
19000,위험물저장및처리시설,다용도실,2
17000,공장,16,2
02000,공동주택,전기창고,2
23000,교정및군사시설,관광휴게시설,2
02000,공동주택,실내다목적운동시설,2
04000,제2종근린생활시설,16세대,2
17000,공장,ta분석실,2
23000,교정및군사시설,창고건,2
17000,공장,pc공장,2
02000,공동주택,쉐어키친,2
22000,분뇨.쓰레기처리시설,분뇨및음식물쓰레기,2
02000,공동주택,승무원숙사,2
02000,공동주택,해주하이츠아파트,2
02000,공동주택,재활용선별보관창고,2
17000,공장,강화프라스틱성형제품제조업,2
30000,자원순환관련시설,측정소,2
17000,공장,고철처리장,2
12000,수련시설,물품관리실,2
02000,공동주택,직원관사아파트,2
02000,공동주택,자전거보관함,2
02000,공동주택,외부홀,2
17000,공장,전기용품제조,2
13000,운동시설,방가로20평,2
02000,공동주택,미세스라운지,2
02000,공동주택,용원휴게실,2
09000,의료시설,산부인과,2
02000,공동주택,지역공동체지원센터,2
01000,단독주택,욕식,2
21000,동물및식물관련시설,가공처리장,2
23000,교정및군사시설,자재창고,2
08000,운수시설,종사원숙소,2
23000,교정및군사시설,장비고,2
18000,창고시설,에너지저장시설창고,2
04000,제2종근린생활시설,수산물제조,2
10000,교육연구시설,포도시험연구소,2
17000,공장,화학섬유,2
10000,교육연구시설,강당및체육관,2
12000,수련시설,교사,2
06000,종교시설,종교집회장및주택,2
30000,자원순환관련시설,휴게소,2
10000,교육연구시설,관람석2,2
01000,단독주택,일반주택및,2
08000,운수시설,망루,2
17000,공장,신호수,2
10000,교육연구시설,동물병원,2
03000,제1종근린생활시설,휴게매점,2
21000,동물및식물관련시설,동식물시설,2
19000,위험물저장및처리시설,2고로,2
10000,교육연구시설,검도관,2
17000,공장,제품결정화동,2
02000,공동주택,비지니스센타,2
04000,제2종근린생활시설,실외체육시설부대시설,2
13000,운동시설,선수대기실2,2
27000,관광휴게시설,차량지원시설,2
17000,공장,광공업시설,2
01000,단독주택,자전거보관소,2
20000,자동차관련시설,비가림시설,2
22000,분뇨.쓰레기처리시설,폐기물임시창고,2
20000,자동차관련시설,창고및차고,2
22000,분뇨.쓰레기처리시설,게이트볼장,2
08000,운수시설,위험물처리시설,2
01000,단독주택,숙박업,2
10000,교육연구시설,공공직업훈련소,2
19000,위험물저장및처리시설,운동시설,2
17000,공장,작업준비실,2
19000,위험물저장및처리시설,사무실및캐노피,2
17000,공장,t040,2
19000,위험물저장및처리시설,용기충전소,2
15000,숙박시설,64객실,2
19000,위험물저장및처리시설,질소발생기실,2
,,부속건물,2
17000,공장,종합관제실,2
21000,동물및식물관련시설,및창고시설,2
17000,공장,음식물쓰레기,2
19000,위험물저장및처리시설,창고및사무실,2
22000,분뇨.쓰레기처리시설,쓰레기처리설,2
20000,자동차관련시설,여객자동차운수사업법에의한,2
06000,종교시설,은혜기도원,2
03000,제1종근린생활시설,발전기,2
17000,공장,제지공장,2
21000,동물및식물관련시설,증식온실,2
18000,창고시설,집배송,2
30000,자원순환관련시설,비가림,2
20000,자동차관련시설,충전시설,2
17000,공장,광학유리생지,2
27000,관광휴게시설,차고,2
27000,관광휴게시설,한식당냉장고,2
04000,제2종근린생활시설,교육연구및복지시설외,2
02000,공동주택,문고포함,2
14000,업무시설,오피스텔및연립주택,2
04000,제2종근린생활시설,창고시설외,2
14000,업무시설,동물관련시설,2
01000,단독주택,가5구,2
15000,숙박시설,숙박시설및근생,2
14000,업무시설,청소원대기실,2
21000,동물및식물관련시설,축사사료창고,2
17000,공장,무기창고,2
26000,묘지관련시설,일반음식점,2
17000,공장,사무실및관리사,2
06000,종교시설,수도실,2
02000,공동주택,외부공간,2
21000,동물및식물관련시설,부속건물,2
,,보육시설,2
03000,제1종근린생활시설,수퍼,2
23000,교정및군사시설,체력단련장,2
03000,제1종근린생활시설,임산물판매점,2
12000,수련시설,관람집회시설,2
03000,제1종근린생활시설,농생,2
03000,제1종근린생활시설,가설건축물,2
21000,동물및식물관련시설,농가용부속사,2
04000,제2종근린생활시설,식장,2
18000,창고시설,향교,2
03000,제1종근린생활시설,일용품소매,2
11000,노유자시설,교육연구및복리시설,2
01000,단독주택,식품가공공장,2
11000,노유자시설,성당,2
17000,공장,공장부속건물,2
19000,위험물저장및처리시설,급유시설,2
12000,수련시설,운동시설,2
03000,제1종근린생활시설,교육실,2
03000,제1종근린생활시설,근린생활시설및기숙사,2
05000,문화및집회시설,다세대주택,2
14000,업무시설,통로,2
17000,공장,자재전시장,2
04000,제2종근린생활시설,외2종,2
14000,업무시설,원룸형도시형생활주택,2
01000,단독주택,환경위생,2
03000,제1종근린생활시설,기계식,2
11000,노유자시설,쉼터,2
01000,단독주택,예능계교습소,2
17000,공장,믹싱룸,2
18000,창고시설,과일작업장,2
18000,창고시설,강습소,2
10000,교육연구시설,폐지창고,2
19000,위험물저장및처리시설,유류판매시설,2
14000,업무시설,97호,2
01000,단독주택,봉제공장,2
17000,공장,콤프레샤동,2
19000,위험물저장및처리시설,사무실및화장실,2
03000,제1종근린생활시설,소매점등,2
Z5000,문화및집회시설,학원,2
04000,제2종근린생활시설,제2근생,2
17000,공장,원단,2
Z3000,근린생활시설,전기실,2
02000,공동주택,북,2
03000,제1종근린생활시설,근린생홀시설,2
03000,제1종근린생활시설,기사휴게실,2
01000,단독주택,95농촌융자주택,2
02000,공동주택,입주민휴게실,2
20000,자동차관련시설,물품제조공장,2
12000,수련시설,변소,2
01000,단독주택,제2종근린행활시설,2
20000,자동차관련시설,피,2
07000,판매시설,변전실,2
15000,숙박시설,여관객실및식당,2
17000,공장,청결미공장,2
03000,제1종근린생활시설,홍보실,2
Z5000,문화및집회시설,2,2
04000,제2종근린생활시설,가마실,2
10000,교육연구시설,법당,2
04000,제2종근린생활시설,잠수탈의장,2
03000,제1종근린생활시설,소아과의원,2
17000,공장,수산물건제품제조공장,2
17000,공장,소독방역시설,2
17000,공장,크링카,2
17000,공장,집전기실,2
27000,관광휴게시설,오수정화조,2
06000,종교시설,사,2
17000,공장,발효공장,2
17000,공장,샤워실및탈의실,2
17000,공장,재생처리장,2
16000,위락시설,계단,2
17000,공장,가공처리장,2
17000,공장,내화연와창고,2
17000,공장,cop,2
17000,공장,공판장,2
17000,공장,근로복지시설,2
17000,공장,스크랩보관소,2
17000,공장,정제분석기동,2
21000,동물및식물관련시설,식물관련시걸,2
17000,공장,재생공장,2
20000,자동차관련시설,제조장,2
17000,공장,벨트콘베이어,2
17000,공장,배터리룸,2
04000,제2종근린생활시설,떡공장,2
17000,공장,목공예공장,2
04000,제2종근린생활시설,독성각,2
07000,판매시설,대장간,2
27000,관광휴게시설,곤도라,2
27000,관광휴게시설,하차장,2
03000,제1종근린생활시설,다가구2가구,2
06000,종교시설,예배장,2
04000,제2종근린생활시설,사무소등,2
18000,창고시설,체력단련실,2
17000,공장,싸이로실,2
04000,제2종근린생활시설,선박수리업,2
04000,제2종근린생활시설,운전학원,2
18000,창고시설,가스실,2
01000,단독주택,다가구및2종근린생활시설,2
16000,위락시설,제2종근린생활,2
Z9000,공공용시설,수위실,2
07000,판매시설,이용원,2
02000,공동주택,노인전,2
04000,제2종근린생활시설,자동차관려시설,2
18000,창고시설,사무실및주택,2
21000,동물및식물관련시설,축사용퇴비사,2
20000,자동차관련시설,사무실및창고,2
15000,숙박시설,욕탕,2
Z3000,근린생활시설,가구점,2
Z3000,근린생활시설,연구소,2
01000,단독주택,임업용,2
17000,공장,항온항습기실,2
01000,단독주택,주거용도,2
21000,동물및식물관련시설,농사용관리사,2
21000,동물및식물관련시설,계단실,2
18000,창고시설,산소저장창고,2
01000,단독주택,식육소매점,2
21000,동물및식물관련시설,톱밥발효축사및창고,2
18000,창고시설,저온저장소,2
18000,창고시설,농산물저장소,2
10000,교육연구시설,전북대,2
16000,위락시설,대피소,2
01000,단독주택,막사,2
22000,분뇨.쓰레기처리시설,동,2
04000,제2종근린생활시설,방재센터,2
04000,제2종근린생활시설,작물재배사,2
04000,제2종근린생활시설,결혼상담소,2
04000,제2종근린생활시설,서무,2
04000,제2종근린생활시설,선박제조업,2
04000,제2종근린생활시설,제면소,2
01000,단독주택,다가구주택및음식점,2
20000,자동차관련시설,중기정비공장,2
17000,공장,견직,2
29000,장례시설,1,2
04000,제2종근린생활시설,근린생활시설및주택및,2
02000,공동주택,브런치카페,2
17000,공장,분곡저장탱크,2
17000,공장,건물부착용금속공작물제조,2
22000,분뇨.쓰레기처리시설,점포,2
01000,단독주택,총5가구,2
06000,종교시설,행랑채,2
18000,창고시설,센타,2
01000,단독주택,사슴장,2
04000,제2종근린생활시설,오트바이수리점,2
12000,수련시설,3,2
06000,종교시설,문화재복원,2
22000,분뇨.쓰레기처리시설,자재창고,2
18000,창고시설,저견고,2
02000,공동주택,판매및,2
03000,제1종근린생활시설,사무시설,2
17000,공장,생시설,2
22000,분뇨.쓰레기처리시설,돈분처리장,2
15000,숙박시설,제1ㆍ2종근린생활시설,2
06000,종교시설,육화당,2
13000,운동시설,승강기,2
04000,제2종근린생활시설,감시실,2
14000,업무시설,생활자원보관소,2
05000,문화및집회시설,숙사,2
19000,위험물저장및처리시설,5,2
03000,제1종근린생활시설,전경초소전망초,2
19000,위험물저장및처리시설,유독물저장창고,2
03000,제1종근린생활시설,제작,2
14000,업무시설,22호,2
02000,공동주택,303동,2
12000,수련시설,무대,2
01000,단독주택,화장실0,2
07000,판매시설,폐수처리장,2
04000,제2종근린생활시설,기계동,2
17000,공장,지게차충전실,2
02000,공동주택,데이케어센터,2
,,시장장옥,2
03000,제1종근린생활시설,다가구주택3가구,2
18000,창고시설,silo,2
10000,교육연구시설,태권도장,2
01000,단독주택,사슴사육장,2
01000,단독주택,2개,2
03000,제1종근린생활시설,가구판매장,2
17000,공장,지하변전실,2
19000,위험물저장및처리시설,3,2
17000,공장,수선장,2
10000,교육연구시설,차양막1,2
18000,창고시설,예지물창고,2
01000,단독주택,미술강습소,2
17000,공장,소공장,2
17000,공장,오픈스톡파일,2
30000,자원순환관련시설,가축분뇨재활용시설,2
17000,공장,압연공장,2
17000,공장,오수중계펌프장,2
17000,공장,재활용분리수거장,2
17000,공장,원맥저장탱크,2
02000,공동주택,아파트12,2
17000,공장,사무소및식당,2
17000,공장,침출정제동,2
01000,단독주택,15세대주택,2
10000,교육연구시설,시험생산시설,2
17000,공장,수소압축기실,2
17000,공장,의약품제조업공장,2
17000,공장,폐품처리장,2
17000,공장,석재가공시설,2
14000,업무시설,대형차고,2
17000,공장,용수처리실,2
17000,공장,감정실,2
17000,공장,공장2동,2
17000,공장,준농림,2
18000,창고시설,농업기자재보관창고,2
21000,동물및식물관련시설,브로와실,2
01000,단독주택,농가용주택및축사,2
03000,제1종근린생활시설,예비군중대사무실,2
01000,단독주택,단층창고,2
18000,창고시설,중기정비공장,2
21000,동물및식물관련시설,축사용관리사,2
03000,제1종근린생활시설,영수학원,2
01000,단독주택,부속창고시설,2
01000,단독주택,종택,2
01000,단독주택,임야관리사,2
01000,단독주택,6세대주택,2
21000,동물및식물관련시설,닭사육장,2
18000,창고시설,창고및제2종근생,2
21000,동물및식물관련시설,독물및식물관련시설,2
21000,동물및식물관련시설,퇴비사및화장실,2
21000,동물및식물관련시설,톱밥보관창고,2
01000,단독주택,곳감건조장,2
21000,동물및식물관련시설,동물및식물관련시설외1건,2
01000,단독주택,농어가주택창고,2
21000,동물및식물관련시설,종모우사,2
18000,창고시설,자재적치장,2
18000,창고시설,일반저장,2
01000,단독주택,단돋주택,2
01000,단독주택,다가구용단독주택및제2종근린생활시설,2
21000,동물및식물관련시설,수산종묘배양장관리사,2
01000,단독주택,영업소주택,2
01000,단독주택,사각정자,2
18000,창고시설,탱크실,2
18000,창고시설,컨베이어,2
17000,공장,채소가공,2
01000,단독주택,다가구주택9가구용,2
20000,자동차관련시설,자동차정비센터,2
21000,동물및식물관련시설,철파이프조,2
18000,창고시설,농기계보관장소,2
21000,동물및식물관련시설,퇴비사동,2
01000,단독주택,주택외창고,2
21000,동물및식물관련시설,차량소독조,2
04000,제2종근린생활시설,기타내장가구제조업,2
01000,단독주택,다가구용단독3가구,2
04000,제2종근린생활시설,일반음음식점,2
04000,제2종근린생활시설,식품제조가공공장,2
04000,제2종근린생활시설,제1종근린공공시설,2
04000,제2종근린생활시설,종합복지관,2
04000,제2종근린생활시설,제2종근린생활생활시설,2
04000,제2종근린생활시설,묘목관리사,2
18000,창고시설,원료치장창고,2
06000,종교시설,묘지시설,2
21000,동물및식물관련시설,종균,2
06000,종교시설,주차타워,2
03000,제1종근린생활시설,4h청소년,2
04000,제2종근린생활시설,재활용품보관소,2
05000,문화및집회시설,사고,2
04000,제2종근린생활시설,제2종근린생활시설외1종,2
33000,"국방,군사시설",저격수운영건물,2
17000,공장,외부연결통로,2
04000,제2종근린생활시설,화훼생산유통시설작업장,2
04000,제2종근린생활시설,노동회관,2
03000,제1종근린생활시설,농산물공동집하장,2
03000,제1종근린생활시설,급식실,2
03000,제1종근린생활시설,양수장기계실,2
03000,제1종근린생활시설,근린생활시설및위험물저장및처리시설,2
17000,공장,기타목제품제조업,2
03000,제1종근린생활시설,미을회관,2
03000,제1종근린생활시설,저수기관실,2
03000,제1종근린생활시설,샘,2
11000,노유자시설,근린생활시설및노유자시설,2
03000,제1종근린생활시설,마을골동구판장,2
03000,제1종근린생활시설,연립점포,2
03000,제1종근린생활시설,주택및근린시설,2
03000,제1종근린생활시설,자전차포,2
03000,제1종근린생활시설,파고관측소,2
03000,제1종근린생활시설,선별실,2
03000,제1종근린생활시설,학동마을회관,2
03000,제1종근린생활시설,소방지역대,2
11000,노유자시설,수용시설,2
03000,제1종근린생활시설,마을공동농기계수리소,2
03000,제1종근린생활시설,광고탑,2
03000,제1종근린생활시설,1종근린생활시설외1건,2
22000,분뇨.쓰레기처리시설,tms동,2
25000,발전시설,망루초소,2
11000,노유자시설,어린이방,2
25000,발전시설,모듈창고,2
03000,제1종근린생활시설,출입,2
15000,숙박시설,숙박시설및제1종근린생활시설,2
15000,숙박시설,펜션업,2
02000,공동주택,부대펌프실,2
14000,업무시설,부건,2
04000,제2종근린생활시설,곡분과자제조,2
24000,방송통신시설,보존실,2
22000,분뇨.쓰레기처리시설,폐수조정조,2
27000,관광휴게시설,캠프숙소,2
27000,관광휴게시설,농막,2
27000,관광휴게시설,공원관리사무실,2
01000,단독주택,94농촌주택개량사업,2
10000,교육연구시설,학생휴게시설,2
02000,공동주택,실내다목적주민운동시설,2
Z3000,근린생활시설,물치장,2
22000,분뇨.쓰레기처리시설,관리사무소,2
17000,공장,ke,2
02000,공동주택,3용도,2
10000,교육연구시설,고입학원,2
17000,공장,드럼,2
04000,제2종근린생활시설,휴게정자,2
02000,공동주택,근생시설및다세대주택,2
04000,제2종근린생활시설,단지내상가,2
06000,종교시설,교육회관,2
17000,공장,저장용기,2
06000,종교시설,향적전,2
04000,제2종근린생활시설,신령각,2
18000,창고시설,골재저장소,2
01000,단독주택,단독부택,2
18000,창고시설,저온양곡창고,2
04000,제2종근린생활시설,제1종린생활시설,2
21000,동물및식물관련시설,농업용온실,2
18000,창고시설,농산물보관및저장시설,2
18000,창고시설,농기구격납고,2
04000,제2종근린생활시설,대중음식점및소매점,2
01000,단독주택,목공장,2
03000,제1종근린생활시설,성인용전자오락실,2
18000,창고시설,모래창고,2
18000,창고시설,농업용생산시설,2
18000,창고시설,원자재창고,2
03000,제1종근린생활시설,외과의원,2
21000,동물및식물관련시설,비료창고,2
18000,창고시설,광업용창고,2
21000,동물및식물관련시설,세면장,2
01000,단독주택,면장관사,2
02000,공동주택,가스용기실,2
21000,동물및식물관련시설,잠업,2
21000,동물및식물관련시설,사체처리장,2
21000,동물및식물관련시설,축사1,2
18000,창고시설,사료배합창고,2
21000,동물및식물관련시설,종축장,2
21000,동물및식물관련시설,동물관련시설및단독주택,2
04000,제2종근린생활시설,보건진료소,2
18000,창고시설,업무,2
17000,공장,주행검사원대기장,2
04000,제2종근린생활시설,스크린,2
17000,공장,콘트롤실,2
17000,공장,대형차인도장,2
21000,동물및식물관련시설,현장연구동,2
20000,자동차관련시설,연료창고,2
14000,업무시설,25호,2
01000,단독주택,액화가스,2
12000,수련시설,전기실,2
01000,단독주택,청소년게임제공업의시설,2
Z3000,근린생활시설,샤워장,2
08000,운수시설,복지회관,2
01000,단독주택,1종근린생활ㅅ설,2
14000,업무시설,공공기관,2
14000,업무시설,외부계단,2
14000,업무시설,구판장,2
27000,관광휴게시설,소금창고,2
06000,종교시설,관리동,2
07000,판매시설,연결복도,2
10000,교육연구시설,양생실,2
26000,묘지관련시설,석물처리장,2
02000,공동주택,및복리시설,2
06000,종교시설,문화및복지시설,2
04000,제2종근린생활시설,반송실,2
01000,단독주택,판매장,2
02000,공동주택,연면적,2
10000,교육연구시설,제과점,2
,,버섯재배사,2
16000,위락시설,교육연구및복지시설,2
02000,공동주택,diy작업실,2
02000,공동주택,법정대피소,2
05000,문화및집회시설,레이사,2
13000,운동시설,체력단련실,2
11000,노유자시설,보훈회관,2
11000,노유자시설,도서관,2
10000,교육연구시설,차고지,2
17000,공장,종이포대제조업,2
01000,단독주택,16호실,2
21000,동물및식물관련시설,검정사,2
01000,단독주택,금차증축,2
03000,제1종근린생활시설,교양실,2
04000,제2종근린생활시설,일반철문제조업,2
14000,업무시설,동,2
06000,종교시설,수장고,2
17000,공장,폐기물저장고,2
01000,단독주택,멀티미디어문화컨텐츠설비제공업소,2
06000,종교시설,구,2
17000,공장,42,2
07000,판매시설,비주거용,2
14000,업무시설,우수조관리실,2
01000,단독주택,1994년도,2
21000,동물및식물관련시설,기관실,2
03000,제1종근린생활시설,세차기,2
,,기도원,2
18000,창고시설,수산물간이집하장,2
04000,제2종근린생활시설,목재,2
02000,공동주택,족욕실,2
Z3000,근린생활시설,실험실,2
18000,창고시설,농산물유통시설,2
23000,교정및군사시설,성당사제관,2
21000,동물및식물관련시설,벼건조창고,2
17000,공장,가공처리시설,2
03000,제1종근린생활시설,기타용도,2
06000,종교시설,대중음식점,2
02000,공동주택,101동1층,2
03000,제1종근린생활시설,전기공급실,2
17000,공장,pop,2
06000,종교시설,3,2
05000,문화및집회시설,사진관,2
07000,판매시설,작업소,2
03000,제1종근린생활시설,수산물공동판매장,2
17000,공장,병원,2
17000,공장,기계식주차장,2
17000,공장,부설주차장,2
17000,공장,건조시설,2
02000,공동주택,경로식당,2
01000,단독주택,창고및방,2
01000,단독주택,불량주택개량사업,2
03000,제1종근린생활시설,구양수실,2
19000,위험물저장및처리시설,폐기물,2
17000,공장,아스콘,2
03000,제1종근린생활시설,채소개량저장고,2
21000,동물및식물관련시설,치잠,2
19000,위험물저장및처리시설,mcc,2
01000,단독주택,소개업,2
18000,창고시설,고물상,2
10000,교육연구시설,바동,2
10000,교육연구시설,종합병원,2
18000,창고시설,독서실,2
27000,관광휴게시설,쓰레기,2
05000,문화및집회시설,10,2
06000,종교시설,지역아동센타,2
02000,공동주택,공중정원,2
18000,창고시설,농기계보관창고및,2
18000,창고시설,이발소,2
22000,분뇨.쓰레기처리시설,균질조,2
17000,공장,성형실험실,2
Z8000,교육연구및복지시설,보이라실,2
27000,관광휴게시설,관리숙소,2
15000,숙박시설,여관및대중목욕탕,2
05000,문화및집회시설,마본부,2
04000,제2종근린생활시설,위락시설노래연습장,2
17000,공장,대표이사실,2
01000,단독주택,농기구센타,2
17000,공장,청사,2
04000,제2종근린생활시설,다목적,2
Z5000,문화및집회시설,수양관,2
02000,공동주택,락카,2
14000,업무시설,호송차고,2
21000,동물및식물관련시설,분뇨건조실,2
03000,제1종근린생활시설,제1종근린생활리설,2
03000,제1종근린생활시설,제1종글린생활시설,2
04000,제2종근린생활시설,농산물가공실,2
02000,공동주택,8대,2
10000,교육연구시설,관현악실,2
02000,공동주택,원룸형주택20세대,2
09000,의료시설,유치원,2
10000,교육연구시설,편의실,2
02000,공동주택,97,2
10000,교육연구시설,택,2
03000,제1종근린생활시설,예체능계,2
01000,단독주택,상수도관리사,2
02000,공동주택,제연펜룸,2
06000,종교시설,요사채1,2
03000,제1종근린생활시설,정문회관,2
10000,교육연구시설,회복실,2
20000,자동차관련시설,운전사대기실,2
08000,운수시설,기항지대기소,2
09000,의료시설,의료시설및근린생활시설,2
10000,교육연구시설,학교생활관,2
10000,교육연구시설,교육연구시및복지시설,2
17000,공장,완제품보관장,2
10000,교육연구시설,교육연구및복지설,2
09000,의료시설,부속주차장,2
10000,교육연구시설,교육연구및목지시설,2
10000,교육연구시설,교사연구실,2
08000,운수시설,화물터미널및자동차정비공장,2
12000,수련시설,다목적실,2
10000,교육연구시설,당직실,2
12000,수련시설,농촌체험수련원,2
01000,단독주택,94농가주택지원분,2
07000,판매시설,근린생활시설및주택,2
07000,판매시설,판매실,2
07000,판매시설,소포장장,2
19000,위험물저장및처리시설,공익시설,2
13000,운동시설,판매점,2
04000,제2종근린생활시설,조명장치제조업,2
03000,제1종근린생활시설,태양광발전시설,2
01000,단독주택,단독주택및1,2
13000,운동시설,야외휴게소,2
19000,위험물저장및처리시설,공공업무시설,2
19000,위험물저장및처리시설,위험물저장및처리시설외1용도,2
,,축사및부대시설,2
19000,위험물저장및처리시설,고압가스판매창고,2
17000,공장,직물직조업,2
30000,자원순환관련시설,자원순활관련시설,2
03000,제1종근린생활시설,황토방체험,2
30000,자원순환관련시설,전시관,2
02000,공동주택,초등돌봄교실,2
17000,공장,정류장,2
17000,공장,ipa창고,2
02000,공동주택,중간,2
13000,운동시설,고전실,2
02000,공동주택,내국인아파트,2
02000,공동주택,어린이쉼터,2
02000,공동주택,모빌리티스테이션,2
02000,공동주택,캐디숙소,2
02000,공동주택,부대시설코아,2
02000,공동주택,다새대주택및근린생활시설,2
03000,제1종근린생활시설,하늘샘체험관,2
03000,제1종근린생활시설,근린공공업무시설,2
03000,제1종근린생활시설,의료시설및제1종근린생활시설,2
03000,제1종근린생활시설,실외기실,2
03000,제1종근린생활시설,농업기술센터지소,2
03000,제1종근린생활시설,제ㅣ종근린생활시설,2
04000,제2종근린생활시설,물관련시설,2
,,도자기,2
03000,제1종근린생활시설,개인휴대전화기지국,2
03000,제1종근린생활시설,저수지감시소,2
03000,제1종근린생활시설,주민공동창고,2
04000,제2종근린생활시설,인형제조업,2
17000,공장,철물및관련제품제조업,2
03000,제1종근린생활시설,전기실동,2
03000,제1종근린생활시설,도화재래시장,2
03000,제1종근린생활시설,상여창고,2
03000,제1종근린생활시설,회수조펌프실,2
03000,제1종근린생활시설,벼건조저장시설,2
03000,제1종근린생활시설,보건시설,2
03000,제1종근린생활시설,가압양수장,2
03000,제1종근린생활시설,사무소및주택,2
03000,제1종근린생활시설,복지센터,2
04000,제2종근린생활시설,기타직물제품제조업,2
03000,제1종근린생활시설,주택및상가,2
03000,제1종근린생활시설,1종근린생화시설,2
03000,제1종근린생활시설,파고라정자,2
03000,제1종근린생활시설,특산물,2
21000,동물및식물관련시설,미꾸라지,2
03000,제1종근린생활시설,통신기지국,2
03000,제1종근린생활시설,해안초소,2
11000,노유자시설,새마을유치원,2
03000,제1종근린생활시설,착수장,2
03000,제1종근린생활시설,할머니방,2
04000,제2종근린생활시설,단독주택외2용도,2
06000,종교시설,종교및집회시설,2
17000,공장,슬래그치장,2
04000,제2종근린생활시설,청암교회,2
27000,관광휴게시설,충전소기계실,2
08000,운수시설,외2,2
04000,제2종근린생활시설,카센타수리점,2
23000,교정및군사시설,영구탄약고,2
04000,제2종근린생활시설,일반음식점및숙박시설,2
04000,제2종근린생활시설,묘지관리시설,2
04000,제2종근린생활시설,재실부속가,2
04000,제2종근린생활시설,별채,2
04000,제2종근린생활시설,근린생활시설및일반업무시설,2
04000,제2종근린생활시설,농산물작업장및유통시설,2
06000,종교시설,교정및군사시설,2
24000,방송통신시설,무인통신,2
04000,제2종근린생활시설,초소사무실,2
04000,제2종근린생활시설,창고및관리사,2
04000,제2종근린생활시설,효자문,2
04000,제2종근린생활시설,제2종근생근린생활시설,2
04000,제2종근린생활시설,영림관리사,2
04000,제2종근린생활시설,종교용시설,2
04000,제2종근린생활시설,연습장관리동,2
04000,제2종근린생활시설,근생및부속사,2
04000,제2종근린생활시설,행여집,2
19000,위험물저장및처리시설,자동차용연료공급시설,2
04000,제2종근린생활시설,마스크공장,2
04000,제2종근린생활시설,수산물산지가공시설,2
18000,창고시설,공동저장고,2
13000,운동시설,발전실,2
04000,제2종근린생활시설,포,2
21000,동물및식물관련시설,우유집하장,2
04000,제2종근린생활시설,유류탱크,2
11000,노유자시설,침실,2
01000,단독주택,위락,2
25000,발전시설,가압장,2
15000,숙박시설,옥외화장실,2
15000,숙박시설,숙박시설외3건,2
15000,숙박시설,생활숙박시설및근린생활시설,2
15000,숙박시설,외2종,2
15000,숙박시설,생활숙박시설및단독주택,2
01000,단독주택,94농촌주택개량사업주택,2
02000,공동주택,근린생활시설포함,2
17000,공장,곡물도정,2
17000,공장,국내산농수산물가공처리시설,2
02000,공동주택,주차장c,2
18000,창고시설,축산,2
12000,수련시설,숲속의,2
05000,문화및집회시설,건강관리센터,2
21101,축사,식물관련시설,2
24000,방송통신시설,통신용건축물,2
17000,공장,기타건축용제품제조업,2
24000,방송통신시설,공중통신용기계실,2
11000,노유자시설,노숙인재활원,2
03000,제1종근린생활시설,삼백사랑채,2
Z3000,근린생활시설,동력실,2
17000,공장,휴,2
01000,단독주택,2종근린생활시설시설,2
21000,동물및식물관련시설,축사관리실,2
24000,방송통신시설,t,2
02000,공동주택,75,2
02000,공동주택,우편보관함,2
03000,제1종근린생활시설,co2실,2
17000,공장,유사장치,2
06000,종교시설,b동,2
27000,관광휴게시설,수련시설,2
01000,단독주택,충전실,2
21000,동물및식물관련시설,전복양식,2
04000,제2종근린생활시설,계단실및물탱크실,2
13000,운동시설,단상,2
17000,공장,유황창고,2
02000,공동주택,작은도서관등,2
09000,의료시설,체력단련장,2
13000,운동시설,오수정화조,2
18000,창고시설,강의실,2
22000,분뇨.쓰레기처리시설,침출수처리시설,2
17000,공장,조제실,2
04000,제2종근린생활시설,국내산농수산물,2
14000,업무시설,대규모점포,2
19000,위험물저장및처리시설,300,2
03000,제1종근린생활시설,구분소,2
17000,공장,문구용지제조업,2
10000,교육연구시설,협동조합,2
25000,발전시설,위험물저장및처리시설,2
17000,공장,제2,2
04000,제2종근린생활시설,22호,2
21000,동물및식물관련시설,축사부지,2
Z5000,문화및집회시설,숙박시설,2
04000,제2종근린생활시설,위락시설및제1,2
10000,교육연구시설,및제2종근린생활시설,2
02000,공동주택,경비실2동,2
18000,창고시설,수거식,2
04000,제2종근린생활시설,다실,2
13000,운동시설,로라스케이트장,2
02000,공동주택,입주자공동시설,2
02000,공동주택,3건,2
03000,제1종근린생활시설,5세대,2
03000,제1종근린생활시설,근린시설생활,2
02000,공동주택,통합,2
21000,동물및식물관련시설,축양,2
02000,공동주택,음악연습실,2
17000,공장,종합사무실,2
17000,공장,steam,2
01000,단독주택,청사,2
04000,제2종근린생활시설,수산물가공제조업,2
20000,자동차관련시설,위험물,2
14000,업무시설,14세대,2
02000,공동주택,쿠킹클래스,2
01000,단독주택,하숙주택,2
17000,공장,오존생성실,2
02000,공동주택,변전,2
01000,단독주택,유독물판매소,2
18000,창고시설,제조공장,2
18000,창고시설,부속된,2
21000,동물및식물관련시설,버섯배양시설,2
02000,공동주택,전기통신기기실,2
04000,제2종근린생활시설,정수장관리사,2
20000,자동차관련시설,자동차공업사,2
03000,제1종근린생활시설,사무실및소매점,2
20000,자동차관련시설,자동차고,2
17000,공장,수전전기실,2
18000,창고시설,미곡보관창고,2
01000,단독주택,부속차양시설,2
22000,분뇨.쓰레기처리시설,폐기물소각장,2
17000,공장,골재계량소,2
01000,단독주택,콘크리트,2
18000,창고시설,변소및창고,2
18000,창고시설,창고시성,2
01000,단독주택,96농어촌주택개량,2
18000,창고시설,교육관,2
17000,공장,정문경비동,2
21000,동물및식물관련시설,종사,2
01000,단독주택,노유자시설및주택,2
17000,공장,룸,2
01000,단독주택,배저장고,2
19000,위험물저장및처리시설,400,2
02000,공동주택,오피스텔1호,2
21000,동물및식물관련시설,사료적치장,2
17000,공장,해태처리가공공장,2
15000,숙박시설,근린생활시설및숙박,2
17000,공장,무공해공장,2
04000,제2종근린생활시설,옥상,2
17000,공장,당밀펌프실,2
23000,교정및군사시설,통신실,2
18000,창고시설,상업용,2
17000,공장,장류제조,2
17000,공장,용해로,2
20000,자동차관련시설,요금소,2
01000,단독주택,점포및근린생활시설,2
03000,제1종근린생활시설,계단탑,2
02000,공동주택,환경미화원,2
02000,공동주택,1가구,2
03000,제1종근린생활시설,위험물판매시설,2
17000,공장,office,2
01000,단독주택,94농촌주택개량대상건물,2
10000,교육연구시설,특수교실,2
04000,제2종근린생활시설,공용,2
19000,위험물저장및처리시설,관리인숙소,2
06000,종교시설,교회및교육관,2
06000,종교시설,종루,2
04000,제2종근린생활시설,주택및학원,2
03000,제1종근린생활시설,옥탁,2
02000,공동주택,설비제어실,2
02000,공동주택,케어센터,2
04000,제2종근린생활시설,휴식공간,2
02000,공동주택,주민봉사실,2
01000,단독주택,기존1가구,2
04000,제2종근린생활시설,녹차가공업소,2
18000,창고시설,비료보관,2
06000,종교시설,후원,2
02000,공동주택,휴계실,2
11000,노유자시설,제2종근,2
06000,종교시설,관리인숙소,2
06000,종교시설,교회주택,2
04000,제2종근린생활시설,착유실,2
11000,노유자시설,한의원,2
25000,발전시설,대피소,2
19000,위험물저장및처리시설,유독물제조시설,2
07000,판매시설,주,2
04000,제2종근린생활시설,부속기숙사,2
04000,제2종근린생활시설,문화관련사무소,2
03000,제1종근린생활시설,농기구수리소,2
03000,제1종근린생활시설,상가용,2
17000,공장,싸이로부대시설,2
06000,종교시설,위락시설,2
14000,업무시설,업무시설및공동주택,2
03000,제1종근린생활시설,농업용배수장,2
10000,교육연구시설,강의,2
27000,관광휴게시설,판매및영업시설,2
03000,제1종근린생활시설,영업외,2
12000,수련시설,생활수련시설,2
01000,단독주택,93주택개량,2
27000,관광휴게시설,청소년수련시설,2
18000,창고시설,수산업용창고시설,2
18000,창고시설,교육연구시설및복지시설,2
18000,창고시설,창고지설,2
01000,단독주택,초소,2
01000,단독주택,공동변소,2
18000,창고시설,제품보관창고,2
01000,단독주택,농업인주택및농업용창고,2
21000,동물및식물관련시설,축사및부대시설,2
01000,단독주택,구옥,2
21000,동물및식물관련시설,호프건조장,2
21000,동물및식물관련시설,유기질퇴비사,2
01000,단독주택,제1종근린생황시설및주택,2
17000,공장,초소동,2
18000,창고시설,공동기계창고,2
01000,단독주택,단독주택용1가구,2
01000,단독주택,연립2호주택,2
21000,동물및식물관련시설,동물및식물련시설,2
18000,창고시설,카트보관창고,2
18000,창고시설,축산물보관창고,2
21000,동물및식물관련시설,중추사,2
01000,단독주택,경찰관숙소,2
18000,창고시설,양조창고,2
21000,동물및식물관련시설,축산퇴비사,2
18000,창고시설,농업용냉장,2
18000,창고시설,임업기계보관창고,2
21000,동물및식물관련시설,톱밥퇴비생산시설,2
21000,동물및식물관련시설,작물제배사,2
01000,단독주택,비가림용창고,2
18000,창고시설,생약건조창고,2
18000,창고시설,과일보관창고,2
21000,동물및식물관련시설,한우사및퇴적사,2
18000,창고시설,가설창고,2
18000,창고시설,연수원농업용창고,2
18000,창고시설,정부미보관창고,2
18000,창고시설,사료보관용,2
01000,단독주택,기타창고,2
01000,단독주택,회랑,2
18000,창고시설,담배건조장,2
01000,단독주택,단독주택1호,2
01000,단독주택,공장및주택,2
01000,단독주택,주거주택,2
13000,운동시설,실외배드민턴장,2
17000,공장,소화용수펌프실,2
17000,공장,제관공장,2
04000,제2종근린생활시설,부속사및근린생활시설,2
03000,제1종근린생활시설,체험시설,2
17000,공장,화학섬유직물직조업,2
17000,공장,폐수처리운전실,2
02000,공동주택,단지형도심형주택,2
17000,공장,개선반자재적치장,2
17000,공장,공장및폐수처리장,2
17000,공장,합판공장,2
17000,공장,전기집진설비실,2
17000,공장,부탄탱크실,2
17000,공장,주택및근린생활시설,2
17000,공장,수소저장고,2
17000,공장,설물창고,2
17000,공장,아크릴대기소,2
17000,공장,트란스퍼타워,2
01000,단독주택,다가구용15가구,2
17000,공장,근로자대기실,2
17000,공장,콤프레샤룸,2
17000,공장,인버터룸,2
17000,공장,타이어코트공장,2
17000,공장,공장및단독주택,2
17000,공장,부싸이로,2
20000,자동차관련시설,연구시설,2
,,마을공회당,2
18000,창고시설,과실저온,2
01000,단독주택,다가구주택13,2
01000,단독주택,표시변경,2
22000,분뇨.쓰레기처리시설,분뇨및쓰레기시설,2
04000,제2종근린생활시설,근린생활시설및제2종근린생활시설,2
03000,제1종근린생활시설,제1종근린생활사설,2
19000,위험물저장및처리시설,석유액화가스충전소,2
18000,창고시설,양로원,2
Z8000,교육연구및복지시설,수련장,2
31000,야영장시설,바비큐장,2
Z8000,교육연구및복지시설,원사,2
21000,동물및식물관련시설,오리사육,2
21000,동물및식물관련시설,배양사,2
17000,공장,노트앨범및유사제품제조업,2
31000,야영장시설,안내소,2
20000,자동차관련시설,1급정비공장,2
19000,위험물저장및처리시설,4류,2
03000,제1종근린생활시설,다방및,2
21000,동물및식물관련시설,앵무새사육시설,2
18000,창고시설,농산물산지유통창고,2
03000,제1종근린생활시설,경노당및,2
17000,공장,엄지공예사,2
05000,문화및집회시설,암자본당,2
22000,분뇨.쓰레기처리시설,작업실,2
02000,공동주택,및연립주택,2
17000,공장,z보전대기실,2
01000,단독주택,다가구형주택,2
21000,동물및식물관련시설,야생조류사육장,2
01000,단독주택,96농촌주택개량대상자,2
04000,제2종근린생활시설,선어구점,2
17000,공장,오일저장고,2
21000,동물및식물관련시설,농어업용주택,2
09000,의료시설,어린이집,2
22000,분뇨.쓰레기처리시설,관리시설,2
17000,공장,정제공장,2
17000,공장,창고및변소,2
10000,교육연구시설,환경위생시설,2
17000,공장,공장실,2
17000,공장,개폐실,2
29000,장례시설,사무실,2
17000,공장,장류제조업공장,2
14000,업무시설,재활용품보관소,2
17000,공장,집진기전기실,2
17000,공장,미역건조장,2
03000,제1종근린생활시설,제조실,2
02000,공동주택,전기및기계실,2
04000,제2종근린생활시설,타이어,2
18000,창고시설,주택에,2
21000,동물및식물관련시설,16동,2
04000,제2종근린생활시설,근린생활시러,2
14000,업무시설,흡연부스,2
21000,동물및식물관련시설,가변형,2
Z3000,근린생활시설,세탁소,2
14000,업무시설,전시,2
13000,운동시설,선수합숙소,2
17000,공장,공무부정비고,2
03000,제1종근린생활시설,주차장차양,2
21000,동물및식물관련시설,생산장,2
01000,단독주택,제1종근생근린생활시설,2
21000,동물및식물관련시설,창고및변소,2
21000,동물및식물관련시설,톱밥발효식축사,2
09000,의료시설,세탁물,2
17000,공장,wsr,2
01000,단독주택,95농촌주택개량사업주택,2
18000,창고시설,포장장,2
05000,문화및집회시설,6,2
14000,업무시설,작물재배사,2
10000,교육연구시설,학생휴게실,2
17000,공장,압,2
17000,공장,대기,2
23000,교정및군사시설,pri,2
02000,공동주택,재활용집하장,2
10000,교육연구시설,1종근생,2
18000,창고시설,다목적용,2
17000,공장,곡물조리식품제조업,2
Z9000,공공용시설,통신용시설,2
18000,창고시설,근린생활시,2
02000,공동주택,공독주택,2
02000,공동주택,다세대15세대,2
10000,교육연구시설,공대실습장,2
20000,자동차관련시설,정비대,2
01000,단독주택,즉석판매제조가공업,2
02000,공동주택,펌프실및,2
05000,문화및집회시설,방,2
17000,공장,폐기물처리공장,2
10000,교육연구시설,공과대학,2
15000,숙박시설,부엌,2
03000,제1종근린생활시설,저장실,2
04000,제2종근린생활시설,극락보전,2
17000,공장,스크랩,2
19000,위험물저장및처리시설,위험물처리시설및저장시설,2
04000,제2종근린생활시설,2종근린생횔시설,2
17000,공장,제1공장,2
17000,공장,달리분류되지않는,2
10000,교육연구시설,종근린생활시설,2
01000,단독주택,기관실,2
17000,공장,제품출하사무실,2
20000,자동차관련시설,연립주택,2
18000,창고시설,농산물가공처리장,2
04000,제2종근린생활시설,농산물건조,2
17000,공장,연소실,2
14000,업무시설,물품보관창고,2
18000,창고시설,기숙사및식당,2
03000,제1종근린생활시설,점포및여관,2
03000,제1종근린생활시설,주민이용시설,2
Z5000,문화및집회시설,다방,2
02000,공동주택,환경미화원휴게실,2
04000,제2종근린생활시설,건구,2
14000,업무시설,주방,2
Z8000,교육연구및복지시설,근생,2
13000,운동시설,실내,2
19000,위험물저장및처리시설,주유소세차장,2
01000,단독주택,일반음식점및소매점,2
03000,제1종근린생활시설,무선중계소,2
02000,공동주택,각12,2
18000,창고시설,미역저장고,2
04000,제2종근린생활시설,주상복합,2
04000,제2종근린생활시설,설법당,2
17000,공장,간이식당,2
05000,문화및집회시설,유물관,2
27000,관광휴게시설,오수처리기계실,2
03000,제1종근린생활시설,구매및,2
,,사료창고,2
22000,분뇨.쓰레기처리시설,생슬러지펌프동,2
04000,제2종근린생활시설,인터넷,2
02000,공동주택,지하복도,2
19000,위험물저장및처리시설,가스시설,2
26000,묘지관련시설,부속창고,2
13000,운동시설,체육센터,2
Z6000,판매및영업시설,공장,2
Z8000,교육연구및복지시설,주차장,2
01000,단독주택,보일러실및다용도실,2
18000,창고시설,쓰레기처리장,2
21000,동물및식물관련시설,축사외1동,2
18000,창고시설,농산물선별창고,2
01000,단독주택,주차장및,2
02000,공동주택,24개동,2
01000,단독주택,헛간변소,2
02000,공동주택,01,2
17000,공장,4공장,2
02000,공동주택,용역휴게공간,2
01000,단독주택,제유소,2
Z5000,문화및집회시설,부속,2
17000,공장,물탱크및,2
03000,제1종근린생활시설,경비동,2
17000,공장,내의편조업,2
03000,제1종근린생활시설,사무실및연쇄점,2
03000,제1종근린생활시설,부동산중개소,2
10000,교육연구시설,일용품점,2
03000,제1종근린생활시설,정수시설,2
03000,제1종근린생활시설,점포및근린생활,2
02000,공동주택,부속용도,2
05000,문화및집회시설,종무소,2
Z3000,근린생활시설,주택및,2
03000,제1종근린생활시설,회관및작업장,2
02000,공동주택,화장실등,2
17000,공장,buld,2
04000,제2종근린생활시설,김치제조,2
17000,공장,37동,2
21000,동물및식물관련시설,매점,2
07000,판매시설,임업용,2
26000,묘지관련시설,편의시설,2
17000,공장,제,2
17000,공장,자료실,2
10000,교육연구시설,전기기계실,2
,,홈대합실,2
03000,제1종근린생활시설,사회복지관,2
30000,자원순환관련시설,오폐수처리장,2
02000,공동주택,93세대,2
19000,위험물저장및처리시설,근린생활시설및주유소,2
,,외,2
02000,공동주택,독신자용주택,2
02000,공동주택,주민정보센터,2
02000,공동주택,문화,2
27000,관광휴게시설,작은도서관,2
03000,제1종근린생활시설,반공회관,2
20000,자동차관련시설,사무실및,2
02000,공동주택,열린도서관,2
20000,자동차관련시설,운전학원및정비학원,2
04000,제2종근린생활시설,위탁시설,2
06000,종교시설,보이러실,2
04000,제2종근린생활시설,사무소및제조업,2
03000,제1종근린생활시설,단독주책,2
14000,업무시설,물품보관실,2
14000,업무시설,주민휴게시설,2
02000,공동주택,재활용품분리수거장,2
19000,위험물저장및처리시설,위험룰저장및처리시설,2
04000,제2종근린생활시설,2호,2
18000,창고시설,영림관리사,2
09000,의료시설,의료시설및점포,2
27000,관광휴게시설,전시,2
03000,제1종근린생활시설,의용소방대사무실,2
17000,공장,음식점,2
06000,종교시설,명윤당,2
,,농기구수리점,2
04000,제2종근린생활시설,급식소,2
19000,위험물저장및처리시설,정압기,2
01000,단독주택,주택4가구용,2
17000,공장,녹차가공시설,2
01000,단독주택,요가장,2
17000,공장,선박건조공장,2
02000,공동주택,경로,2
,,벽지관사,2
19000,위험물저장및처리시설,고압가스고,2
17000,공장,접대실,2
02000,공동주택,근로자대기쉼터,2
10000,교육연구시설,교구창고,2
17000,공장,파워,2
01000,단독주택,대중음시점,2
07000,판매시설,치과의원,2
06000,종교시설,청소년,2
17000,공장,2차분쇄실,2
10000,교육연구시설,청사,2
21000,동물및식물관련시설,무창돈사,2
07000,판매시설,농수산물직판장,2
04000,제2종근린생활시설,어선,2
,,제2근린생활시설,2
07000,판매시설,농수산물보관및판매시설,2
17000,공장,폐수재이용시설,2
19000,위험물저장및처리시설,유류저장탱크,2
19000,위험물저장및처리시설,주유소기계식세차설비,2
10000,교육연구시설,상설교육장,2
04000,제2종근린생활시설,오수정화조,2
09000,의료시설,비상급수시설,2
03000,제1종근린생활시설,변,2
17000,공장,금속문및관련제품제조,2
09000,의료시설,가스저장고,2
03000,제1종근린생활시설,거모배수지,2
10000,교육연구시설,경상대학,2
10000,교육연구시설,교육연규및복지시설,2
03000,제1종근린생활시설,투표함,2
10000,교육연구시설,소강당,2
30000,자원순환관련시설,식물성유지,2
11000,노유자시설,공회당,2
10000,교육연구시설,산약초연구센터,2
02000,공동주택,연립주택11세대,2
10000,교육연구시설,교내식당,2
20000,자동차관련시설,자동차부분정비업,2
22000,분뇨.쓰레기처리시설,유기질비료제조,2
02000,공동주택,68대,2
17000,공장,해조류가공업,2
03000,제1종근린생활시설,단무지절임,2
09000,의료시설,수용보호시설,2
04000,제2종근린생활시설,제2종근린생활시설및숙박시설,2
04000,제2종근린생활시설,근린생활2종및주택,2
06000,종교시설,종교시설및사택,2
04000,제2종근린생활시설,벽돌제조업,2
27000,관광휴게시설,토끼먹이체험장,2
06000,종교시설,요사처,2
04000,제2종근린생활시설,종중제실,2
04000,제2종근린생활시설,유치원및근린생활시설,2
04000,제2종근린생활시설,된장제조시설,2
06000,종교시설,물품창고,2
04000,제2종근린생활시설,근린생활시설주택,2
04000,제2종근린생활시설,광원용부대시설,2
04000,제2종근린생활시설,한국표준산업분류10792,2
03000,제1종근린생활시설,제1종일반주거지역,2
03000,제1종근린생활시설,군내버스승강장,2
03000,제1종근린생활시설,출입항통제소,2
03000,제1종근린생활시설,동민회관,2
03000,제1종근린생활시설,지역특산물가공작업장,2
03000,제1종근린생활시설,서호마을회관,2
11000,노유자시설,야외화장실,2
03000,제1종근린생활시설,근란생활시설,2
03000,제1종근린생활시설,배수장조작실,2
03000,제1종근린생활시설,호우대피소,2
03000,제1종근린생활시설,주촉법판매시설,2
03000,제1종근린생활시설,업무시설외2,2
03000,제1종근린생활시설,새마을노인회관,2
17000,공장,부경비실,2
03000,제1종근린생활시설,전신전화국시설,2
03000,제1종근린생활시설,철도,2
11000,노유자시설,노인주거시설,2
03000,제1종근린생활시설,수도펌프장,2
03000,제1종근린생활시설,제1종근린생홀시설,2
03000,제1종근린생활시설,강우관측기계설비실,2
02000,공동주택,아파트외부홀,2
02000,공동주택,근린생활및주택,2
02000,공동주택,아파트연립주택,2
02000,공동주택,차량대기실,2
02000,공동주택,진형다세대주택,2
13000,운동시설,봅슬레이,2
20000,자동차관련시설,방촌동시내버스공동차고,2
24000,방송통신시설,자동전화기기보존실,2
16000,위락시설,물치,2
Z3000,근린생활시설,사당,2
24000,방송통신시설,통신관련시설,2
17000,공장,산소저장소,2
03000,제1종근린생활시설,동사무소등,2
24000,방송통신시설,방송망시설,2
17000,공장,식당및사무동,2
,,근린생활시설및,2
10000,교육연구시설,교육청수련원,2
13000,운동시설,해가림,2
01000,단독주택,근생1종,2
27000,관광휴게시설,건식창고,2
21000,동물및식물관련시설,통로및창고,2
18000,창고시설,폐자재창고,2
18000,창고시설,고품질안전농산물보관창고,2
18000,창고시설,어망저장창고,2
21000,동물및식물관련시설,김배양장,2
18000,창고시설,창고시설외2용도,2
21000,동물및식물관련시설,공용축사,2
21000,동물및식물관련시설,축사및분뇨건조장,2
18000,창고시설,저장조,2
01000,단독주택,다가구주택주택및근린생활시설,2
18000,창고시설,임내농기계보관창고,2
18000,창고시설,화물보관고,2
18000,창고시설,정미소및창고,2
01000,단독주택,주택및물치장,2
21000,동물및식물관련시설,잎담배공동건조장및잎담배저장창고,2
21000,동물및식물관련시설,담배건조실,2
21101,축사,동,2
21000,동물및식물관련시설,동물관련시설및농가주택,2
21000,동물및식물관련시설,철골조,2
17000,공장,유성통신장치제조업,2
15000,숙박시설,숙박시설및근린생활시설및위락시설,2
15000,숙박시설,게스트하우스,2
04000,제2종근린생활시설,사무실및매점,2
17000,공장,8992,2
02000,공동주택,아파트및경비실,2
15000,숙박시설,숙직실,2
15000,숙박시설,가스실,2
15000,숙박시설,위락시설외,2
01000,단독주택,97팩키지마을사업,2
01000,단독주택,옥탑층,2
04000,제2종근린생활시설,철문제조업,2
10000,교육연구시설,e,2
17000,공장,집수정,2
04000,제2종근린생활시설,쓰레기분리수거장,2
03000,제1종근린생활시설,부속물탱크실,2
01000,단독주택,다가구주택및차고,2
03000,제1종근린생활시설,농업창고,2
13000,운동시설,제1ㆍ2종근린생활시설,2
17000,공장,물탱크실동,2
02000,공동주택,74세대,2
20000,자동차관련시설,부속주차장,2
22000,분뇨.쓰레기처리시설,숙직실,2
16000,위락시설,생시설,2
20000,자동차관련시설,장비고,2
17000,공장,빵,2
02000,공동주택,옥외ev,2
01000,단독주택,대합실,2
20000,자동차관련시설,제1ㆍ2종근린생활시설,2
Z5000,문화및집회시설,근린생활,2
20000,자동차관련시설,세차장및사무실,2
14000,업무시설,무도유흥음식점,2
21000,동물및식물관련시설,낚시터,2
17000,공장,전자관,2
13000,운동시설,관광휴게시설,2
22000,분뇨.쓰레기처리시설,오수정화조기계실,2
21000,동물및식물관련시설,창,2
04000,제2종근린생활시설,예능,2
04000,제2종근린생활시설,레미콘제조업,2
17000,공장,s변전소,2
17000,공장,연구실및사무실,2
17000,공장,3고로,2
27000,관광휴게시설,관리시설,2
17000,공장,정선실,2
02000,공동주택,노인정및관리소,2
,,구매,2
04000,제2종근린생활시설,농공단지,2
15000,숙박시설,민박형,2
17000,공장,동물병원,2
10000,교육연구시설,음악대학,2
11000,노유자시설,근로자복지시설,2
13000,운동시설,제조업소,2
,,태권도장,2
03000,제1종근린생활시설,사무실및회의실,2
03000,제1종근린생활시설,중앙제어실,2
02000,공동주택,컨시어지센터,2
14000,업무시설,업무시실,2
17000,공장,냉매,2
23000,교정및군사시설,위병초소,2
04000,제2종근린생활시설,호텔,2
02000,공동주택,사랑방,2
21000,동물및식물관련시설,축사추인,2
17000,공장,디하이드레이터동,2
17000,공장,세미나실,2
Z5000,문화및집회시설,암자,2
02000,공동주택,다세대주택및제1종,2
05000,문화및집회시설,무대,2
02000,공동주택,지하통신실,2
01000,단독주택,장갑제조업,2
05000,문화및집회시설,교회및주택,2
06000,종교시설,음수대,2
05000,문화및집회시설,저수조,2
17000,공장,농산물저장고,2
17000,공장,칩출하장,2
15000,숙박시설,30실,2
04000,제2종근린생활시설,과자공장,2
24000,방송통신시설,무인기계시설,2
17000,공장,32동,2
,,용왕각,2
07000,판매시설,농산물공판장,2
07000,판매시설,구내식당,2
07000,판매시설,음식점,2
17000,공장,폐액처리장,2
17000,공장,열처리사료공장,2
01000,단독주택,동물및식물,2
08000,운수시설,관리사무실,2
17000,공장,hyco,2
14000,업무시설,7세대,2
17000,공장,local,2
02000,공동주택,전기및노인정관리실,2
03000,제1종근린생활시설,농업협동조합,2
13000,운동시설,부속주차장,2
17000,공장,폐기물임시저장소,2
18000,창고시설,비,2
21000,동물및식물관련시설,마분장,2
13000,운동시설,실외테니스장,2
04000,제2종근린생활시설,제각관리사,2
11000,노유자시설,프로그램실,2
14000,업무시설,계절창고,2
02000,공동주택,다세대4세대,2
02000,공동주택,상,2
22000,분뇨.쓰레기처리시설,돈분건조장,2
Z8000,교육연구및복지시설,기계실,2
15000,숙박시설,수련시설,2
14000,업무시설,및다세대주택,2
01000,단독주택,다가가용단독주택,2
01000,단독주택,사슴,2
03000,제1종근린생활시설,종묘배양장,2
03000,제1종근린생활시설,도자기소매점,2
25000,발전시설,라임스톤동,2
17000,공장,제2근린생활시설,2
03000,제1종근린생활시설,독,2
02000,공동주택,제연룸,2
18000,창고시설,보온저장고,2
03000,제1종근린생활시설,우체국및주택,2
04000,제2종근린생활시설,어촌관광개발사업,2
04000,제2종근린생활시설,a,2
03000,제1종근린생활시설,하나로마트,2
07000,판매시설,제2근린생활시설,2
07000,판매시설,팬룸,2
19000,위험물저장및처리시설,세차장사무실,2
03000,제1종근린생활시설,그늘집,2
17000,공장,원자재보관소,2
21000,동물및식물관련시설,김육상채묘장,2
02000,공동주택,괸리사무소,2
17000,공장,43동,2
Z9000,공공용시설,전신전화국,2
14000,업무시설,새마을,2
03000,제1종근린생활시설,굴뚝,2
03000,제1종근린생활시설,가내공업센타,2
14000,업무시설,65호,2
17000,공장,철재가구제조업,2
04000,제2종근린생활시설,g,2
18000,창고시설,축분,2
05000,문화및집회시설,관리창고,2
03000,제1종근린생활시설,계단실동,2
03000,제1종근린생활시설,제1종근린생활시절,2
04000,제2종근린생활시설,근린생활시,2
09000,의료시설,2종근린생활,2
11000,노유자시설,장애인복지회관,2
14000,업무시설,도시형다세대,2
02000,공동주택,폐기물처리시설,2
21000,동물및식물관련시설,농산물보관용창고,2
07000,판매시설,일반소매점,2
02000,공동주택,공유공방,2
02000,공동주택,주민공동시설동,2
17000,공장,no1,2
03000,제1종근린생활시설,시설물,2
15000,숙박시설,1세대,2
21000,동물및식물관련시설,목조,2
01000,단독주택,농기계수리공장,2
17000,공장,13,2
17000,공장,철골조,2
17000,공장,연사제조및실가공업,2
17000,공장,가압장,2
17000,공장,사무실외1,2
17000,공장,콘텐샤실,2
04000,제2종근린생활시설,철도역사,2
04000,제2종근린생활시설,축산폐수공동처리장,2
17000,공장,콘덴서뱅크,2
17000,공장,해태1차가공공장,2
17000,공장,양곡도정공장,2
17000,공장,용력동,2
17000,공장,공장및영업소,2
17000,공장,협력사화장실,2
01000,단독주택,연탄공장,2
05000,문화및집회시설,운전기사휴게소,2
05000,문화및집회시설,공작물,2
15000,숙박시설,및부대시설,2
05000,문화및집회시설,정각,2
21000,동물및식물관련시설,교육체험장,2
05000,문화및집회시설,문화및복지시설,2
21000,동물및식물관련시설,1994년,2
Z9000,공공용시설,공공공시설,2
10000,교육연구시설,실험실및연구실,2
04000,제2종근린생활시설,고시원및오피스텔,2
02000,공동주택,다세대주택7,2
19000,위험물저장및처리시설,전기공급시설,2
27000,관광휴게시설,직원합숙소,2
17000,공장,검사동,2
19000,위험물저장및처리시설,주유케노피,2
21000,동물및식물관련시설,갱의실,2
Z8000,교육연구및복지시설,학교교육시설,2
13000,운동시설,게이트볼경기장,2
02000,공동주택,17ea,2
01000,단독주택,졈포,2
28000,가설건축물,농막,2
17000,공장,포대제조업,2
20000,자동차관련시설,자동차경정비센타,2
01000,단독주택,제2종근근린생활시설,2
17000,공장,ctnr실,2
a6300,,역사,2
22000,분뇨.쓰레기처리시설,환경오염방지시설,2
10000,교육연구시설,축사및목장부속시설,2
22000,분뇨.쓰레기처리시설,분뇨쓰레기시설,2
17000,공장,기타건축용목재품제조,2
02000,공동주택,가동계단실,2
03000,제1종근린생활시설,공동전기실,2
02000,공동주택,면적산정제외,2
17000,공장,팬룸,2
14000,업무시설,사무실및식당,2
04000,제2종근린생활시설,농산물가공기계수리센타,2
01000,단독주택,일반주택외,2
18000,창고시설,제2종근린생활시설및창고시설,2
21000,동물및식물관련시설,방역대,2
18000,창고시설,버섯보관창고,2
18000,창고시설,석유창고,2
21000,동물및식물관련시설,꿀벌사육장,2
01000,단독주택,변소및물치장,2
05000,문화및집회시설,관람,2
18000,창고시설,고가수조,2
02000,공동주택,다세대5세대,2
01000,단독주택,단독주거,2
01000,단독주택,단독주택및근린시설,2
21000,동물및식물관련시설,분뇨처리실,2
21000,동물및식물관련시설,삭물관련시설,2
21000,동물및식물관련시설,종묘배양시시설,2
17000,공장,1차분쇄실,2
13000,운동시설,경로당,2
02000,공동주택,사설강습소,2
04000,제2종근린생활시설,비상발전기실,2
03000,제1종근린생활시설,지하수,2
04000,제2종근린생활시설,조왕당,2
02000,공동주택,장난감놀이방,2
03000,제1종근린생활시설,판매및,2
18000,창고시설,퇴비사창고,2
01000,단독주택,배수펌프장,2
17000,공장,생약가공,2
17000,공장,유기질비료제조업,2
18000,창고시설,농산물냉동보관창고,2
02000,공동주택,조적조,2
04000,제2종근린생활시설,백화점,2
Z5000,문화및집회시설,주거시설,2
03000,제1종근린생활시설,11가구,2
05000,문화및집회시설,교사,2
04000,제2종근린생활시설,공관,2
27000,관광휴게시설,재활용창고,2
19000,위험물저장및처리시설,석유판매업,2
27000,관광휴게시설,자동차관련시설,2
17000,공장,가성소다,2
17000,공장,데크,2
04000,제2종근린생활시설,실내,2
17000,공장,central,2
04000,제2종근린생활시설,조경단제기고,2
15000,숙박시설,원두막,2
15000,숙박시설,여관및일반음식점,2
17000,공장,도정창고,2
06000,종교시설,목사관사,2
03000,제1종근린생활시설,근린공원내,2
03000,제1종근린생활시설,주산강습소,2
15000,숙박시설,업무,2
20000,자동차관련시설,주민운동시설,2
03000,제1종근린생활시설,가스창고,2
25000,발전시설,연료전지,2
21000,동물및식물관련시설,부속창고2,2
18000,창고시설,생산기반시설,2
10000,교육연구시설,16,2
17000,공장,자가주유소,2
10000,교육연구시설,출판사,2
18000,창고시설,부건,2
08000,운수시설,제2종,2
18000,창고시설,농업용부속창고,2
04006,수리점,수리점,2
18000,창고시설,부속관리사무소,2
06000,종교시설,선교회관,2
10000,교육연구시설,경비,2
11000,노유자시설,직업보도실,2
01000,단독주택,다가구18세대,2
21000,동물및식물관련시설,천적사육실,2
18000,창고시설,주택에부속된창고,2
13000,운동시설,장비고,2
21000,동물및식물관련시설,배수장,2
21000,동물및식물관련시설,축산용,2
,,저온창고,2
02000,공동주택,주민운동시설등,2
21000,동물및식물관련시설,관리사및작업실,2
04000,제2종근린생활시설,교회예배당,2
26000,묘지관련시설,외부화장실,2
21000,동물및식물관련시설,웅돈사,2
01000,단독주택,부속별채,2
JY,,운동시설,2
02000,공동주택,장애인,2
17000,공장,18,2
21000,동물및식물관련시설,톱밥우사및퇴적장,2
10000,교육연구시설,장애인승강기,2
19000,위험물저장및처리시설,유류펌프실,2
24000,방송통신시설,소형,2
17000,공장,밸브및유사장치제조업,2
02000,공동주택,제2종근린생할시설,2
18000,창고시설,호이스트,2
17000,공장,근린생활시설및,2
18000,창고시설,97년도,2
17000,공장,중앙감시실,2
10000,교육연구시설,농부사,2
11000,노유자시설,양호실,2
15000,숙박시설,대피호,2
17000,공장,cta,2
02000,공동주택,103대,2
Z3000,근린생활시설,슈퍼마,2
04000,제2종근린생활시설,양곡창고,2
18000,창고시설,저온창고및창고,2
03000,제1종근린생활시설,배터리실5,2
17000,공장,페수처리기계실,2
17000,공장,외부변소,2
17000,공장,순수장치실,2
06000,종교시설,부속차고,2
17000,공장,gtg,2
04000,제2종근린생활시설,관리사및사무실,2
01000,단독주택,교회당,2
01000,단독주택,93농촌주택개량,2
03000,제1종근린생활시설,고냉지,2
10000,교육연구시설,자연과학동,2
17000,공장,케노비,2
17000,공장,분쇄기,2
04000,제2종근린생활시설,주차통로,2
26000,묘지관련시설,예릉,2
14000,업무시설,직원휴게실,2
17000,공장,의약품제조공장,2
17000,공장,용수펌프실,2
01000,단독주택,대피,2
04000,제2종근린생활시설,48실,2
02000,공동주택,다세대16세대,2
04999,기타제2종근린생활시설,제2종근린생활시설,2
04000,제2종근린생활시설,동회,2
14000,업무시설,7실,2
05000,문화및집회시설,물치장,2
02000,공동주택,복리후생관,2
15000,숙박시설,무도유흥음식점,2
25000,발전시설,업무시설,2
17000,공장,bpa,2
17000,공장,26동,2
03000,제1종근린생활시설,여과조정실,2
02000,공동주택,홀및복도,2
10000,교육연구시설,여성회관,2
06000,종교시설,음향각,2
04000,제2종근린생활시설,쓰레기,2
17000,공장,유선통신장치제조,2
17000,공장,석가공,2
16000,위락시설,계단실,2
10000,교육연구시설,승마교육장,2
18000,창고시설,곡물,2
04000,제2종근린생활시설,잎담배,2
06000,종교시설,및주택,2
03000,제1종근린생활시설,차양막동,2
01000,단독주택,94농촌주택개량건축물임,2
03000,제1종근린생활시설,철근콘크리트조,2
01000,단독주택,영당,2
17000,공장,선구소매점,2
04000,제2종근린생활시설,종교집회소,2
04000,제2종근린생활시설,교회관리사,2
04000,제2종근린생활시설,쓰레기처리장,2
18000,창고시설,냉동및저온저장고,2
14000,업무시설,생활주택,2
06000,종교시설,외1용도,2
01000,단독주택,영엽소,2
04000,제2종근린생활시설,주방및식당,2
04000,제2종근린생활시설,찻집,2
26000,묘지관련시설,제2종근생,2
01000,단독주택,주차장및보일러실,2
18000,창고시설,주택및부속사,2
10000,교육연구시설,교사휴게실,2
25000,발전시설,소방펌프실,2
10000,교육연구시설,컴퓨터실,2
21000,동물및식물관련시설,계살장,2
01000,단독주택,96농어촌,2
04000,제2종근린생활시설,출장소,2
17000,공장,실험실및창고,2
02000,공동주택,세미나룸,2
02000,공동주택,아동복지시설,2
02000,공동주택,지열,2
17000,공장,기숙사및수위실,2
17000,공장,clean,2
01000,단독주택,직판장,2
10000,교육연구시설,연습실,2
01000,단독주택,2016년,2
17000,공장,유연탄홉퍼,2
01000,단독주택,연립1호주택,2
18000,창고시설,처소,2
01000,단독주택,영업용및주택,2
01000,단독주택,다가구주택10가구용,2
01000,단독주택,근린생활시설및단독주택용5가구,2
21000,동물및식물관련시설,돈분계사,2
01000,단독주택,새마을건조실,2
18000,창고시설,농기계마을공동보관창고,2
21000,동물및식물관련시설,농가용저온저장고,2
21000,동물및식물관련시설,축사및계분발효장,2
18000,창고시설,공작실및창고,2
21000,동물및식물관련시설,도견장,2
01000,단독주택,주택및여관,2
10000,교육연구시설,교수연구동,2
01000,단독주택,8등관사,2
21000,동물및식물관련시설,동묾및식물관련시설,2
18000,창고시설,창고및곡물건조장,2
21000,동물및식물관련시설,축산분뇨처리,2
18000,창고시설,멸막,2
02000,공동주택,다세대17세대,2
21000,동물및식물관련시설,농축산물집하장,2
01000,단독주택,주택및부속축사,2
13000,운동시설,루지스타트훈련장,2
17000,공장,중계,2
01000,단독주택,지상차고,2
21000,동물및식물관련시설,괸리사,2
18000,창고시설,창고및회관,2
21000,동물및식물관련시설,농산물건가시설,2
18000,창고시설,농기계창고및주택,2
21000,동물및식물관련시설,파이프조,2
18000,창고시설,작업장및저온저장창고,2
18000,창고시설,유류저장고,2
01000,단독주택,근린생활시설및단독주택8가구용,2
18000,창고시설,농가구창고,2
09000,의료시설,세탁물보관소,2
04000,제2종근린생활시설,권양기실,2
04000,제2종근린생활시설,영모정,2
04000,제2종근린생활시설,주택및제2종근린생활,2
04000,제2종근린생활시설,사진촬영소,2
04000,제2종근린생활시설,권양실,2
04000,제2종근린생활시설,근조장,2
04000,제2종근린생활시설,점포상가,2
17000,공장,기계작업실,2
04000,제2종근린생활시설,도자기작업장,2
06000,종교시설,창고및화장실,2
04000,제2종근린생활시설,성결교회,2
24000,방송통신시설,k텔레콤,2
17000,공장,건조용,2
04000,제2종근린생활시설,방범사무실,2
04000,제2종근린생활시설,물품보관소,2
13000,운동시설,테니스장본부석,2
14000,업무시설,지방자치단체,2
17000,공장,액화가스충전소,2
Z5000,문화및집회시설,매점,2
17000,공장,곡물저장창고,2
13000,운동시설,테니스장관람석해가림시설,2
18000,창고시설,처리서설,2
13000,운동시설,해가림시설,2
02000,공동주택,116세대,2
18000,창고시설,스키장,2
21000,동물및식물관련시설,우사외,2
03000,제1종근린생활시설,무인통신공사,2
20000,자동차관련시설,운수법에,2
21000,동물및식물관련시설,거름탱크,2
02000,공동주택,재활용품보관소3,2
23000,교정및군사시설,통합창고,2
04000,제2종근린생활시설,일반철물제조,2
02000,공동주택,공동주택및복합시설,2
03000,제1종근린생활시설,옥외변소,2
03000,제1종근린생활시설,소매점및점포,2
03000,제1종근린생활시설,농산물공동수집장,2
11000,노유자시설,찜질방,2
03000,제1종근린생활시설,업무시설및제1종근린생활시설,2
03000,제1종근린생활시설,단독주택제1종근린생활시설,2
03000,제1종근린생활시설,제1종생활근린시설,2
03000,제1종근린생활시설,우수배제펌프장,2
01000,단독주택,89년농촌주택개량,2
03000,제1종근린생활시설,송풍실,2
03000,제1종근린생활시설,세탁건조실,2
03000,제1종근린생활시설,교정및군사시설,2
03000,제1종근린생활시설,주택및근린생할시설,2
03000,제1종근린생활시설,단독주택및소매점,2
03000,제1종근린생활시설,지역편의시설,2
03000,제1종근린생활시설,공공창고,2
11000,노유자시설,노인복지설,2
03000,제1종근린생활시설,수질자동측정소,2
03000,제1종근린생활시설,보건소및단독주택,2
03000,제1종근린생활시설,수문관리시설,2
17000,공장,건축용목제품제조,2
03000,제1종근린생활시설,근린생활시설위락시설,2
05000,문화및집회시설,민속박물관,2
17000,공장,자갈,2
17000,공장,가스룸,2
03000,제1종근린생활시설,연금매점,2
,,이발소,2
17000,공장,분리실,2
01000,단독주택,97주택개량사업대상자,2
06000,종교시설,교회본당,2
02000,공동주택,03,2
04000,제2종근린생활시설,제조업소사무소,2
04000,제2종근린생활시설,서예,2
04000,제2종근린생활시설,15세대,2
17000,공장,산회수,2
17000,공장,electric,2
01000,단독주택,1996년,2
04000,제2종근린생활시설,농가구수리점,2
17000,공장,고압가스저장고,2
17000,공장,투약실,2
01000,단독주택,3세대용,2
01000,단독주택,건조실및창고,2
20000,자동차관련시설,공동변소,2
22000,분뇨.쓰레기처리시설,하수슬러지,2
03000,제1종근린생활시설,사찰,2
04000,제2종근린생활시설,젓갈류,2
06000,종교시설,포교당,2
04000,제2종근린생활시설,노래연습장및,2
17000,공장,컨트롤룸,2
21000,동물및식물관련시설,축양장부대시설,2
27000,관광휴게시설,전기제어실,2
03000,제1종근린생활시설,관람및집회시설,2
21000,동물및식물관련시설,고,2
11000,노유자시설,협동,2
20000,자동차관련시설,카센터,2
01000,단독주택,잡화,2
22000,분뇨.쓰레기처리시설,쓰레시처리시설,2
20000,자동차관련시설,세차,2
18000,창고시설,제조소,2
23000,교정및군사시설,실내사격장,2
02000,공동주택,유흥주점,2
Z3000,근린생활시설,시장,2
01000,단독주택,양곡창고,2
02000,공동주택,교육및연구시설,2
14000,업무시설,본관사무실,2
02000,공동주택,맘스룸,2
14000,업무시설,공해공장,2
17000,공장,용접공장,2
17000,공장,모터룸,2
01000,단독주택,주택3,2
07000,판매시설,숙직실,2
02000,공동주택,근린생활시설및다가구주택,2
02000,공동주택,급배기타워,2
03000,제1종근린생활시설,휀룸,2
03000,제1종근린생활시설,커피전문점,2
17000,공장,water,2
22000,분뇨.쓰레기처리시설,재활용선별동,2
07000,판매시설,농수산물,2
10000,교육연구시설,도량하,2
17000,공장,포장용판지상자,2
03000,제1종근린생활시설,부변전실,2
17000,공장,엿공장,2
02000,공동주택,지하제연실,2
17000,공장,물품제조시설,2
19000,위험물저장및처리시설,저장판매소,2
23000,교정및군사시설,차양대1,2
17000,공장,및부대시설,2
17000,공장,녹차가공,2
20000,자동차관련시설,문화집회시설,2
23000,교정및군사시설,야외강의장,2
04000,제2종근린생활시설,주택및소매점,2
20000,자동차관련시설,차고관리사,2
17000,공장,주공장,2
01000,단독주택,제2종근린생활시설사무소,2
02000,공동주택,영아원,2
04000,제2종근린생활시설,휴게및일반음식점,2
10000,교육연구시설,농업박물관,2
10000,교육연구시설,야외교육장,2
04000,제2종근린생활시설,전각,2
,,취사장,2
31000,야영장시설,공동화장실,2
17000,공장,auto,2
02000,공동주택,우수처리시설관리층,2
04000,제2종근린생활시설,학원시설,2
17000,공장,목재도구,2
04000,제2종근린생활시설,인터넷게임시설제공업소,2
21000,동물및식물관련시설,사무실및창고,2
04000,제2종근린생활시설,재활용보관시설,2
23000,교정및군사시설,발칸진지,2
04000,제2종근린생활시설,전자변성기제조,2
04000,제2종근린생활시설,재조장,2
18000,창고시설,35,2
04000,제2종근린생활시설,실습실,2
01000,단독주택,쓰레기분리수거장,2
02000,공동주택,126세대,2
02000,공동주택,다세대12,2
04000,제2종근린생활시설,내의제조업,2
13000,운동시설,야구경기장,2
17000,공장,부로아실,2
21000,동물및식물관련시설,꿩,2
09000,의료시설,흡연실,2
17000,공장,로,2
08000,운수시설,직장어린이집,2
02000,공동주택,일반공장,2
20000,자동차관련시설,원동기전문정비업,2
01000,단독주택,0,2
19000,위험물저장및처리시설,캐노피2,2
01000,단독주택,교육연구시설및복지시설,2
04000,제2종근린생활시설,자전거수리점,2
04000,제2종근린생활시설,점포및대중음식점,2
21000,동물및식물관련시설,동물및식물관련시설외,2
01000,단독주택,농촌주택자력개량,2
01000,단독주택,펌프장,2
07000,판매시설,전기,2
02000,공동주택,우수펌프,2
11000,노유자시설,노인복시설,2
17000,공장,터빈발전기실,2
14000,업무시설,8가구,2
09000,의료시설,오폐수처리시설,2
15000,숙박시설,33실,2
08000,운수시설,판매시설및영업시설,2
15000,숙박시설,숙박시설및2종근생,2
04000,제2종근린생활시설,농협연쇄점,2
17000,공장,제품검사실,2
04000,제2종근린생활시설,수리대기소,2
10000,교육연구시설,분임토의실,2
21000,동물및식물관련시설,12,2
02000,공동주택,바이크리페어샵,2
01000,단독주택,로라스케이트장,2
17000,공장,조립기,2
17000,공장,제1차유리가공품,2
17000,공장,공장주택,2
17000,공장,시험분석연구실,2
21000,동물및식물관련시설,농산물관리사,2
01000,단독주택,농가용단독주택1가구,2
18000,창고시설,화훼저온저장고,2
01000,단독주택,소매점및일반음식점,2
04000,제2종근린생활시설,식육판매점,2
Z3000,근린생활시설,전시관,2
14000,업무시설,지방자치단체의,2
17000,공장,페수처리실,2
18000,창고시설,화약저장고,2
22000,분뇨.쓰레기처리시설,폐기물시설,2
14000,업무시설,법당,2
21000,동물및식물관련시설,축산업창고,2
10000,교육연구시설,랑하,2
01000,단독주택,77년농촌주택개량,2
12000,수련시설,학생수련원,2
01000,단독주택,농축,2
09000,의료시설,시체실,2
03000,제1종근린생활시설,공용화기호,2
21000,동물및식물관련시설,톱밥발효우사외,2
02000,공동주택,동전기,2
10000,교육연구시설,학교안전보호실,2
10000,교육연구시설,축구부합숙소,2
10000,교육연구시설,교육및복지연구시설,2
10000,교육연구시설,연구교육시설,2
10000,교육연구시설,고가수조,2
17000,공장,계,2
12000,수련시설,합숙소,2
13000,운동시설,외1건,2
08000,운수시설,철도신호취급소,2
17000,공장,직조업,2
04000,제2종근린생활시설,박신장,2
14000,업무시설,33실,2
06000,종교시설,a동종교시설,2
07000,판매시설,구매시설및생활시설,2
07000,판매시설,근린생활시설외1용도,2
,,부속,2
02000,공동주택,연립주택18세대,2
19000,위험물저장및처리시설,방사성폐기물,2
10000,교육연구시설,합숙소동,2
19000,위험물저장및처리시설,유독물보관저장시설,2
02000,공동주택,보관,2
18000,창고시설,물품하치장,2
06000,종교시설,화장실및샤워실,2
17000,공장,합성수지제품제조,2
,,목선제조공장,2
19000,위험물저장및처리시설,근린생활시설외1,2
01000,단독주택,생산물기자재보관창고,2
14000,업무시설,및제1종근린생활시설,2
18000,창고시설,도로부대시설,2
05000,문화및집회시설,종합운동장,2
07000,판매시설,원두막,2
31000,야영장시설,자재보관창고,2
10000,교육연구시설,부스시설,2
20000,자동차관련시설,중간기계실,2
21000,동물및식물관련시설,재료창고,2
24000,방송통신시설,tvr중계소,2
17000,공장,정비shop,2
30000,자원순환관련시설,야외,2
20000,자동차관련시설,전기충전동,2
22000,분뇨.쓰레기처리시설,분묘및쓰레기처리시설,2
22000,분뇨.쓰레기처리시설,계분저장고,2
20000,자동차관련시설,고압가스충전소,2
21000,동물및식물관련시설,출아실,2
22000,분뇨.쓰레기처리시설,교육연구및복지시설,2
22000,분뇨.쓰레기처리시설,차고지,2
22000,분뇨.쓰레기처리시설,재활용선별시설,2
04000,제2종근린생활시설,의류복제조업,2
22000,분뇨.쓰레기처리시설,폐수처리장기계실,2
22000,분뇨.쓰레기처리시설,배수장,2
17000,공장,버스정류장,2
02000,공동주택,74대,2
30000,자원순환관련시설,분뇨및폐기물처리시설,2
17000,공장,물품저장,2
02000,공동주택,광부사택,2
17000,공장,디펌프실,2
17000,공장,유기질비료제조,2
18000,창고시설,수산물가공처리장,2
18000,창고시설,부설주차장,2
16000,위락시설,샤워실,2
03000,제1종근린생활시설,급속여과지,2
05000,문화및집회시설,9,2
18000,창고시설,젓창고,2
04000,제2종근린생활시설,기타근생,2
17000,공장,프리브랜딩야드,2
21000,동물및식물관련시설,소운동장,2
02000,공동주택,기계실3,2
03000,제1종근린생활시설,휴게공간,2
02000,공동주택,정보,2
21000,동물및식물관련시설,부속기계실,2
17000,공장,콤푸실,2
01000,단독주택,95정주권사업,2
17000,공장,다방,2
05000,문화및집회시설,관람시설,2
19000,위험물저장및처리시설,취사용가스판매점,2
15000,숙박시설,위락시설및,2
18000,창고시설,리사무소,2
15000,숙박시설,제2근린생활시설,2
03000,제1종근린생활시설,근린공공생활시설,2
03000,제1종근린생활시설,취사실,2
04000,제2종근린생활시설,오더존,2
04000,제2종근린생활시설,게임제공업의시설,2
04000,제2종근린생활시설,대중음시점,2
01000,단독주택,단독관사,2
04000,제2종근린생활시설,전기기계실,2
05000,문화및집회시설,예배실,2
20000,자동차관련시설,기사숙소,2
02000,공동주택,방제센타,2
19000,위험물저장및처리시설,위험물자정및처리시설,2
18000,창고시설,수산물냉동보관창고,2
17000,공장,기타방직업,2
14000,업무시설,배양연구소,2
15000,숙박시설,비지니스호텔,2
17000,공장,투입실,2
15000,숙박시설,점포및주택,2
04000,제2종근린생활시설,농기계수리공장,2
,,역,2
03000,제1종근린생활시설,열람실,2
21000,동물및식물관련시설,여과지,2
14000,업무시설,계단,2
02000,공동주택,발전기실동,2
04000,제2종근린생활시설,소방기계실,2
03000,제1종근린생활시설,농협판매장,2
03000,제1종근린생활시설,건축자재판매장,2
20000,자동차관련시설,옥내작업장,2
03000,제1종근린생활시설,경찰관사,2
10000,교육연구시설,실험,2
03000,제1종근린생활시설,비공해공장,2
06000,종교시설,탁구장,2
11000,노유자시설,노육자시설,2
,,다세대,2
17000,공장,방송통신시설,2
17000,공장,사무실및경비실,2
13000,운동시설,e,2
17000,공장,탁주제조업,2
18000,창고시설,건조용창고,2
17000,공장,수산물가공업,2
19000,위험물저장및처리시설,창고및화장실,2
Z5000,문화및집회시설,업무시설,2
18000,창고시설,강당,2
18000,창고시설,농산물저장건조시설,2
02000,공동주택,다목적시설,2
03000,제1종근린생활시설,유흥시설,2
21000,동물및식물관련시설,소독창고,2
04000,제2종근린생활시설,제2종근근린생활시설,2
04000,제2종근린생활시설,사격장,2
20000,자동차관련시설,간이매점,2
17000,공장,분전실,2
20000,자동차관련시설,운전자대기실,2
02000,공동주택,클린에어스테이션,2
02000,공동주택,자하주차장,2
04000,제2종근린생활시설,전화기보존실,2
18000,창고시설,도정,2
17000,공장,소방호스저장소,2
01000,단독주택,농촌주택개량대상자,2
01000,단독주택,g,2
02000,공동주택,공공보행통로,2
21000,동물및식물관련시설,5동,2
02000,공동주택,주부문화센터,2
17000,공장,chilling,2
02000,공동주택,기숙사시설,2
02000,공동주택,데크층,2
30000,자원순환관련시설,폐기물재활용처리시설,2
18000,창고시설,참다래간이집하장,2
02000,공동주택,재가노인복지시설,2
,,계,2
06000,종교시설,삼신당,2
17000,공장,일반폐기물,2
12000,수련시설,발전기실,2
Z8000,교육연구및복지시설,새마을유아원,2
10000,교육연구시설,창업보육센터,2
02000,공동주택,은행,2
04000,제2종근린생활시설,선박수리점,2
04000,제2종근린생활시설,청년공방,2
02000,공동주택,아파트19,2
06000,종교시설,성당및,2
01000,단독주택,ㅅ뗍領,2
20000,자동차관련시설,유류저장고,2
07000,판매시설,독서실,2
01000,단독주택,9가구주택,2
03000,제1종근린생활시설,개수실,2
04000,제2종근린생활시설,제2종근림생활시설,2
06000,종교시설,적멸보궁,2
06000,종교시설,보광전,2
17000,공장,벽돌양생실,2
03000,제1종근린생활시설,옥층,2
04000,제2종근린생활시설,종중사무실,2
25000,발전시설,플라이애쉬동,2
27000,관광휴게시설,비각,2
21000,동물및식물관련시설,간이창고,2
11000,노유자시설,사진관,2
09000,의료시설,미용원,2
24000,방송통신시설,변소,2
18000,창고시설,톱밥건조장,2
22000,분뇨.쓰레기처리시설,하수,2
01000,단독주택,2층주택,2
14000,업무시설,저온창고,2
13000,운동시설,계단실,2
01000,단독주택,수퍼마켓,2
17000,공장,배전만,2
02000,공동주택,98세대,2
10000,교육연구시설,옥외체육시설,2
12000,수련시설,수련장,2
04000,제2종근린생활시설,핏트,2
17000,공장,dcs,2
14000,업무시설,데크,2
03000,제1종근린생활시설,체력단력장,2
06000,종교시설,향토유적,2
17000,공장,식,2
10000,교육연구시설,보안초소,2
18000,창고시설,수산물냉동,2
25000,발전시설,fa,2
17000,공장,터빈기계실,2
10000,교육연구시설,3동,2
14000,업무시설,위험물처리시설,2
03000,제1종근린생활시설,사무동,2
24000,방송통신시설,스튜디오,2
03000,제1종근린생활시설,도로관리소,2
23000,교정및군사시설,병영쉼터,2
03000,제1종근린생활시설,수위관측소,2
27000,관광휴게시설,휴양소,2
03000,제1종근린생활시설,제2종근린생횔시설,2
08000,운수시설,정비공장,2
,,식물,2
14000,업무시설,게스트룸,2
17000,공장,가동,2
06000,종교시설,복지관,2
04000,제2종근린생활시설,근린생활시설및다가구용단독주택,2
06000,종교시설,옥탑,2
19000,위험물저장및처리시설,하역장,2
05000,문화및집회시설,문화예술회관,2
03000,제1종근린생활시설,c,2
03000,제1종근린생활시설,제2종근린생활시서,2
14000,업무시설,감시제어반실,2
02000,공동주택,108동,2
04000,제2종근린생활시설,제약실,2
,,공공시설,2
11000,노유자시설,부속차고,2
17000,공장,제조시설및사무실,2
02000,공동주택,공중목욕탕,2
18000,창고시설,2근린생활시설,2
04000,제2종근린생활시설,수산물창고,2
02000,공동주택,폐기물보관함,2
03000,제1종근린생활시설,휴식시설,2
03000,제1종근린생활시설,부속상가,2
21000,동물및식물관련시설,퇴비사외,2
17000,공장,냉동저온창고,2
11000,노유자시설,보건소,2
24000,방송통신시설,기타방송통신시설,2
17000,공장,섬유공장,2
17000,공장,채소절임식품,2
17000,공장,숙박시설,2
08000,운수시설,화물취급소,2
04000,제2종근린생활시설,주택및부속,2
17000,공장,타올제작업,2
18000,창고시설,세관창고,2
17000,공장,np,2
21000,동물및식물관련시설,건조장및,2
05000,문화및집회시설,홍학사,2
03000,제1종근린생활시설,단지형다세대주택,2
17000,공장,콘베어실,2
01000,단독주택,농가주택및제1종근린생활시설,2
01000,단독주택,제2종근린생활시설주택,2
17000,공장,36,2
17000,공장,공장2,2
30000,자원순환관련시설,폐기물재활시설,2
17000,공장,블럭,2
14000,업무시설,카페,2
02000,공동주택,생활시설및,2
17000,공장,배합사료공장,2
05000,문화및집회시설,구본전,2
17000,공장,상하차장,2
01000,단독주택,위험물취급,2
17000,공장,산소충전대,2
12000,수련시설,연수원,2
01000,단독주택,관,2
23000,교정및군사시설,차양대2,2
05000,문화및집회시설,보이라실,2
02000,공동주택,아파트10세대,2
21000,동물및식물관련시설,흑염소사육사,2
Z3000,근린생활시설,3세대,2
14000,업무시설,교육지원청사,2
17000,공장,제토장,2
01000,단독주택,목욕장,2
17000,공장,봄베하우스,2
01000,단독주택,목구조,2
17000,공장,농가용창고,2
12000,수련시설,교육시설,2
17000,공장,보관고,2
03000,제1종근린생활시설,소매점주택,2
17000,공장,무기흡착제창고,2
17000,공장,창고및숙소,2
17000,공장,옥외출하장,2
17000,공장,압축기쉘터,2
Z3000,근린생활시설,6가구,2
,,퇴적장,2
16000,위락시설,유원시설업의시설,2
Z8000,교육연구및복지시설,휴게실,2
25000,발전시설,펌프실,2
17000,공장,뱃차프랜트,2
17000,공장,라인,2
21000,동물및식물관련시설,축양관리사,2
02000,공동주택,부대시설동,2
27000,관광휴게시설,역사공원,2
01000,단독주택,조리실,2
01000,단독주택,창고및관리사,2
04000,제2종근린생활시설,해사사무실,2
17000,공장,약품처리실,2
10000,교육연구시설,잠실,2
02000,공동주택,오피스텔7호,2
13000,운동시설,근생시설,2
27000,관광휴게시설,정비고,2
27000,관광휴게시설,편의시설,2
04000,제2종근린생활시설,도로공사,2
06000,종교시설,심인당,2
03000,제1종근린생활시설,극장,2
17000,공장,생산부대시설,2
17000,공장,피피촉매실,2
17000,공장,폐수처리관리동,2
17000,공장,트럭적재실,2
17000,공장,물류출하대기실,2
17000,공장,선박물품제조공장,2
17000,공장,화학실,2
17000,공장,내외장타일공장,2
17000,공장,샤워탈의장,2
04000,제2종근린생활시설,골프,2
04000,제2종근린생활시설,표시변경,2
17000,공장,계중실,2
17000,공장,에어콤프레샤셀타,2
17000,공장,주류제조공장,2
17000,공장,감시대,2
17000,공장,보일러개스정압실,2
17000,공장,떡공장,2
17000,공장,공장및전시장,2
17000,공장,영선작업장,2
17000,공장,공업용수계량실,2
27000,관광휴게시설,일주문,2
27000,관광휴게시설,교육연구및복지시설,2
27000,관광휴게시설,모정,2
17000,공장,cmb공장펌프실,2
16000,위락시설,위락시설및2종근린생활시설,2
27000,관광휴게시설,부속창고4,2
21000,동물및식물관련시설,동물빛식물관련시설,2
18000,창고시설,과원막,2
18000,창고시설,농기계창고및축사,2
01000,단독주택,주택겸공장,2
18000,창고시설,잎담배공동건조장및저장창고,2
21000,동물및식물관련시설,축사및착유실,2
01000,단독주택,주택단독주택,2
18000,창고시설,적재창고,2
21000,동물및식물관련시설,버섯재비사,2
01000,단독주택,접견실,2
01000,단독주택,근린생활시설및단독주택2가구용,2
03000,제1종근린생활시설,다시마저장,2
21000,동물및식물관련시설,축사및헛간,2
04000,제2종근린생활시설,메주방,2
20000,자동차관련시설,건축물,2
01000,단독주택,방풍실,2
18000,창고시설,기타근생,2
18000,창고시설,임대용창고,2
01000,단독주택,점포외2용도,2
18000,창고시설,농협비료창고,2
18000,창고시설,영농자재보관소,2
21000,동물및식물관련시설,농업용시설재배온실,2
22000,분뇨.쓰레기처리시설,최초,2
21000,동물및식물관련시설,작물배재사,2
21000,동물및식물관련시설,농업생활시설,2
01000,단독주택,농지주택,2
01000,단독주택,군인주택,2
17000,공장,시험기구보관시설,2
01000,단독주택,디세대주택,2
18000,창고시설,농축산물창고,2
21000,동물및식물관련시설,채소육묘장,2
18000,창고시설,농업기계창고,2
01000,단독주택,연립사택,2
01000,단독주택,단층주택및점포,2
19000,위험물저장및처리시설,연료공급시설,2
01000,단독주택,부속2,2
18000,창고시설,석유화학공장,2
01000,단독주택,사원사택,2
18000,창고시설,감자저장소,2
21000,동물및식물관련시설,계사및창고,2
01000,단독주택,점포및단독주택,2
21000,동물및식물관련시설,양봉관리사,2
03000,제1종근린생활시설,10,2
15000,숙박시설,운수시설,2
25000,발전시설,염해방지시설,2
17000,공장,야구장,2
17000,공장,영화관,2
18000,창고시설,ess창고,2
25000,발전시설,밧테리실,2
01000,단독주택,22호,2
Z6000,판매및영업시설,역종업원숙소,2
10000,교육연구시설,야외휴게소,2
17000,공장,농산물가공품제조업,2
19000,위험물저장및처리시설,액화및고압가스판매소,2
Z3000,근린생활시설,관리사택,2
04000,제2종근린생활시설,판매시설외,2
Z3000,근린생활시설,점포및사무실,2
08000,운수시설,열차운전취급,2
04000,제2종근린생활시설,공가,2
05000,문화및집회시설,세탁실,2
05000,문화및집회시설,화원,2
13000,운동시설,스켈레톤,2
Z9000,공공용시설,기타,2
11000,노유자시설,영아원사,2
11000,노유자시설,영화실,2
17000,공장,화학실및탈수기실,2
27000,관광휴게시설,저온창고,2
03000,제1종근린생활시설,제2종근린생활시설제1종근린생활시설,2
03000,제1종근린생활시설,예비군중대본부사무실,2
03000,제1종근린생활시설,소방대사,2
02000,공동주택,b형,2
03000,제1종근린생활시설,부속1호,2
02000,공동주택,128세대,2
02000,공동주택,53세대,2
03000,제1종근린생활시설,점포및휴게음식점,2
20000,자동차관련시설,건설기계,2
03000,제1종근린생활시설,마을회관노인정,2
03000,제1종근린생활시설,배급소,2
03000,제1종근린생활시설,이동통신시설,2
03000,제1종근린생활시설,관리용공중변소,2
03000,제1종근린생활시설,간이중계소,2
03000,제1종근린생활시설,등각,2
17000,공장,주차관리실,2
03000,제1종근린생활시설,교육연구및복지시설외1용도,2
03000,제1종근린생활시설,공청,2
03000,제1종근린생활시설,주거및근린생활시설,2
03000,제1종근린생활시설,근린생할시설및주택,2
02000,공동주택,학생용,2
13000,운동시설,농구장,2
22000,분뇨.쓰레기처리시설,생활오수처리시설,2
22000,분뇨.쓰레기처리시설,농산물임시하치장,2
22000,분뇨.쓰레기처리시설,재활용선별창고,2
20000,자동차관련시설,제1종근린생활시설자동차관련시설,2
21000,동물및식물관련시설,가축이동통로,2
22000,분뇨.쓰레기처리시설,측정기실,2
22000,분뇨.쓰레기처리시설,일반폐기물처리시설,2
20000,자동차관련시설,자동차관련시설정비공장,2
03000,제1종근린생활시설,응집지및침전지,2
Z3000,근린생활시설,점포및,2
04105,당구장,당구장,2
15000,숙박시설,대피소및보이라실,2
23000,교정및군사시설,실내체력단련장,2
07000,판매시설,식료,2
04000,제2종근린생활시설,선박수리공장,2
17000,공장,재활용시설,2
04000,제2종근린생활시설,점포및병원,2
10000,교육연구시설,중학교교실,2
04000,제2종근린생활시설,농기계판매수리점,2
06000,종교시설,토굴,2
17000,공장,금속문,2
04000,제2종근린생활시설,출장소사무실,2
04000,제2종근린생활시설,경비실1,2
04000,제2종근린생활시설,차고지용사무실,2
04000,제2종근린생활시설,가내수공업공장,2
06000,종교시설,고직사,2
04000,제2종근린생활시설,효부각,2
04000,제2종근린생활시설,상가주차장,2
04000,제2종근린생활시설,목공소및주택,2
04000,제2종근린생활시설,제2종근생제조업,2
18000,창고시설,표준설계도,2
04000,제2종근린생활시설,처소,2
04000,제2종근린생활시설,금용업소,2
21000,동물및식물관련시설,육상어류양식장,2
18000,창고시설,냉장냉동창고,2
04000,제2종근린생활시설,생외1,2
04000,제2종근린생활시설,e,2
03000,제1종근린생활시설,부식고,2
19000,위험물저장및처리시설,외3,2
04000,제2종근린생활시설,및창고시설,2
01000,단독주택,주민운동시설,2
17000,공장,samy,2
01000,단독주택,양잠,2
03000,제1종근린생활시설,주조장,2
03000,제1종근린생활시설,다가구2,2
17000,공장,스크린,2
30000,자원순환관련시설,보관장,2
15000,숙박시설,제2종근생활시설,2
01000,단독주택,97농촌주택개량지원대상자,2
04000,제2종근린생활시설,감귤창고,2
03000,제1종근린생활시설,이동전화,2
03000,제1종근린생활시설,전기관리실,2
01000,단독주택,주상복합,2
17000,공장,영업시설,2
20000,자동차관련시설,및제2종근린생활시설,2
10000,교육연구시설,야외실습장,2
17000,공장,광산시설,2
18000,창고시설,현관,2
21000,동물및식물관련시설,선별작업장,2
04000,제2종근린생활시설,공장및,2
14000,업무시설,가스정압실,2
16000,위락시설,2종근린생활,2
21000,동물및식물관련시설,전복종묘배양장,2
02000,공동주택,가족운동시설,2
18000,창고시설,공동취사장,2
02000,공동주택,공동주캑,2
03000,제1종근린생활시설,나,2
17000,공장,48동,2
02000,공동주택,106동1층,2
01000,단독주택,6실,2
03000,제1종근린생활시설,한옥체험업,2
01000,단독주택,다가구5가구용,2
05000,문화및집회시설,기타,2
17000,공장,발열량,2
21000,동물및식물관련시설,식물관련시,2
17000,공장,설비시설,2
18000,창고시설,농업기계,2
04000,제2종근린생활시설,부락공동시설,2
19000,위험물저장및처리시설,유독물저장시설,2
14000,업무시설,제품창고,2
07000,판매시설,카바레,2
09000,의료시설,2근린생활시설,2
01000,단독주택,일반대중음식점,2
01000,단독주택,자재창고,2
07000,판매시설,제2종근생시설,2
01000,단독주택,생시설및다가구주택,2
Z8000,교육연구및복지시설,숙직실및창고,2
02000,공동주택,주차장연결통로,2
20000,자동차관련시설,주기장사무소,2
03000,제1종근린생활시설,통합청사,2
01000,단독주택,게사,2
04000,제2종근린생활시설,금속탱크,2
02000,공동주택,주민시설화장실,2
04000,제2종근린생활시설,스크린골프,2
02000,공동주택,분전반,2
01000,단독주택,온수탱크실,2
02000,공동주택,빗물저장조관리층,2
30000,자원순환관련시설,음식물처리시설,2
03000,제1종근린생활시설,단독주택및제1,2
01000,단독주택,휴게음식점및주택,2
21000,동물및식물관련시설,검사실,2
18000,창고시설,펌푸실,2
02000,공동주택,플리마켓,2
30000,자원순환관련시설,마을하수도,2
22000,분뇨.쓰레기처리시설,직원숙소,2
01000,단독주택,청고시설,2
02000,공동주택,오수처리시설관리실,2
02000,공동주택,주유소,2
17000,공장,사무실및전기실,2
02000,공동주택,탁아시설,2
Z3000,근린생활시설,노인복지시설,2
18000,창고시설,보일라실,2
01000,단독주택,다중주택7호,2
21000,동물및식물관련시설,축산폐수정화시설,2
21000,동물및식물관련시설,돈분저장조,2
02000,공동주택,가스탱크,2
10000,교육연구시설,부속유치원,2
03000,제1종근린생활시설,2종근린생활시설및다가구주택,2
07000,판매시설,통신실,2
01000,단독주택,1주택,2
02000,공동주택,딜리버리서비스보관소,2
11000,노유자시설,지하실,2
08000,운수시설,유류고,2
21000,동물및식물관련시설,농축장,2
02000,공동주택,아파트관리소,2
17000,공장,양곡,2
17000,공장,주1,2
01000,단독주택,근린린생활시설,2
03000,제1종근린생활시설,사제관,2
02000,공동주택,다세대주택및1종근린생활시설,2
09000,의료시설,상가,2
08000,운수시설,펌프장,2
21000,동물및식물관련시설,블럭,2
17000,공장,농축산물가공,2
10000,교육연구시설,대학교회,2
02000,공동주택,2종근린생활시설및아파트,2
13000,운동시설,심판석,2
04000,제2종근린생활시설,단족주택,2
02000,공동주택,휴게,2
08000,운수시설,세차장,2
08000,운수시설,화물처리장,2
17000,공장,abs,2
18000,창고시설,배송기사휴게실,2
10000,교육연구시설,외2건,2
01000,단독주택,다가구및제1,2
06000,종교시설,범종루,2
05000,문화및집회시설,선교원,2
18000,창고시설,e동,2
14000,업무시설,키즈카페,2
21000,동물및식물관련시설,타조사육,2
14000,업무시설,주택및근린생활시설,2
03000,제1종근린생활시설,점포및일반음식점,2
10000,교육연구시설,공대본관,2
17000,공장,커피및차,2
03000,제1종근린생활시설,여성복지회관,2
07000,판매시설,제1종및제2종근린생활시설,2
01000,단독주택,근린새왈시설,2
10000,교육연구시설,행정,2
02000,공동주택,재할용품창고,2
24000,방송통신시설,통신시설기계실,2
17000,공장,철구조물,2
03000,제1종근린생활시설,농축조,2
18000,창고시설,선광장,2
26000,묘지관련시설,연결통로,2
02000,공동주택,커뮤니티존,2
24000,방송통신시설,송신소기계실,2
14000,업무시설,자전거보관소,2
03000,제1종근린생활시설,축전지실,2
10000,교육연구시설,생활실,2
04000,제2종근린생활시설,다가구3,2
17000,공장,공급공장,2
17000,공장,석제품,2
21000,동물및식물관련시설,가공시설,2
18000,창고시설,사무실외,2
08000,운수시설,화물창고,2
04000,제2종근린생활시설,가요주점,2
13000,운동시설,역도훈련장,2
04000,제2종근린생활시설,실내수영장,2
02000,공동주택,p2,2
17000,공장,lcb,2
14000,업무시설,내무반,2
21000,동물및식물관련시설,퇴비저장창고,2
03000,제1종근린생활시설,승차대기소,2
01000,단독주택,지하대피실,2
20000,자동차관련시설,세차장및,2
07000,판매시설,재활용품보관소,2
05000,문화및집회시설,문화및집화시설,2
Z3000,근린생활시설,외3,2
17000,공장,분석실sar,2
02000,공동주택,106세대,2
10000,교육연구시설,사육장,2
21000,동물및식물관련시설,근린생활,2
10000,교육연구시설,식품가공실,2
17000,공장,은전해공장,2
10000,교육연구시설,레슬링훈련장,2
07000,판매시설,판매시설및일반음식점,2
17000,공장,프라스틱압출공장,2
05000,문화및집회시설,관리용건물,2
,,강의장,2
19000,위험물저장및처리시설,300구조물동,2
,,농산시설,2
19000,위험물저장및처리시설,공장시설,2
19000,위험물저장및처리시설,영업용,2
19000,위험물저장및처리시설,위험물판매소및사무실,2
02000,공동주택,유아대기실,2
02000,공동주택,지열공조실,2
02000,공동주택,통합경비실2,2
02000,공동주택,2호주택,2
02000,공동주택,비상대피공간,2
21000,동물및식물관련시설,관리시설,2
30000,자원순환관련시설,폐기물소각시설,2
30000,자원순환관련시설,재활용처리시설,2
02000,공동주택,헬로우라운지,2
02000,공동주택,근린생활시설및관리사무소,2
01000,단독주택,3급,2
02000,공동주택,식당및기숙사,2
17000,공장,기타내장가구제조업,2
02000,공동주택,열교환기실1,2
02000,공동주택,액화가스저장소,2
02000,공동주택,사무소및다세대주택,2
30000,자원순환관련시설,유류탱크동,2
02000,공동주택,분뇨정화조,2
04000,제2종근린생활시설,b시설,2
09000,의료시설,병원및주택,2
01000,단독주택,및근린시설,2
10000,교육연구시설,유류보관소,2
17000,공장,시험,2
10000,교육연구시설,궁도장,2
08000,운수시설,영주지방철도청,2
01000,단독주택,황초굴,2
17000,공장,수전설비,2
10000,교육연구시설,수양관,2
10000,교육연구시설,유치원교실,2
08000,운수시설,경비시설,2
10000,교육연구시설,여고부속창고,2
11000,노유자시설,중증요양시설,2
02000,공동주택,키즈맘스존,2
10000,교육연구시설,교육연구및복지시설외2,2
10000,교육연구시설,체육관및급식실,2
17000,공장,야외휴게실,2
10000,교육연구시설,실험연구동,2
20000,자동차관련시설,원동기수리,2
14000,업무시설,정자,2
14000,업무시설,종합사무실,2
18000,창고시설,사료생산시설,2
17000,공장,공기건조기,2
14000,업무시설,농민회관,2
07000,판매시설,잡화동,2
10000,교육연구시설,고등학교실습실,2
18000,창고시설,축산시설,2
02000,공동주택,외부elev1,2
02000,공동주택,다새대,2
17000,공장,vr하역대기실,2
03000,제1종근린생활시설,무인무선통신국,2
Z8000,교육연구및복지시설,아동숙소,2
03000,제1종근린생활시설,상수도보조취수장,2
Z8000,교육연구및복지시설,경노회관,2
Z5000,문화및집회시설,종교관련시설,2
13000,운동시설,종합경기장,2
06000,종교시설,비구니요사채,2
18000,창고시설,집배송장,2
21000,동물및식물관련시설,토밥발효우사,2
18000,창고시설,흡연실,2
22000,분뇨.쓰레기처리시설,고물상창고,2
02000,공동주택,관리실외,2
03000,제1종근린생활시설,목욕탕점포,2
14000,업무시설,사무실및숙직실,2
06000,종교시설,큰방,2
21000,동물및식물관련시설,바비리온,2
10000,교육연구시설,초자실,2
01000,단독주택,관저,2
03000,제1종근린생활시설,부속저온창고,2
02000,공동주택,문화실,2
19000,위험물저장및처리시설,세차장기계실,2
26000,묘지관련시설,영정각,2
17000,공장,21동,2
14000,업무시설,현업사무소,2
14000,업무시설,주차장캐노피,2
01000,단독주택,농가용축사,2
10000,교육연구시설,후문수위실,2
18000,창고시설,부대,2
18000,창고시설,볏짚창고,2
08000,운수시설,항만시설및종합여객시설,2
02000,공동주택,원룸형4세대,2
01000,단독주택,단독주택3,2
04000,제2종근린생활시설,단독주태,2
10000,교육연구시설,기계실2,2
10000,교육연구시설,비상급수시설,2
09000,의료시설,건강검진센터,2
19000,위험물저장및처리시설,up,2
12000,수련시설,오수처리시설,2
18000,창고시설,잡하장,2
10000,교육연구시설,락커룸,2
02000,공동주택,부문주,2
02000,공동주택,102동1층,2
22000,분뇨.쓰레기처리시설,분리수거장,2
03000,제1종근린생활시설,마을공동목욕장,2
04000,제2종근린생활시설,농수산가공처리시설,2
04000,제2종근린생활시설,연결복도,2
02000,공동주택,공동주,2
04000,제2종근린생활시설,관리사무동,2
21000,동물및식물관련시설,예냉실,2
04000,제2종근린생활시설,목재건구작업장,2
04000,제2종근린생활시설,문화및집회,2
21000,동물및식물관련시설,관리센터,2
01000,단독주택,마늘건가창고,2
13000,운동시설,워킹머신,2
04000,제2종근린생활시설,대중음식정,2
04000,제2종근린생활시설,직원대기실,2
04000,제2종근린생활시설,구매생활시설,2
02000,공동주택,발전기실1,2
04000,제2종근린생활시설,전통식품가공공장,2
15000,숙박시설,직원숙소,2
03000,제1종근린생활시설,생산시설,2
26000,묘지관련시설,제1종근린생활시설,2
18000,창고시설,저온선별장,2
21000,동물및식물관련시설,부엌,2
01000,단독주택,저장조,2
01000,단독주택,다실,2
07000,판매시설,주방,2
04000,제2종근린생활시설,제2종근린생활사무소,2
,,작물재배사,2
04000,제2종근린생활시설,중대본부사무실,2
03000,제1종근린생활시설,식당및점포,2
06000,종교시설,산신전,2
04000,제2종근린생활시설,농가주택및근린생활시설,2
04000,제2종근린생활시설,근로복지시설,2
Z3000,근린생활시설,탈의실,2
03000,제1종근린생활시설,건조대,2
09000,의료시설,물치,2
23000,교정및군사시설,대기실,2
22000,분뇨.쓰레기처리시설,슬러지처리동,2
13000,운동시설,장,2
30000,자원순환관련시설,수위실,2
10000,교육연구시설,체육부휴게실,2
03000,제1종근린생활시설,슈퍼마,2
23000,교정및군사시설,훈련장,2
03000,제1종근린생활시설,경노정,2
17000,공장,석재성형가공품제조업,2
21000,동물및식물관련시설,가공,2
18000,창고시설,양곡저장,2
18000,창고시설,소방기계실,2
18000,창고시설,자동화,2
04000,제2종근린생활시설,가공처리장,2
17000,공장,감시실,2
21000,동물및식물관련시설,송아지방,2
23000,교정및군사시설,공장,2
17000,공장,다목적,2
,,위험물저장및,2
17000,공장,27동,2
04000,제2종근린생활시설,단둑주택,2
05000,문화및집회시설,자동차경기장,2
03000,제1종근린생활시설,치매안심센터,2
04000,제2종근린생활시설,자동차부품제조업,2
17000,공장,정련반,2
,,관리,2
03000,제1종근린생활시설,사워실,2
03000,제1종근린생활시설,세척실,2
17000,공장,지대창고,2
19000,위험물저장및처리시설,가스용기저장고,2
17000,공장,식품연구소,2
20000,자동차관련시설,간이차고,2
10000,교육연구시설,자율학습실,2
01000,단독주택,손님방,2
21000,동물및식물관련시설,비사,2
14000,업무시설,우편실,2
16000,위락시설,학원,2
23000,교정및군사시설,골프연습장,2
03000,제1종근린생활시설,민원봉사실,2
11000,노유자시설,경로시설,2
01000,단독주택,단독주택9다가구주택,2
03000,제1종근린생활시설,화징실,2
Z8000,교육연구및복지시설,소매점,2
20000,자동차관련시설,부대,2
04000,제2종근린생활시설,응접실,2
04000,제2종근린생활시설,케이트볼장,2
06000,종교시설,문화및종교시설,2
04000,제2종근린생활시설,5호,2
22000,분뇨.쓰레기처리시설,대기실,2
18000,창고시설,환경위생시설,2
02000,공동주택,주차장및창고,2
21000,동물및식물관련시설,전시,2
19000,위험물저장및처리시설,윤활유창고,2
02000,공동주택,501동,2
01000,단독주택,산신당,2
20000,자동차관련시설,주차빌딩,2
05000,문화및집회시설,시민회관,2
19000,위험물저장및처리시설,유독물보관창고,2
07000,판매시설,부동산중개사무소,2
06000,종교시설,정려각,2
08000,운수시설,수산물활어위판장,2
22000,분뇨.쓰레기처리시설,매립지제어실,2
17000,공장,pta,2
14000,업무시설,판매장,2
19000,위험물저장및처리시설,기계실및가스탱크,2
18000,창고시설,준비실,2
,,가버너실,2
03000,제1종근린생활시설,판매취급소,2
24000,방송통신시설,휴게음식점,2
02000,공동주택,지하연결통로,2
17000,공장,재활용장,2
01000,단독주택,부속사랑채,2
04000,제2종근린생활시설,연사임가공,2
02000,공동주택,53,2
30000,자원순환관련시설,쓰레기자동집하시설,2
03000,제1종근린생활시설,해양경찰서,2
21000,동물및식물관련시설,전복종묘배양시설,2
05000,문화및집회시설,집회관람시설,2
Z5000,문화및집회시설,수도장,2
16000,위락시설,위탁시설,2
19000,위험물저장및처리시설,수리실,2
20000,자동차관련시설,종합관리동,2
,,3가구,2
22000,분뇨.쓰레기처리시설,미생물배양실,2
03000,제1종근린생활시설,음수대,2
03000,제1종근린생활시설,태양광발전소,2
15000,숙박시설,제,2
27000,관광휴게시설,유원지편익시설,2
09000,의료시설,보관실,2
21000,동물및식물관련시설,소그늘막,2
01000,단독주택,양계사,2
01000,단독주택,화장실및차고,2
17000,공장,cp실,2
06000,종교시설,목사사택,2
15000,숙박시설,슥박시설,2
18000,창고시설,p,2
26000,묘지관련시설,부속,2
11000,노유자시설,근린생활시설및단독주택,2
21000,동물및식물관련시설,돈사장,2
13000,운동시설,활터,2
18000,창고시설,근린생활시설1종,2
17000,공장,윤활유,2
18000,창고시설,저장저온창고,2
Z5000,문화및집회시설,객실,2
26000,묘지관련시설,공중화장실,2
18000,창고시설,항만시설,2
Z3000,근린생활시설,고시원,2
,,방아간,2
02000,공동주택,제1종2종근린생활시설,2
03000,제1종근린생활시설,이륜차거치장,2
04000,제2종근린생활시설,계단실및창고,2
04000,제2종근린생활시설,근생주택,2
22000,분뇨.쓰레기처리시설,외,2
18000,창고시설,탈곡장,2
17000,공장,물탱크기계실,2
03000,제1종근린생활시설,창고동,2
04000,제2종근린생활시설,제조업소사무실,2
04000,제2종근린생활시설,창호,2
17000,공장,성형제품,2
01000,단독주택,단독3가구주택,2
08000,운수시설,대합실승강장,2
01000,단독주택,2종린생활시설,2
21000,동물및식물관련시설,먹이생물배양동,2
02000,공동주택,대회의실,2
06000,종교시설,치사장,1
17000,공장,철골제작,1
18000,창고시설,마을경로회관,1
22000,분뇨.쓰레기처리시설,분료탱크,1
17000,공장,딘슬래브본공장,1
17000,공장,가공목재제조업,1
06000,종교시설,수도사,1
14000,업무시설,단독주택및,1
13000,운동시설,건강관리실,1
08000,운수시설,오수처리시설,1
13000,운동시설,선수대기실9,1
15000,숙박시설,일반숙박시설및,1
17000,공장,곡물제분입,1
05000,문화및집회시설,대규모점포,1
02000,공동주택,휀룸상부da,1
14000,업무시설,정문,1
10000,교육연구시설,24,1
JY,,사무실,1
17000,공장,floatation공장,1
14000,업무시설,의회청사,1
13000,운동시설,가스저장실,1
Z8000,교육연구및복지시설,누각,1
Z8000,교육연구및복지시설,2종근생,1
,,톱밥발효우사및,1
02000,공동주택,공동주택단지내,1
12000,수련시설,동사무소,1
04000,제2종근린생활시설,출입구,1
01000,단독주택,격납고,1
,,아동복지시설,1
04000,제2종근린생활시설,o,1
01000,단독주택,다중주택및2종근,1
03000,제1종근린생활시설,16,1
30000,자원순환관련시설,황산,1
04000,제2종근린생활시설,밸브실,1
11000,노유자시설,체육도장,1
06000,종교시설,부속요사채,1
04000,제2종근린생활시설,즉석식품제조,1
Z8000,교육연구및복지시설,정화조기계실,1
03000,제1종근린생활시설,나전칠기공방,1
18000,창고시설,호,1
23000,교정및군사시설,통합컨버터실,1
04000,제2종근린생활시설,참기름,1
17000,공장,c기타직물제품,1
30000,자원순환관련시설,음식물쓰레기,1
17000,공장,전시장및사무실,1
17000,공장,세차시설,1
18000,창고시설,수집,1
24000,방송통신시설,분리수거장,1
04000,제2종근린생활시설,수집선별장,1
Z5000,문화및집회시설,종교용,1
17000,공장,마을금고,1
04000,제2종근린생활시설,단무지,1
03000,제1종근린생활시설,양장점,1
17000,공장,배전반및자동제어반,1
17000,공장,일반성형제품,1
17000,공장,호장실,1
13000,운동시설,샤워장및락카룸,1
03000,제1종근린생활시설,소화펌프실,1
21000,동물및식물관련시설,흑염소건초저장고,1
01000,단독주택,과물저장고,1
01000,단독주택,제2종근린생호할시설,1
01000,단독주택,삼신당,1
18000,창고시설,등,1
14000,업무시설,어린이도서관,1
Z3000,근린생활시설,농산물,1
03000,제1종근린생활시설,산부인과병원,1
01000,단독주택,근린생활및위락시설,1
13000,운동시설,관광숙박시설,1
17000,공장,단열판넬,1
04000,제2종근린생활시설,대광교회,1
06000,종교시설,삼일제,1
17000,공장,에어콘가스펌프실,1
10000,교육연구시설,led가로등실측시설시험실,1
21000,동물및식물관련시설,방역설비,1
Z8000,교육연구및복지시설,아동숙사,1
03000,제1종근린생활시설,실증시험,1
10000,교육연구시설,풍물놀이전시관,1
02000,공동주택,프리액션밸브실,1
03000,제1종근린생활시설,옥계시설,1
01000,단독주택,부엌통로,1
Z5000,문화및집회시설,야외무대,1
Z5000,문화및집회시설,제사,1
17000,공장,세면탈의장,1
18000,창고시설,차부속,1
21000,동물및식물관련시설,사각수조,1
24000,방송통신시설,공심돈,1
02000,공동주택,취업지원실,1
03000,제1종근린생활시설,전기펌프실,1
02000,공동주택,키즈하우스,1
02000,공동주택,취업지원정보실,1
17000,공장,가스용기보관실,1
08000,운수시설,초소2,1
03000,제1종근린생활시설,일용품소맨점,1
13000,운동시설,주경기장,1
13000,운동시설,장제소,1
14000,업무시설,발전시설,1
18000,창고시설,94농촌주택개량,1
01000,단독주택,건조기설치장,1
05000,문화및집회시설,국립과천과학관,1
Z8000,교육연구및복지시설,전자계산소,1
04000,제2종근린생활시설,문구용지,1
01000,단독주택,775,1
21000,동물및식물관련시설,한우우사,1
Z5000,문화및집회시설,성전,1
27000,관광휴게시설,하이샵,1
14000,업무시설,식물공장,1
17000,공장,2유틸리티,1
17000,공장,lipf6,1
17000,공장,기사휴게실,1
15000,숙박시설,휴양콘도,1
03000,제1종근린생활시설,농공단지복지회관,1
13000,운동시설,경기보조원숙소,1
03000,제1종근린생활시설,콤푸렛샤실,1
04000,제2종근린생활시설,기타부대시설,1
03000,제1종근린생활시설,생및운동시설,1
19000,위험물저장및처리시설,수리집,1
22000,분뇨.쓰레기처리시설,급수실,1
14000,업무시설,공,1
11000,노유자시설,구립경로당,1
21000,동물및식물관련시설,다동,1
15000,숙박시설,266실,1
03000,제1종근린생활시설,안과의원,1
22000,분뇨.쓰레기처리시설,유압펌프동및침사지상옥,1
06000,종교시설,명상수련원,1
01000,단독주택,복지관,1
18000,창고시설,배전실,1
17000,공장,제품성형설비,1
01000,단독주택,93농가주택지원분,1
17000,공장,차류가공업,1
14000,업무시설,연수실,1
29000,장례시설,부속사무실,1
22000,분뇨.쓰레기처리시설,협착물분리기동,1
18000,창고시설,디,1
20000,자동차관련시설,사무소및창고,1
22000,분뇨.쓰레기처리시설,처리장동,1
01000,단독주택,79년주거환경개선사업,1
17000,공장,6호,1
,,교양실,1
10000,교육연구시설,방재시험,1
06000,종교시설,교육연구시설및복지시설,1
02000,공동주택,도시형생활형,1
20000,자동차관련시설,주기장관리사무소,1
04000,제2종근린생활시설,본부,1
20000,자동차관련시설,공장및자동차관련시설,1
04000,제2종근린생활시설,화물자동차터미널,1
06000,종교시설,관리숙소,1
18000,창고시설,주자창,1
22000,분뇨.쓰레기처리시설,분뇨폐기처리시설,1
10000,교육연구시설,부교,1
28000,가설건축물,수위실,1
18000,창고시설,휠라,1
03000,제1종근린생활시설,하행,1
08000,운수시설,항만창고,1
04000,제2종근린생활시설,군인회회관,1
22000,분뇨.쓰레기처리시설,탈취휀동,1
25000,발전시설,용강조작실,1
03000,제1종근린생활시설,오유정자,1
20000,자동차관련시설,중앙공급동,1
04000,제2종근린생활시설,잎담배수매장,1
30000,자원순환관련시설,브로와실,1
22000,분뇨.쓰레기처리시설,생활쓰레기위생매립장,1
18000,창고시설,공산물,1
03000,제1종근린생활시설,수퍼마케트,1
17000,공장,셔츠작업복및관련기성복제조업,1
15000,숙박시설,제2종근린생활시설ㅅ,1
17000,공장,강,1
10000,교육연구시설,업무시설및제1,1
20000,자동차관련시설,버섯,1
03000,제1종근린생활시설,입주민회의실,1
08000,운수시설,고속버스터미널및,1
01000,단독주택,불속사,1
07000,판매시설,사설강습소,1
05000,문화및집회시설,단군성전,1
05000,문화및집회시설,향로각,1
,,97농촌주택개량사업대상자,1
04000,제2종근린생활시설,직영식당,1
03000,제1종근린생활시설,제2종근로생활시설,1
19000,위험물저장및처리시설,작업장및유류취급소,1
Z5000,문화및집회시설,물치장,1
01000,단독주택,생주택및부속사,1
21000,동물및식물관련시설,지하부속사,1
19000,위험물저장및처리시설,고속주유기,1
03000,제1종근린생활시설,플라스틱제품및유사품제조,1
01000,단독주택,치킨전문점,1
17000,공장,비승용장난감제조업,1
,,식당및창고,1
20000,자동차관련시설,자동차수리업,1
19000,위험물저장및처리시설,반복가압실,1
14000,업무시설,463호,1
04000,제2종근린생활시설,점검구,1
Z3000,근린생활시설,가정보육시설,1
22000,분뇨.쓰레기처리시설,시험실,1
08000,운수시설,신창역사,1
10000,교육연구시설,폐휴지창고,1
20000,자동차관련시설,관람및집회시설,1
12000,수련시설,수령시설,1
04000,제2종근린생활시설,주택및노유자시설,1
03000,제1종근린생활시설,한옥카페,1
10000,교육연구시설,화훼과퇴비사,1
17000,공장,유독물사용시설,1
08000,운수시설,석항변전소,1
10000,교육연구시설,복원동,1
10000,교육연구시설,문방구,1
10000,교육연구시설,대학원대학교,1
10000,교육연구시설,라커룸,1
10000,교육연구시설,한국인구보건연구소,1
Z3000,근린생활시설,마사,1
03000,제1종근린생활시설,근린생활시설및제2종근생,1
08000,운수시설,조정실,1
10000,교육연구시설,교육및연수시설,1
08000,운수시설,운수편익시설,1
13000,운동시설,관리사1,1
Z3000,근린생활시설,농산물간이집하장,1
Z9000,공공용시설,송신실,1
Z9000,공공용시설,평포실,1
10000,교육연구시설,학교실험실습실,1
12000,수련시설,자연수련시설,1
04000,제2종근린생활시설,사무소및제1종근,1
08000,운수시설,고한역객화차주재,1
09000,의료시설,구내운동시설,1
10000,교육연구시설,주차정산소,1
04000,제2종근린생활시설,근생용,1
10000,교육연구시설,외식산업관2,1
10000,교육연구시설,실외골프연습장,1
03000,제1종근린생활시설,판매시설외,1
01000,단독주택,주유기,1
10000,교육연구시설,농촌지도소,1
01000,단독주택,창가,1
04000,제2종근린생활시설,제1종및2종근생,1
18000,창고시설,석재공장,1
03000,제1종근린생활시설,케이트볼장,1
10000,교육연구시설,차조제실,1
10000,교육연구시설,옥외전파시험소및관리실,1
08000,운수시설,광차소유수분리기실,1
12000,수련시설,야영장관리사,1
02000,공동주택,카페준비실,1
05000,문화및집회시설,스탠드,1
21000,동물및식물관련시설,93보조금사업대상자,1
04000,제2종근린생활시설,제1종생,1
10000,교육연구시설,조경시공실습실,1
19000,위험물저장및처리시설,휘험물저장,1
10000,교육연구시설,로카실,1
10000,교육연구시설,교육연구시설외5,1
21000,동물및식물관련시설,92무허가축사추인,1
21000,동물및식물관련시설,전통찻집,1
10000,교육연구시설,변소구창고,1
09000,의료시설,에너지저장시설,1
17000,공장,기계설,1
09000,의료시설,빈소,1
12000,수련시설,방문자센터,1
07000,판매시설,근린생활시설업무시설,1
10000,교육연구시설,전북대학공대9호관,1
02000,공동주택,지상층da,1
02000,공동주택,v3,1
09000,의료시설,봉동보건진료소,1
10000,교육연구시설,근린생활시설및다가구주택및교육연구및복지시설,1
01000,단독주택,기름집,1
08000,운수시설,예미역본체,1
12000,수련시설,마사,1
02000,공동주택,우수저장소기계실,1
10000,교육연구시설,농연훈련센타,1
Z3000,근린생활시설,성우사,1
23000,교정및군사시설,교정및국방군사시설,1
04000,제2종근린생활시설,야외식당,1
Z8000,교육연구및복지시설,부락공동시설,1
26000,묘지관련시설,성당,1
,,면회실,1
02000,공동주택,라운드리카페,1
02000,공동주택,지하홀,1
09000,의료시설,의료시설및제2종근생,1
19000,위험물저장및처리시설,위험물가스,1
09000,의료시설,외인크라부연회실,1
10000,교육연구시설,정문수위실,1
31000,야영장시설,공용세척장,1
10000,교육연구시설,락카,1
10000,교육연구시설,정수장,1
17000,공장,auto폐액폐수소각설비장,1
04000,제2종근린생활시설,광고물,1
03000,제1종근린생활시설,1근생,1
03000,제1종근린생활시설,2휴게실,1
08000,운수시설,승무원숙사,1
01000,단독주택,가정용,1
01000,단독주택,사설독서실,1
17000,공장,쓰레기압축동,1
17000,공장,receiving,1
17000,공장,소화실험실,1
10000,교육연구시설,공용연구실습동,1
10000,교육연구시설,농기계사,1
04000,제2종근린생활시설,곡분과자제조업,1
17000,공장,강화프라,1
17000,공장,사무실및급식소,1
17000,공장,왁스장,1
03000,제1종근린생활시설,정원소재판매장,1
14000,업무시설,볼링장,1
10000,교육연구시설,연구강의실,1
10000,교육연구시설,데크주차장,1
08000,운수시설,주변전실,1
04000,제2종근린생활시설,및제1종근,1
08000,운수시설,주차정산소,1
21000,동물및식물관련시설,목장종합실험축사,1
10000,교육연구시설,도자소성실,1
21000,동물및식물관련시설,콕시듐사육실,1
03000,제1종근린생활시설,대양노인회관,1
01000,단독주택,오락장,1
10000,교육연구시설,관사1동,1
10000,교육연구시설,제1본관,1
10000,교육연구시설,봄베창고,1
25000,발전시설,제어동,1
17000,공장,샤,1
02000,공동주택,12개동,1
17000,공장,6ds,1
08000,운수시설,기관차휴게실,1
10000,교육연구시설,생물테러실험실,1
21000,동물및식물관련시설,농업축사용,1
03000,제1종근린생활시설,축협지소,1
01000,단독주택,추사,1
10000,교육연구시설,실험강의동,1
14000,업무시설,문화및휴게시설,1
08000,운수시설,비행장관리소,1
10000,교육연구시설,나비온실동,1
10000,교육연구시설,빨래방,1
04000,제2종근린생활시설,위탁영농,1
10000,교육연구시설,훈련소,1
10000,교육연구시설,연결다리,1
04000,제2종근린생활시설,lpg용기저장고,1
09000,의료시설,와인크라부회의실,1
21000,동물및식물관련시설,제종업소,1
04000,제2종근린생활시설,금속공작물,1
22000,분뇨.쓰레기처리시설,축사시설,1
10000,교육연구시설,적하대,1
08000,운수시설,시외버스터미날대합실,1
17000,공장,냉매충전실,1
02000,공동주택,대학,1
10000,교육연구시설,전기제어공과동,1
21000,동물및식물관련시설,직원탈의실,1
10000,교육연구시설,학생종합야영장,1
17000,공장,작동실,1
10000,교육연구시설,자전거주차장,1
01000,단독주택,액화석유가스보관용,1
10000,교육연구시설,임산물전시판매장,1
05000,문화및집회시설,근린생활시설외,1
04000,제2종근린생활시설,제품시험실,1
02000,공동주택,아파트56세대,1
10000,교육연구시설,육모정강의실및실습장,1
10000,교육연구시설,가스용기실,1
02000,공동주택,오수패키지펌프실,1
10000,교육연구시설,문예교실,1
01000,단독주택,수산물건조장,1
17000,공장,하역장및사무실,1
10000,교육연구시설,유기견보관소,1
01000,단독주택,창고시설및,1
10000,교육연구시설,방사선차폐시설,1
10000,교육연구시설,법학관,1
02000,공동주택,606동1층피로티,1
Z6000,판매및영업시설,4,1
18000,창고시설,부품실,1
20000,자동차관련시설,광택실,1
08000,운수시설,광차소차체세척실,1
10000,교육연구시설,체육기자재창고,1
04000,제2종근린생활시설,농산물포장,1
10000,교육연구시설,가스폐기물창고,1
17000,공장,fa701tk델류즈밸브실,1
08000,운수시설,어선출입항신고서,1
18000,창고시설,농산물선별및보관,1
10000,교육연구시설,경량철골조,1
10000,교육연구시설,한옥강의실및실습장,1
08000,운수시설,운수및제1종근린생활시설,1
01000,단독주택,와가변소,1
02000,공동주택,오피스텔12호,1
18000,창고시설,농업용계사,1
08000,운수시설,기항지대합실,1
10000,교육연구시설,재활용처리장,1
10000,교육연구시설,교사및관리실,1
10000,교육연구시설,조경학관,1
10000,교육연구시설,퍼걸러,1
09000,의료시설,가스정압기,1
17000,공장,농축산물제조가공공장,1
17000,공장,4호소성실,1
17000,공장,양산조립공장,1
17000,공장,타이바작업장,1
17000,공장,폭약고,1
17000,공장,대형트럭블랙부스,1
18000,창고시설,돈분장,1
15000,숙박시설,한증탕,1
17000,공장,광산변전실,1
17000,공장,청소차차고,1
17000,공장,제품이송실,1
27000,관광휴게시설,공원관리실,1
17000,공장,원맥싸이로2차,1
17000,공장,지게차정비동,1
17000,공장,공장및양생실,1
03000,제1종근린생활시설,도자기공장,1
17000,공장,협력업체정비동,1
04000,제2종근린생활시설,과실,1
05000,문화및집회시설,공원편익시설,1
13000,운동시설,톱소일,1
17000,공장,공장및농가주택,1
Z3000,근린생활시설,가정용전열기구제조업,1
04000,제2종근린생활시설,동물미용원,1
17000,공장,수위실및변소,1
17000,공장,차고및사무실,1
03000,제1종근린생활시설,농자재소매점,1
17000,공장,제염공장,1
17000,공장,알콜회수탑,1
20000,자동차관련시설,주택및,1
10000,교육연구시설,정안국민학교,1
17000,공장,공송실,1
17000,공장,견학통로,1
02000,공동주택,경비실11,1
02000,공동주택,공동주액,1
Z6000,판매및영업시설,의약품판매소,1
02000,공동주택,지하수조실,1
17000,공장,승압펌푸실,1
17000,공장,루베오일쉘타,1
03000,제1종근린생활시설,양수기장,1
Z9000,공공용시설,통신실,1
01000,단독주택,교육및연구복지시설,1
03000,제1종근린생활시설,198,1
17000,공장,예비분쇄실,1
17000,공장,급수설비여과기실,1
01000,단독주택,지하실및,1
17000,공장,냉각수조,1
19000,위험물저장및처리시설,산소,1
17000,공장,탱크창고,1
17000,공장,트럭하역실,1
17000,공장,밴드공장,1
08000,운수시설,집진기기능실,1
17000,공장,레미콘공장사무실,1
02000,공동주택,아동과련시설,1
02000,공동주택,생주택,1
13000,운동시설,도시형생활주택,1
14000,업무시설,중수처리시설점검실,1
14000,업무시설,저수조펌프실,1
02000,공동주택,디지털도서관,1
18000,창고시설,버섯관리사및,1
01000,단독주택,토와,1
17000,공장,암모니아룸,1
17000,공장,포집전기동,1
04000,제2종근린생활시설,체능강습소,1
17000,공장,철도차량부품제조업,1
17000,공장,bath,1
05000,문화및집회시설,퇴비장,1
17000,공장,용수처리기계실,1
08000,운수시설,검차원거소,1
17000,공장,중간창고,1
17000,공장,수성점착제펌프실,1
17000,공장,본드공장,1
17000,공장,비가림,1
06000,종교시설,하당체,1
17000,공장,인수인계실,1
17000,공장,박스공장,1
17000,공장,아농탱크창고,1
17000,공장,방류수재활용실,1
17000,공장,동력과,1
17000,공장,장류제조공장,1
17000,공장,페인트보관소,1
17000,공장,장식용목재제조업,1
17000,공장,용수계량기실,1
19000,위험물저장및처리시설,단독주택외1,1
,,통천궁,1
03000,제1종근린생활시설,공동이용관리사및식당,1
10000,교육연구시설,사물놀이연습실,1
03000,제1종근린생활시설,우량국,1
,,파고관축소,1
Z8000,교육연구및복지시설,외1,1
03000,제1종근린생활시설,야영장매점,1
02000,공동주택,오수점검층,1
25000,발전시설,유류창고및폐기물저장동,1
30000,자원순환관련시설,야적장a,1
04000,제2종근린생활시설,인터넷컴퓨터게임제공업,1
17000,공장,목제상자제조,1
04000,제2종근린생활시설,고시원업,1
06000,종교시설,예배및사택,1
03000,제1종근린생활시설,관리사무동,1
10000,교육연구시설,부속구령대,1
09000,의료시설,기계시설,1
07000,판매시설,농수산물물류센타,1
02000,공동주택,선큰elev,1
22000,분뇨.쓰레기처리시설,수집장,1
20000,자동차관련시설,카인테리어,1
,,압축기실,1
03000,제1종근린생활시설,관광회사,1
10000,교육연구시설,식관,1
02000,공동주택,공동다세대주택,1
15000,숙박시설,생활숙박시설외1,1
11000,노유자시설,실비노인요양원,1
22000,분뇨.쓰레기처리시설,이용한퇴비사,1
01000,단독주택,영유아시설,1
18000,창고시설,양곡저장실,1
15000,숙박시설,관광농원여관,1
14000,업무시설,외3건,1
10000,교육연구시설,운동연습,1
03000,제1종근린생활시설,관광휴양개발진흥지구,1
21000,동물및식물관련시설,2차순환실,1
17000,공장,전기경보,1
02000,공동주택,망루,1
13000,운동시설,소매점및식당,1
Z6000,판매및영업시설,가스저장소,1
10000,교육연구시설,wee센터,1
25000,발전시설,쉼터,1
01000,단독주택,1989,1
03000,제1종근린생활시설,상수도시설지,1
17000,공장,lime,1
02000,공동주택,공동조리장,1
02000,공동주택,피아노실,1
02000,공동주택,스터디룸열람실,1
02000,공동주택,게임룸,1
19000,위험물저장및처리시설,lgc,1
17000,공장,가축분뇨및일반폐기물가공,1
19000,위험물저장및처리시설,압축공기실,1
04000,제2종근린생활시설,경량철골구조,1
Z5000,문화및집회시설,교사,1
,,어린이공원,1
14000,업무시설,지방자치단체청사,1
30000,자원순환관련시설,재활용품,1
02000,공동주택,교육및연구,1
17000,공장,물품취급장비제조,1
15000,숙박시설,제암산자연휴양림,1
04000,제2종근린생활시설,수림점,1
17000,공장,sr,1
25000,발전시설,소화약재동2,1
04000,제2종근린생활시설,식당등,1
17000,공장,금형및관련제품제조,1
17000,공장,s창고,1
25000,발전시설,부속화장실,1
03000,제1종근린생활시설,근1종및2종근린생활시설,1
20000,자동차관련시설,세차장및경정비,1
19000,위험물저장및처리시설,자원순환관련시설,1
01000,단독주택,제1종근린생활및주택,1
02000,공동주택,블럭형단독,1
06000,종교시설,포교당및,1
19000,위험물저장및처리시설,충정소,1
21000,동물및식물관련시설,주택및점포,1
17000,공장,스라그덤핑장,1
Z6000,판매및영업시설,보수품창고,1
01000,단독주택,사무실및소매점,1
25000,발전시설,전력저장실,1
25000,발전시설,발전시설및제1종근린생활시설,1
07000,판매시설,기계식,1
06000,종교시설,피정의,1
01000,단독주택,물치및,1
17000,공장,vgo,1
02000,공동주택,스쿼시,1
03000,제1종근린생활시설,체험집기저장창고,1
01000,단독주택,15세가구,1
14000,업무시설,해안초소변소,1
14000,업무시설,해안초소공용화기실,1
22000,분뇨.쓰레기처리시설,2동,1
03000,제1종근린생활시설,농기계간이,1
14000,업무시설,위락업무근린시설,1
17000,공장,가구제조업36102,1
03000,제1종근린생활시설,소방차주차장,1
11000,노유자시설,잡옥,1
23000,교정및군사시설,포장재료정비시설,1
08000,운수시설,가스정압기실,1
17000,공장,분리수거저장소,1
17000,공장,연구사무실,1
Z3000,근린생활시설,농막,1
23000,교정및군사시설,전산실,1
17000,공장,lbo,1
07000,판매시설,일반자재,1
02000,공동주택,193대,1
17000,공장,원지자동화창고,1
01000,단독주택,후율사,1
01000,단독주택,일부3종미관지구,1
03000,제1종근린생활시설,부속확장실,1
01000,단독주택,영아보육시설,1
17000,공장,배추절임,1
22000,분뇨.쓰레기처리시설,직업훈련원,1
17000,공장,2810쉘타,1
05000,문화및집회시설,원통전,1
17000,공장,도시,1
04000,제2종근린생활시설,다가구주택2세대,1
02000,공동주택,간선계,1
18000,창고시설,토너,1
02000,공동주택,레포츠룸,1
Z5000,문화및집회시설,구절교회,1
03000,제1종근린생활시설,체육도장업,1
17000,공장,제2종근린생할시설,1
07000,판매시설,기능실,1
14000,업무시설,sky커뮤니티,1
03000,제1종근린생활시설,공원시설중운동시설,1
17000,공장,슬래그분쇄실,1
19000,위험물저장및처리시설,lpg용기보관창고,1
04000,제2종근린생활시설,샷슈제조,1
17000,공장,금속소상,1
17000,공장,쓰레기적치장,1
10000,교육연구시설,2p,1
03000,제1종근린생활시설,인테넷컴퓨터게임시설제공업소,1
16000,위락시설,변경후,1
01000,단독주택,냉동저장고,1
01000,단독주택,백작소,1
,,우사및퇴적장,1
,,내삼문,1
,,곳간,1
17000,공장,oiluint,1
17000,공장,골재적재기계,1
19000,위험물저장및처리시설,유흥음식점,1
Z3000,근린생활시설,관리사및숙소,1
11000,노유자시설,사무소및창고및회의실및다목적실,1
17000,공장,프라스틱일반성형용기제조업,1
18000,창고시설,휴식실,1
02000,공동주택,아파트a,1
30000,자원순환관련시설,교육장,1
Z5000,문화및집회시설,구내탁아소,1
02000,공동주택,도매시장,1
07000,판매시설,청과위판장,1
,,경노주택,1
,,휴게소,1
16000,위락시설,기숙사,1
,,중앙경비실,1
19000,위험물저장및처리시설,주유소및창고,1
21000,동물및식물관련시설,종합처리장,1
18000,창고시설,전복,1
26000,묘지관련시설,안내사무소,1
01000,단독주택,69,1
10000,교육연구시설,다중,1
01000,단독주택,공인중계사무소,1
10000,교육연구시설,기계실및물탱크실,1
,,정자각,1
02000,공동주택,131,1
02000,공동주택,메디케어센터,1
02000,공동주택,단독형다세대주택,1
19000,위험물저장및처리시설,경유탱크,1
17000,공장,떡제조공장,1
03000,제1종근린생활시설,공동급식실,1
04000,제2종근린생활시설,양식장관리사,1
30000,자원순환관련시설,제2종,1
,,복리시설,1
17000,공장,나프타겐,1
06000,종교시설,문묘대성전,1
06000,종교시설,즉실,1
Z3000,근린생활시설,금속문및관련제품제조업,1
14000,업무시설,소독실,1
11000,노유자시설,농기계공동보관창고,1
19000,위험물저장및처리시설,가스탱크기계실,1
07000,판매시설,시장작목,1
19000,위험물저장및처리시설,작업대,1
04000,제2종근린생활시설,화실및사무실,1
02000,공동주택,대강당,1
07000,판매시설,보이라실,1
14000,업무시설,업뭇시설,1
18000,창고시설,구보선사무실,1
04000,제2종근린생활시설,부화실,1
03000,제1종근린생활시설,커피제조업,1
17000,공장,2종근생린생활시설,1
17000,공장,기술써비스,1
14000,업무시설,업무시설및창고,1
20000,자동차관련시설,자동차전시장,1
Z5000,문화및집회시설,미용실,1
14000,업무시설,법장,1
17000,공장,보안시설,1
01000,단독주택,양수장관리사옥,1
04000,제2종근린생활시설,철골제작,1
03000,제1종근린생활시설,목욕장업,1
Z5000,문화및집회시설,8,1
03000,제1종근린생활시설,우체국직원숙소,1
17000,공장,ia,1
,,철골하우스,1
05000,문화및집회시설,관광농원,1
26000,묘지관련시설,우산각,1
14000,업무시설,의회사무실,1
02000,공동주택,여자기숙사e동,1
33000,"국방,군사시설",저장고,1
18000,창고시설,chip,1
06000,종교시설,대웅상적광전,1
13000,운동시설,장애인형국민체육센터,1
18000,창고시설,수족관,1
06000,종교시설,국사8당,1
01000,단독주택,피아노,1
02000,공동주택,19951,1
03000,제1종근린생활시설,심정로,1
02000,공동주택,근린생활시설제2종근린생활시설,1
02000,공동주택,도시형생활원룸형,1
03000,제1종근린생활시설,케익적치장,1
03000,제1종근린생활시설,침전지계단,1
18000,창고시설,척치리,1
03000,제1종근린생활시설,채소판매점포,1
08000,운수시설,세척고펌프실,1
10000,교육연구시설,12동,1
17000,공장,옥외출하창고,1
04000,제2종근린생활시설,전천후장,1
18000,창고시설,농가창고건조실,1
17000,공장,스크랩동,1
18000,창고시설,씨에에스,1
02000,공동주택,단지형다세대주,1
02000,공동주택,지하주차장및기계실,1
11000,노유자시설,의한,1
04000,제2종근린생활시설,시설외,1
14000,업무시설,동통신실,1
04000,제2종근린생활시설,체험실,1
04000,제2종근린생활시설,유기견동물보호센터,1
04000,제2종근린생활시설,임산물가공공장,1
13000,운동시설,전시장,1
19000,위험물저장및처리시설,압축기동3,1
03000,제1종근린생활시설,42,1
17000,공장,15494,1
26000,묘지관련시설,묘실,1
17000,공장,웨스트가스히터실,1
27000,관광휴게시설,향토음식점,1
04000,제2종근린생활시설,부식고,1
17000,공장,제강정압기실,1
11000,노유자시설,7가구,1
21000,동물및식물관련시설,화훼저온처리시설,1
18000,창고시설,농약및사료창고,1
08000,운수시설,수송실및계전기실,1
21000,동물및식물관련시설,사무소및,1
10000,교육연구시설,오,1
10000,교육연구시설,학생복지관,1
27000,관광휴게시설,편익시설,1
18000,창고시설,농작물비료창고,1
04000,제2종근린생활시설,염불당및참선실,1
22000,분뇨.쓰레기처리시설,수거장,1
10000,교육연구시설,식당용,1
26000,묘지관련시설,제사당,1
03000,제1종근린생활시설,잎담배저장창고,1
17000,공장,콘베이어조작실,1
14000,업무시설,주유동,1
21000,동물및식물관련시설,집란장,1
03000,제1종근린생활시설,실내수영장,1
01000,단독주택,잠실및창고,1
04000,제2종근린생활시설,개방화장실,1
27000,관광휴게시설,농촌체험장,1
10000,교육연구시설,미등기,1
Z3000,근린생활시설,여행자안내실,1
01000,단독주택,친환경퇴비사,1
17000,공장,비오수,1
04000,제2종근린생활시설,산북상담소,1
01000,단독주택,농창고,1
26000,묘지관련시설,열려문,1
14000,업무시설,출하대,1
02000,공동주택,필로티활용,1
17000,공장,1호기,1
06000,종교시설,이가,1
18000,창고시설,동물및식물괄련시설,1
12000,수련시설,가스저장고,1
18000,창고시설,인조섬유,1
17000,공장,차고및,1
01000,단독주택,근생포함,1
17000,공장,지하부속사,1
10000,교육연구시설,마을공동시설,1
10000,교육연구시설,업무실,1
17000,공장,도금실,1
18000,창고시설,d동,1
17000,공장,전복양식장,1
08000,운수시설,자전거주차장,1
17000,공장,방산키팅창고,1
03000,제1종근린생활시설,메주방,1
06000,종교시설,교육과,1
23000,교정및군사시설,대공방어대관측소5진지,1
Z8000,교육연구및복지시설,폐수처리장,1
01000,단독주택,4세대다가구용,1
01000,단독주택,3가구및소매점,1
02000,공동주택,213,1
Z6000,판매및영업시설,우형기사,1
04000,제2종근린생활시설,사회복지설,1
17000,공장,수리공장,1
04000,제2종근린생활시설,유사방,1
03000,제1종근린생활시설,의료용구,1
17000,공장,결정화,1
02000,공동주택,101동지하1층,1
33000,"국방,군사시설",군방,1
23000,교정및군사시설,타이어창고,1
Z8000,교육연구및복지시설,목욕탕동,1
23000,교정및군사시설,외부피난계단,1
14000,업무시설,발전소,1
13000,운동시설,체련장,1
05000,문화및집회시설,옥외창고,1
03000,제1종근린생활시설,기관총진지,1
09000,의료시설,예식장,1
18000,창고시설,97년농촌주택환경개선사업융자대상,1
03000,제1종근린생활시설,하남3리,1
04000,제2종근린생활시설,제2종근린생횔시설외,1
04000,제2종근린생활시설,학생관,1
04000,제2종근린생활시설,종교시설사택,1
04000,제2종근린생활시설,주택및창고시설,1
04000,제2종근린생활시설,의료시설외2,1
10000,교육연구시설,공학실험동,1
04000,제2종근린생활시설,간이농기계수리점,1
18000,창고시설,주택어부속타창고,1
04000,제2종근린생활시설,팔각정자,1
04000,제2종근린생활시설,유개승강장,1
04000,제2종근린생활시설,테니스장및휴게실,1
04000,제2종근린생활시설,공용버스터미널,1
17000,공장,출고전실,1
18000,창고시설,자동차매매장사무실,1
03000,제1종근린생활시설,속기학원,1
03000,제1종근린생활시설,카센터,1
04000,제2종근린생활시설,계중기실,1
03000,제1종근린생활시설,차음료가공시설,1
04000,제2종근린생활시설,선박제조업소,1
Z5000,문화및집회시설,천주교회사제관,1
08000,운수시설,운영건물동,1
01000,단독주택,대분,1
04000,제2종근린생활시설,새마을도정공장,1
06000,종교시설,근랜생활시설,1
06000,종교시설,명경당,1
04000,제2종근린생활시설,졔2종근린생활시설,1
04000,제2종근린생활시설,건조작업장,1
17000,공장,6500톤프레스수처리시설,1
04000,제2종근린생활시설,점포및일반음식점,1
18000,창고시설,창고축사,1
04000,제2종근린생활시설,솟을삼문,1
17000,공장,몰드창고,1
04000,제2종근린생활시설,식품제조소,1
17000,공장,카스케일,1
26000,묘지관련시설,묘지관련,1
06000,종교시설,주택및교회,1
06000,종교시설,빈동제사,1
04000,제2종근린생활시설,자택,1
02000,공동주택,경비실및,1
04000,제2종근린생활시설,지하설비실,1
03000,제1종근린생활시설,이동통신전신전화국,1
17000,공장,탈수및건조실,1
23000,교정및군사시설,지하저수조,1
04000,제2종근린생활시설,신용협동조합사무실,1
18000,창고시설,제조업작업장,1
04000,제2종근린생활시설,관리소및저장소,1
06000,종교시설,라한전,1
03000,제1종근린생활시설,주택및당구장,1
02000,공동주택,연립8세대,1
04000,제2종근린생활시설,기전실등,1
12000,수련시설,관리주택,1
17000,공장,승강기타워,1
15000,숙박시설,55호,1
01000,단독주택,봉제실,1
17000,공장,가죽신제조,1
04000,제2종근린생활시설,근린생활시설및변소,1
04000,제2종근린생활시설,대중응식점,1
06000,종교시설,김씨제각,1
14000,업무시설,오피스텔276실,1
04000,제2종근린생활시설,농장관상수관리사,1
16000,위락시설,근린공공시설,1
02000,공동주택,레미콘공장,1
04000,제2종근린생활시설,여산송씨열려문,1
04000,제2종근린생활시설,철물제품제조장,1
19000,위험물저장및처리시설,깨스충전대,1
18000,창고시설,노조사무실,1
04000,제2종근린생활시설,조사전,1
04000,제2종근린생활시설,영업소및사무실,1
04000,제2종근린생활시설,일반음식점외1,1
04000,제2종근린생활시설,감금실,1
04000,제2종근린생활시설,문화센터,1
17000,공장,lg,1
04000,제2종근린생활시설,매점및,1
04000,제2종근린생활시설,근린생활실설,1
07000,판매시설,옷가게,1
06000,종교시설,변소및창고,1
04000,제2종근린생활시설,별장가든,1
17000,공장,완성차간이수정장,1
03000,제1종근린생활시설,가요주점,1
02000,공동주택,옥천맨션,1
10000,교육연구시설,테니스장관리동,1
02000,공동주택,대표사무실,1
02000,공동주택,데크상부계단,1
02000,공동주택,복도및기타,1
02000,공동주택,드라이에리어,1
02000,공동주택,근린시설및다세대,1
02000,공동주택,고한종업원숙소a동,1
30000,자원순환관련시설,건조시설,1
01000,단독주택,alc블럭,1
02000,공동주택,노원이지공동체주택,1
02000,공동주택,제1차다세대주택,1
18000,창고시설,축사관리,1
01000,단독주택,부동산중개소,1
02000,공동주택,아파트17세대,1
17000,공장,도금,1
17000,공장,직물지수입,1
02000,공동주택,입주자공유복리시설,1
30000,자원순환관련시설,환경미화원사무실,1
Z3000,근린생활시설,연사제조업,1
02000,공동주택,건널목숙소,1
30000,자원순환관련시설,주민친화시설,1
17000,공장,옥외변전실,1
02000,공동주택,쉐어링센터,1
02000,공동주택,외부계단동,1
02000,공동주택,경비실8,1
17000,공장,h2창고,1
04000,제2종근린생활시설,근린생활시설및숙소,1
13000,운동시설,그라운드골프장,1
02000,공동주택,아파트상가동,1
15000,숙박시설,폄프실,1
02000,공동주택,소셜다이닝,1
04000,제2종근린생활시설,제사실,1
02000,공동주택,재활용품보관함,1
02000,공동주택,부대복합시설,1
04000,제2종근린생활시설,전문음식,1
09000,의료시설,치매요양병원,1
03000,제1종근린생활시설,종합전시장,1
14000,업무시설,쉽터,1
19000,위험물저장및처리시설,판매점,1
01000,단독주택,물시,1
02000,공동주택,유아,1
02000,공동주택,근무자휴게실,1
19000,위험물저장및처리시설,연구시설,1
17000,공장,오수정화조관리실,1
06000,종교시설,숭모당,1
10000,교육연구시설,연구지원센타,1
,,농산물건조장,1
21000,동물및식물관련시설,톱밥박효장,1
07000,판매시설,해산물위판장및연쇄점,1
04000,제2종근린생활시설,자재,1
03000,제1종근린생활시설,2근린생활,1
07000,판매시설,가구판매장,1
04000,제2종근린생활시설,종이및,1
21000,동물및식물관련시설,제3계사,1
01000,단독주택,소각장,1
18000,창고시설,농산물1차건조보관시설,1
19000,위험물저장및처리시설,위험물정및처리시설,1
04000,제2종근린생활시설,해사관련사무소,1
01000,단독주택,영업용및,1
19000,위험물저장및처리시설,위험물저장및처리시설외1건,1
17000,공장,25cdc합성설비동,1
11000,노유자시설,및제2종근린생활시설,1
20000,자동차관련시설,파킹타워,1
02000,공동주택,장난감대여실,1
15000,숙박시설,소매시장,1
,,진형다세대주택,1
,,김종묘배양장,1
03000,제1종근린생활시설,사무소및학원,1
03000,제1종근린생활시설,의원창고,1
01000,단독주택,속사,1
10000,교육연구시설,정보센터및기숙사,1
17000,공장,200구조물동,1
17000,공장,근무자실,1
17000,공장,lab,1
14000,업무시설,저장고,1
03000,제1종근린생활시설,어민대기실,1
26000,묘지관련시설,묘포장,1
11000,노유자시설,실비요양시설,1
,,4,1
19000,위험물저장및처리시설,가스집합실,1
,,건조기,1
26000,묘지관련시설,휴게동,1
,,생산기반,1
,,증산구합숙창고,1
,,배차플렌트,1
07000,판매시설,사무실및저온창고,1
,,관용,1
01000,단독주택,농가가주택,1
24000,방송통신시설,전화국분기국사,1
17000,공장,후문동,1
23000,교정및군사시설,수세식화장실,1
03000,제1종근린생활시설,2종그근린생활시설및,1
09000,의료시설,파고라,1
05000,문화및집회시설,요지보호각,1
04000,제2종근린생활시설,사도선박입,1
27000,관광휴게시설,휴게실및숙소,1
10000,교육연구시설,공학부비가림시설,1
17000,공장,기념관,1
02000,공동주택,자전거수리센터,1
04000,제2종근린생활시설,관련제품제조실,1
,,탱크,1
,,철공장,1
04000,제2종근린생활시설,연구개발시설,1
17000,공장,빵및떡제조업,1
14000,업무시설,직원용숙소,1
21000,동물및식물관련시설,여물장,1
18000,창고시설,창고저장고,1
15000,숙박시설,241실,1
,,1층식당,1
20000,자동차관련시설,광택사,1
04000,제2종근린생활시설,충전기조립,1
27000,관광휴게시설,대중음식점,1
04000,제2종근린생활시설,차로,1
14000,업무시설,56호,1
21000,동물및식물관련시설,사료공급장,1
17000,공장,분철,1
03000,제1종근린생활시설,오수가압펌프장,1
12000,수련시설,나무집,1
04000,제2종근린생활시설,어망코팅,1
04000,제2종근린생활시설,139,1
17000,공장,예비보일러실,1
04000,제2종근린생활시설,아케이드,1
20000,자동차관련시설,휀룸,1
02000,공동주택,다세대19,1
30000,자원순환관련시설,차량관리동,1
01000,단독주택,송어부화장,1
17000,공장,sts스크랩창고,1
21000,동물및식물관련시설,재각,1
17000,공장,154kvsscont,1
31000,야영장시설,야외쉼터,1
31000,야영장시설,케빈하우스,1
16000,위락시설,체육관,1
02000,공동주택,주민운동시설외,1
10000,교육연구시설,조형관,1
03000,제1종근린생활시설,7가구용,1
17000,공장,장애인보호작업장,1
04000,제2종근린생활시설,판매업소,1
17000,공장,자재업소,1
02000,공동주택,lpg탱크,1
21000,동물및식물관련시설,동물및관,1
04000,제2종근린생활시설,무도장및수련장,1
19000,위험물저장및처리시설,장의사,1
18000,창고시설,후숙실,1
01000,단독주택,가스통저장고및판매소,1
21000,동물및식물관련시설,패류,1
06000,종교시설,열병합기계실,1
09000,의료시설,판매시설및제1종근린생활시설,1
Z5000,문화및집회시설,5,1
17000,공장,급지펌프룸,1
03000,제1종근린생활시설,다가구1,1
14000,업무시설,항만정비사무실,1
02000,공동주택,원룸형21세대,1
08000,운수시설,석포역,1
14000,업무시설,지하,1
17000,공장,생활쓰레기장,1
17000,공장,광학유리제조업,1
22000,분뇨.쓰레기처리시설,저온저장창고,1
17000,공장,변전실p,1
02000,공동주택,문화지원시설,1
12000,수련시설,어촌체험관,1
20000,자동차관련시설,공공도서관,1
17000,공장,화물상자제조업,1
08000,운수시설,귤현정거장,1
02000,공동주택,청년형,1
02000,공동주택,원룸형주택13세대,1
02000,공동주택,무인택배하우스1,1
01000,단독주택,소금제조업소,1
15000,숙박시설,은행,1
17000,공장,캐스팅공장,1
01000,단독주택,강판,1
17000,공장,금형관련제품제조업,1
01000,단독주택,자력개량대상자,1
04000,제2종근린생활시설,유류저장탱크,1
17000,공장,유연탄분쇄기실,1
22000,분뇨.쓰레기처리시설,관리및재활용선별시설,1
10000,교육연구시설,이용실,1
17000,공장,nrc,1
33000,"국방,군사시설",방,1
26000,묘지관련시설,종증묘,1
18000,창고시설,천연농자재보관창고,1
06000,종교시설,독도실,1
04000,제2종근린생활시설,자동차학원,1
01000,단독주택,4개실,1
22000,분뇨.쓰레기처리시설,쓰레기처리시,1
05000,문화및집회시설,형옥,1
10000,교육연구시설,그룹하우스,1
21000,동물및식물관련시설,종교집회장,1
18000,창고시설,농업용상온창고,1
05000,문화및집회시설,쓰레기수거장,1
02000,공동주택,공공,1
03000,제1종근린생활시설,소방파출소및차고,1
17000,공장,인쇄관련,1
17000,공장,서비스,1
04000,제2종근린생활시설,투표창고,1
01000,단독주택,빵제조장,1
10000,교육연구시설,가축용창고,1
10000,교육연구시설,관제탑,1
10000,교육연구시설,역도장및창고,1
03000,제1종근린생활시설,레미콘,1
04000,제2종근린생활시설,질금제조,1
18000,창고시설,농수산물처리,1
03000,제1종근린생활시설,위험물판매취급소및,1
31000,야영장시설,화장실및세척실,1
,,가축시장사무실,1
21000,동물및식물관련시설,식당및동물병원,1
18000,창고시설,간이잡하장,1
21000,동물및식물관련시설,동식물관련,1
17000,공장,사실,1
02000,공동주택,아파트연결부,1
15000,숙박시설,모터실및지하저수조,1
01000,단독주택,건조및정미,1
14000,업무시설,오피,1
25000,발전시설,소화약제실,1
04000,제2종근린생활시설,오존실,1
25000,발전시설,수전설비실,1
10000,교육연구시설,연구소및강당,1
01000,단독주택,세탁,1
21000,동물및식물관련시설,착수정,1
08000,운수시설,대합실및,1
14000,업무시설,l,1
06000,종교시설,계몽제,1
15000,숙박시설,휴양시설,1
17000,공장,한약가공공장,1
17000,공장,12순수장치동,1
11000,노유자시설,보,1
03000,제1종근린생활시설,32,1
19000,위험물저장및처리시설,고압펌프실,1
03000,제1종근린생활시설,터널환기소,1
20000,자동차관련시설,자동차부분정비수리점,1
04000,제2종근린생활시설,해양레저시설,1
20000,자동차관련시설,쓰레기저장소,1
01000,단독주택,선박수리시설,1
02000,공동주택,119세대,1
10000,교육연구시설,여과기실,1
06000,종교시설,극락대원전,1
21000,동물및식물관련시설,정화침수장,1
18000,창고시설,피로티,1
05000,문화및집회시설,문화관및,1
05000,문화및집회시설,분뇨및쓰레기처리시설,1
03000,제1종근린생활시설,응접실,1
17000,공장,단층,1
20000,자동차관련시설,동력실,1
20000,자동차관련시설,하조장,1
02000,공동주택,다세대주주택,1
17000,공장,6류저장소,1
04000,제2종근린생활시설,1단펌프실,1
06000,종교시설,수문교회,1
10000,교육연구시설,시스템기술센터,1
05000,문화및집회시설,호국관,1
17000,공장,학교농장,1
03000,제1종근린생활시설,변전소및,1
17000,공장,기계공구실,1
05000,문화및집회시설,충신문,1
06000,종교시설,공관,1
16000,위락시설,단란주점및사무실,1
05000,문화및집회시설,종합복지관,1
20000,자동차관련시설,174,1
20000,자동차관련시설,가스충전대,1
03000,제1종근린생활시설,오피스텔및도시형생활주택,1
04000,제2종근린생활시설,기타제1종근린생활시설,1
04000,제2종근린생활시설,다구구주택,1
17000,공장,트랜스퍼피트,1
05000,문화및집회시설,민속자료전시관,1
18000,창고시설,다목적실,1
05000,문화및집회시설,도자기체험장,1
10000,교육연구시설,관람집,1
01000,단독주택,주1종근린생활시설,1
10000,교육연구시설,운전연습대기실,1
30000,자원순환관련시설,근무자대기실,1
05000,문화및집회시설,국악공연장,1
,,축산폐수정화조,1
10000,교육연구시설,동물사육동,1
17000,공장,식탁용목제품제조업,1
17000,공장,라이닝공장,1
17000,공장,거울조립공장,1
02000,공동주택,육아나눔터,1
05000,문화및집회시설,보도육교,1
17000,공장,실탄저장고,1
11000,노유자시설,주간,1
11000,노유자시설,유,1
10000,교육연구시설,부설고등학교,1
04000,제2종근린생활시설,a동부속창고,1
05000,문화및집회시설,미술관및근린생활시설,1
03000,제1종근린생활시설,e,1
18000,창고시설,공원숙소,1
05000,문화및집회시설,협문1,1
20000,자동차관련시설,차고사무소,1
17000,공장,원료창고a,1
17000,공장,fan,1
10000,교육연구시설,주차장차양대,1
05000,문화및집회시설,재활용창고,1
19000,위험물저장및처리시설,농산물,1
01000,단독주택,준종교시설,1
18000,창고시설,건강관리실,1
17000,공장,공장강의실,1
27000,관광휴게시설,3,1
04000,제2종근린생활시설,생제조업,1
10000,교육연구시설,진입부,1
04000,제2종근린생활시설,화장실및정자,1
17000,공장,uf실,1
08000,운수시설,집진기기계실1,1
21000,동물및식물관련시설,고라니축사,1
04000,제2종근린생활시설,농기계수리제조업,1
18000,창고시설,임산물가공창고,1
07000,판매시설,고무류제품및,1
14000,업무시설,주점영업,1
02000,공동주택,제1종근생생활시설,1
11000,노유자시설,사재관,1
23000,교정및군사시설,정문,1
04000,제2종근린생활시설,공동메주작업장,1
07000,판매시설,영업시설군,1
05000,문화및집회시설,과학실,1
03000,제1종근린생활시설,토목실험실,1
02000,공동주택,다가구단독주택,1
04000,제2종근린생활시설,상수도관리사무소,1
10000,교육연구시설,중앙전산소,1
03000,제1종근린생활시설,마을영농회,1
17000,공장,방사선동위원소저장실,1
Z3000,근린생활시설,돈사,1
01000,단독주택,보일러실등,1
24000,방송통신시설,무선기지국기계실,1
14000,업무시설,교육연구복지시설,1
20000,자동차관련시설,자동차장식품판매점,1
04000,제2종근린생활시설,23호,1
11000,노유자시설,장애인이용시설,1
01000,단독주택,제2종근생및다가구,1
13000,운동시설,금융업소,1
18000,창고시설,폐지집하장,1
07000,판매시설,주차장및기계실,1
18000,창고시설,마을공동시러,1
04000,제2종근린생활시설,일반목제품,1
10000,교육연구시설,테니스합숙소,1
02000,공동주택,1층계단,1
11000,노유자시설,소방기계실,1
18000,창고시설,화물시설창고,1
02000,공동주택,127대,1
18000,창고시설,건조실외,1
01000,단독주택,체능계학원,1
01000,단독주택,다중주택9구획,1
01000,단독주택,점포점,1
02000,공동주택,양생실,1
30000,자원순환관련시설,자원순환및처리시설,1
03000,제1종근린생활시설,급속여과,1
04000,제2종근린생활시설,하물,1
14000,업무시설,부대기계실,1
20000,자동차관련시설,해체실,1
24000,방송통신시설,그린공원시설전화국,1
22000,분뇨.쓰레기처리시설,문서고,1
02000,공동주택,총6세대,1
Z3000,근린생활시설,변소및창고,1
04000,제2종근린생활시설,재배사,1
01000,단독주택,93불량주택개량사업,1
10000,교육연구시설,사슴사,1
18000,창고시설,위험물제품,1
01000,단독주택,묵와고가,1
21000,동물및식물관련시설,동물관련시실,1
09000,의료시설,탑옥물치,1
03000,제1종근린생활시설,알류미늄샤시,1
03000,제1종근린생활시설,유류저장고,1
Z3000,근린생활시설,급식소,1
08000,운수시설,수산물처리저장시설,1
04000,제2종근린생활시설,차량부분정비,1
07000,판매시설,선별실,1
10000,교육연구시설,노인여가복지시설,1
02000,공동주택,배수장,1
07000,판매시설,운수,1
17000,공장,변전실및샤워실,1
04000,제2종근린생활시설,과일저장고,1
21000,동물및식물관련시설,근린생할시설,1
Z3000,근린생활시설,가스보관소,1
17000,공장,에어콤프룸,1
Z3000,근린생활시설,수조,1
02000,공동주택,2310동하부,1
17000,공장,계기용질소압축기실,1
01000,단독주택,회실간,1
03000,제1종근린생활시설,세차,1
21000,동물및식물관련시설,모돈사,1
02000,공동주택,건강증진실,1
01000,단독주택,한식정자,1
24000,방송통신시설,통신대,1
17000,공장,hcr변전실,1
01000,단독주택,부건1,1
01000,단독주택,95정주권사업대장자,1
06000,종교시설,은해사,1
17000,공장,유해화학물질취급소,1
17000,공장,반응로,1
17000,공장,기계실b,1
30000,자원순환관련시설,슬러지자원순환시설,1
,,무허가축사,1
17000,공장,부속보일러실,1
08000,운수시설,체육관,1
04000,제2종근린생활시설,체험시설및교육장,1
04000,제2종근린생활시설,유기자,1
17000,공장,귀관실,1
17000,공장,선박유압기계제조,1
17000,공장,영선기공장,1
17000,공장,거점가공센터,1
14000,업무시설,상황실,1
17000,공장,드럼보관소,1
17000,공장,골대적치장,1
17000,공장,기아암모니아저장고,1
04000,제2종근린생활시설,h,1
03000,제1종근린생활시설,빗물배수펌프장,1
21000,동물및식물관련시설,사슴사육용,1
01000,단독주택,청단,1
17000,공장,270,1
17000,공장,출고인수장,1
11000,노유자시설,e동,1
17000,공장,폐수장약품실,1
17000,공장,간이조선소,1
27000,관광휴게시설,수면주차장,1
03000,제1종근린생활시설,운동관리실,1
27000,관광휴게시설,청소년수련관,1
04000,제2종근린생활시설,고시원16실,1
17000,공장,upl,1
19000,위험물저장및처리시설,lpg저장,1
03000,제1종근린생활시설,다가구형단독주택,1
01000,단독주택,수리소,1
10000,교육연구시설,관리실주택,1
02000,공동주택,출동경비실,1
27000,관광휴게시설,비상발전시설,1
18000,창고시설,동력실,1
04000,제2종근린생활시설,식물재배사,1
12000,수련시설,궁도장,1
17000,공장,42호,1
06000,종교시설,종교집회소,1
06000,종교시설,광,1
01000,단독주택,층,1
,,시멘트싸이로,1
17000,공장,상업인쇄공장,1
15000,숙박시설,생및주택,1
04000,제2종근린생활시설,제1종근생휴게음식점,1
01000,단독주택,생산물저장창고,1
,,목재가구제조업,1
16000,위락시설,유흥주점외1건,1
16000,위락시설,자동차판매시설,1
24000,방송통신시설,방송송신소,1
26000,묘지관련시설,별묘,1
02000,공동주택,사원독신료,1
16000,위락시설,타워파킹,1
,,제품포장,1
02000,공동주택,비상계단실,1
17000,공장,cr,1
17000,공장,pta제품창고,1
17000,공장,유독물일반창고,1
19000,위험물저장및처리시설,옥내주유취급소,1
13000,운동시설,일반목욕장,1
14000,업무시설,소매점2호,1
02000,공동주택,생활및의료시설,1
30000,자원순환관련시설,조정조,1
27000,관광휴게시설,캠핑장지원시설,1
19000,위험물저장및처리시설,가스저장,1
01000,단독주택,점포및여인숙,1
03000,제1종근린생활시설,역조정지,1
03000,제1종근린생활시설,문비,1
05000,문화및집회시설,인버터실,1
21000,동물및식물관련시설,410,1
21000,동물및식물관련시설,급이조,1
17000,공장,대문,1
21000,동물및식물관련시설,교육실,1
27000,관광휴게시설,초당,1
03000,제1종근린생활시설,옥개시설,1
10000,교육연구시설,급식실및,1
27000,관광휴게시설,턴테이블,1
17000,공장,건미역처리장및창고관리실,1
17000,공장,dpg운전원대기실,1
02000,공동주택,빗물저류조펌프실관리층,1
04000,제2종근린생활시설,tv간이중계소,1
17000,공장,제분쇄실,1
17000,공장,콜렉션피트,1
17000,공장,아스콘플랜트,1
03000,제1종근린생활시설,시공업,1
22000,분뇨.쓰레기처리시설,분뇨정화조,1
20000,자동차관련시설,자동차운전면허시험장,1
20000,자동차관련시설,자동차관련시설외1종,1
17000,공장,철제,1
10000,교육연구시설,04,1
10000,교육연구시설,공고실,1
17000,공장,파쇄기동,1
25000,발전시설,교육실,1
01000,단독주택,6개구,1
17000,공장,샤워실및보일러실,1
13000,운동시설,휴게소1,1
22000,분뇨.쓰레기처리시설,열공급시설,1
17000,공장,농산물건조가공,1
03000,제1종근린생활시설,자전거수리점,1
20000,자동차관련시설,자동세차기,1
22000,분뇨.쓰레기처리시설,수처리전기실,1
04000,제2종근린생활시설,마운틴티하우스,1
29000,장례시설,주차타워,1
03000,제1종근린생활시설,금융자동화창구,1
02000,공동주택,더샵카페,1
02000,공동주택,보건지소,1
05000,문화및집회시설,관란집회시설,1
02000,공동주택,다이닝카페,1
14000,업무시설,업무지원시설,1
04000,제2종근린생활시설,분뇨및폐기물처리시설,1
20000,자동차관련시설,유수분리기실,1
22000,분뇨.쓰레기처리시설,협잡물처리시설,1
15000,숙박시설,주차,1
18000,창고시설,자동교환장치,1
09000,의료시설,중앙구,1
22000,분뇨.쓰레기처리시설,어업용쓰레기소각시설,1
17000,공장,전자제품조립,1
20000,자동차관련시설,카쎈타,1
03000,제1종근린생활시설,투입동,1
02000,공동주택,211,1
02000,공동주택,여성친화공간a,1
22000,분뇨.쓰레기처리시설,축사분뇨처리시설,1
22000,분뇨.쓰레기처리시설,폐기물종합재활용시설,1
20000,자동차관련시설,교육청청사,1
01000,단독주택,행랑및잠실,1
17000,공장,시멘트제품창고,1
20000,자동차관련시설,자전거,1
20000,자동차관련시설,하치장,1
03000,제1종근린생활시설,유계차고,1
11000,노유자시설,계단실,1
22000,분뇨.쓰레기처리시설,폐기물소각로,1
04000,제2종근린생활시설,제2종근린생활시시러,1
06000,종교시설,법당및요사채,1
04000,제2종근린생활시설,공동농산물가공시설,1
02000,공동주택,주거복지관,1
17000,공장,베처프랜트,1
01000,단독주택,사무소0,1
18000,창고시설,영업소창고,1
18000,창고시설,영업소청사,1
18000,창고시설,주택관사,1
20000,자동차관련시설,중기수리작업장,1
18000,창고시설,호박저장고,1
06000,종교시설,묘막,1
03000,제1종근린생활시설,장비보관실,1
03000,제1종근린생활시설,병원사무실,1
02000,공동주택,230,1
01000,단독주택,제2양주장,1
06000,종교시설,설법당,1
20000,자동차관련시설,출하장,1
06000,종교시설,김씨종중,1
21000,동물및식물관련시설,쉘타,1
02000,공동주택,e교육센터,1
02000,공동주택,생활및,1
22000,분뇨.쓰레기처리시설,가압부상조동,1
11000,노유자시설,2근린생활시설,1
03000,제1종근린생활시설,염장실,1
19000,위험물저장및처리시설,4기,1
Z3000,근린생활시설,간이,1
03000,제1종근린생활시설,장작보관소,1
10000,교육연구시설,궤도부설교장,1
10000,교육연구시설,옥외강의용,1
20000,자동차관련시설,창고동,1
17000,공장,원사창고,1
02000,공동주택,댄싱룸,1
20000,자동차관련시설,과적검문소,1
20000,자동차관련시설,자동차관리사업,1
06000,종교시설,장의실,1
05000,문화및집회시설,정당,1
22000,분뇨.쓰레기처리시설,송풍,1
16000,위락시설,헬스크럽,1
04000,제2종근린생활시설,생및업무시설,1
13000,운동시설,체온유지실,1
04000,제2종근린생활시설,기타사무실,1
20000,자동차관련시설,화물터미널,1
17000,공장,액화실,1
08000,운수시설,소방펌프실동,1
17000,공장,슬래그싸이로,1
17000,공장,젠룸,1
06000,종교시설,목사실,1
20000,자동차관련시설,주차관리소,1
11000,노유자시설,공동저탄장,1
17000,공장,반도체부품조립공장,1
01000,단독주택,직업소개소,1
02000,공동주택,사원임대아파트관리,1
10000,교육연구시설,지열기계실,1
22000,분뇨.쓰레기처리시설,노유자시설,1
02000,공동주택,1705동,1
22000,분뇨.쓰레기처리시설,빗물처리수처리장,1
18000,창고시설,농림수산용시설,1
04000,제2종근린생활시설,교육연구복지,1
22000,분뇨.쓰레기처리시설,전처리실,1
22000,분뇨.쓰레기처리시설,재활용품시설,1
06000,종교시설,정씨제각,1
14000,업무시설,통신촬영시설,1
05000,문화및집회시설,식물재배온실,1
24000,방송통신시설,중문,1
21000,동물및식물관련시설,양병실,1
19000,위험물저장및처리시설,주방및다용도실,1
03000,제1종근린생활시설,제12,1
04000,제2종근린생활시설,공해,1
02000,공동주택,세대별,1
10000,교육연구시설,대강의동,1
13000,운동시설,예지물처리실,1
03000,제1종근린생활시설,경계초소,1
03000,제1종근린생활시설,사직문,1
02000,공동주택,위험물저장고,1
18000,창고시설,어업용저온창고,1
04000,제2종근린생활시설,유류판매,1
13000,운동시설,궁사장,1
01000,단독주택,2근린생활시설및주택,1
01000,단독주택,목욕탕및여관,1
01000,단독주택,수원지,1
20000,자동차관련시설,584,1
01000,단독주택,서점,1
17000,공장,저류조,1
13000,운동시설,학교교육연구시설,1
01000,단독주택,조정실,1
10000,교육연구시설,운주국교,1
22000,분뇨.쓰레기처리시설,4동,1
17000,공장,nsf공장,1
Z5000,문화및집회시설,문화복지회관,1
03000,제1종근린생활시설,종돈장,1
09000,의료시설,피로티,1
02000,공동주택,uz센터,1
02000,공동주택,195,1
02000,공동주택,지열난방,1
02000,공동주택,도형생활주택,1
02000,공동주택,615,1
02000,공동주택,130세대,1
,,놀이터,1
14000,업무시설,51호,1
17000,공장,tnt합성공실,1
18000,창고시설,학생교육원,1
20000,자동차관련시설,사워실,1
Z8000,교육연구및복지시설,공대변전실,1
24000,방송통신시설,기기실,1
03000,제1종근린생활시설,현점포,1
17000,공장,조선기자재,1
13000,운동시설,문화및집회시설외4,1
03000,제1종근린생활시설,검차장,1
Z5000,문화및집회시설,서요사,1
17000,공장,제조및창고시설,1
01000,단독주택,기공소,1
17000,공장,화공약품저장고,1
18000,창고시설,근린생활시설및숙소,1
18000,창고시설,창고및구판장,1
21000,동물및식물관련시설,콩나물재배사관리실,1
27000,관광휴게시설,판매전시장휴게실,1
21000,동물및식물관련시설,부속창고및관리사,1
18000,창고시설,액화가스판매소,1
18000,창고시설,창고쇠설,1
21000,동물및식물관련시설,제각,1
01000,단독주택,단독주택및미용원,1
05000,문화및집회시설,문화및집회서설,1
18000,창고시설,부속창고및퇴비사,1
21000,동물및식물관련시설,농약방,1
20000,자동차관련시설,재배사,1
18000,창고시설,농산물보관저온저장창고,1
04000,제2종근린생활시설,배추절임작업장,1
18000,창고시설,양주장,1
21000,동물및식물관련시설,유전자원저장및관리실,1
25000,발전시설,압축기실,1
18000,창고시설,소방대격납고,1
04000,제2종근린생활시설,일반업부시설,1
18000,창고시설,창고및제2종근리생활시설,1
21000,동물및식물관련시설,관리사및퇴비사,1
01000,단독주택,제1종일용품소매점,1
01000,단독주택,주택및근린생활시설위험물판매시설,1
10000,교육연구시설,위험물취급소,1
21000,동물및식물관련시설,우사및발효퇴비사,1
18000,창고시설,농업용청고,1
20000,자동차관련시설,자동교환장치,1
17000,공장,g발전실,1
01000,단독주택,물품저장고,1
21000,동물및식물관련시설,마늘건조장,1
18000,창고시설,사무실및점포,1
18000,창고시설,점포숙직실,1
19000,위험물저장및처리시설,지정과산화물저장소,1
01000,단독주택,목재지붕,1
01000,단독주택,94년농촌주택개량사업주택,1
21000,동물및식물관련시설,자연녹지지역,1
06000,종교시설,제1ㆍ2종근린생활시설,1
01000,단독주택,2세대주택,1
11000,노유자시설,제실,1
21000,동물및식물관련시설,육상문어양식장,1
21000,동물및식물관련시설,건강원,1
18000,창고시설,인광석창고,1
06000,종교시설,대광보전,1
17000,공장,간이주차장,1
03000,제1종근린생활시설,노점,1
01000,단독주택,창고및계단실,1
01000,단독주택,교육장사택,1
18000,창고시설,제조장및창고,1
06000,종교시설,교회및창고,1
21000,동물및식물관련시설,꿩육추실,1
09000,의료시설,산소호흡실,1
20000,자동차관련시설,외1용도,1
10000,교육연구시설,매점1,1
02000,공동주택,102세대,1
12000,수련시설,숙소동,1
10000,교육연구시설,재활용분리보관장,1
10000,교육연구시설,부속화장실및탈의실,1
17000,공장,황산농축동,1
Z3000,근린생활시설,12가구,1
08000,운수시설,정산소케노피,1
09000,의료시설,모타실,1
01000,단독주택,근생다가구,1
01000,단독주택,주택의부속창고,1
10000,교육연구시설,미장실습실,1
10000,교육연구시설,냉동창고,1
08000,운수시설,야외화장실,1
04000,제2종근린생활시설,유기질비료생산시설,1
17000,공장,농수산물처리시설,1
17000,공장,후생건물,1
03000,제1종근린생활시설,205동,1
19000,위험물저장및처리시설,출입통제소,1
17000,공장,코일산세공장,1
17000,공장,송풍기동,1
04000,제2종근린생활시설,야적창고,1
18000,창고시설,창고및대피소,1
,,건물,1
06000,종교시설,가묘,1
19000,위험물저장및처리시설,옥내주차장,1
19000,위험물저장및처리시설,고압가스용기충전보관실,1
19000,위험물저장및처리시설,광산폭약고경비실,1
03000,제1종근린생활시설,수상휴게실,1
19000,위험물저장및처리시설,약대가스저장실,1
16000,위락시설,생및,1
19000,위험물저장및처리시설,폭약저장고,1
04000,제2종근린생활시설,검계서원삼문,1
08000,운수시설,유지고,1
21000,동물및식물관련시설,t사,1
Z3000,근린생활시설,송풍기,1
Z8000,교육연구및복지시설,인쇄실,1
15000,숙박시설,전신전화국,1
,,사정,1
07000,판매시설,생활시설및구매시설,1
19000,위험물저장및처리시설,주유소기계식세차설비실,1
19000,위험물저장및처리시설,농협,1
04000,제2종근린생활시설,전화기계실,1
27000,관광휴게시설,진도가옥,1
17000,공장,공급장,1
19000,위험물저장및처리시설,저장조,1
22000,분뇨.쓰레기처리시설,교사,1
02000,공동주택,유아수영장,1
29000,장례시설,장례식장및종교시설,1
05000,문화및집회시설,기타공공용시설,1
03000,제1종근린생활시설,오더부스,1
17000,공장,펄퍼창고,1
21000,동물및식물관련시설,백신창고,1
01000,단독주택,장서실,1
21000,동물및식물관련시설,격리축사,1
,,곡식저장고,1
04000,제2종근린생활시설,화약류저장소,1
03000,제1종근린생활시설,선풍기실,1
,,서원,1
10000,교육연구시설,마동,1
Z8000,교육연구및복지시설,당직실,1
03000,제1종근린생활시설,지하및1,1
,,창고및욕실,1
19000,위험물저장및처리시설,선박주유취급소,1
,,지하주차장1,1
,,잠사,1
02000,공동주택,아파트코아,1
03000,제1종근린생활시설,추산정수장배수지,1
17000,공장,민속주,1
10000,교육연구시설,폐기물저장창고,1
19000,위험물저장및처리시설,주유소및점포,1
03000,제1종근린생활시설,부속시설물,1
02000,공동주택,그룹공부방,1
Z3000,근린생활시설,입주자회의실,1
02000,공동주택,가스저장탱크기계실,1
02000,공동주택,교원사택,1
14000,업무시설,오피스텔156실,1
01000,단독주택,농수산물가공,1
01000,단독주택,가스,1
10000,교육연구시설,교육연구소외,1
22000,분뇨.쓰레기처리시설,공동구,1
10000,교육연구시설,다이빙장,1
10000,교육연구시설,덕아웃,1
19000,위험물저장및처리시설,가스측정실,1
24000,방송통신시설,안테나실2,1
15000,숙박시설,대증음식점,1
01000,단독주택,재2종,1
19000,위험물저장및처리시설,위험물저장판매취급소,1
13000,운동시설,실외수영장,1
03000,제1종근린생활시설,동곡2동,1
,,농어촌개량주택,1
03000,제1종근린생활시설,득음정,1
19000,위험물저장및처리시설,쥬유캐노피,1
03000,제1종근린생활시설,콤퓨레샤실,1
04000,제2종근린생활시설,시멘트제품양생실,1
17000,공장,농질산제조소,1
19000,위험물저장및처리시설,지하저유소,1
10000,교육연구시설,신관교실동,1
04000,제2종근린생활시설,철물수리점,1
18000,창고시설,기계수리실,1
07000,판매시설,지하2층주차장,1
17000,공장,산소공장알곤실,1
02000,공동주택,105동pit활용,1
19000,위험물저장및처리시설,송유설비지원시설,1
21000,동물및식물관련시설,치유농장,1
,,농산물판매장및창고,1
02000,공동주택,근생및다가구주택,1
,,공사현장사무실,1
07000,판매시설,농협직매장,1
04000,제2종근린생활시설,분구중심,1
01000,단독주택,문탱크실,1
04000,제2종근린생활시설,제1종생활근린시설,1
22000,분뇨.쓰레기처리시설,운전관리동,1
16000,위락시설,레스토랑,1
19000,위험물저장및처리시설,부속세차시설,1
,,제과작업장,1
10000,교육연구시설,이대,1
01000,단독주택,주택및점포및제1,1
03000,제1종근린생활시설,장애인이용시설,1
18000,창고시설,의료장,1
07000,판매시설,농수산물유통가공시설,1
,,주텍,1
03000,제1종근린생활시설,공연장및영사실,1
04000,제2종근린생활시설,취사실,1
19000,위험물저장및처리시설,화약취급조,1
11000,노유자시설,주안새마을,1
19000,위험물저장및처리시설,화약뇌관고,1
19000,위험물저장및처리시설,유류판취급소,1
Z8000,교육연구및복지시설,심신수련장,1
17000,공장,브라스트,1
,,농업용간이휴게소,1
02000,공동주택,공동연립,1
17000,공장,묘지관련시설,1
13000,운동시설,간이휴게실,1
03000,제1종근린생활시설,봉천3동,1
10000,교육연구시설,으뜸관,1
17000,공장,h엔진,1
22000,분뇨.쓰레기처리시설,보관소,1
01000,단독주택,2종근린생활시설다가구주택,1
19000,위험물저장및처리시설,간이윤할유저장소,1
23000,교정및군사시설,통제소,1
03000,제1종근린생활시설,미장원및점포,1
02000,공동주택,실버룸,1
02000,공동주택,업무시설6호,1
04000,제2종근린생활시설,분쇄실,1
17000,공장,저탄장,1
17000,공장,수소공정,1
03000,제1종근린생활시설,모평리마을회관,1
02000,공동주택,및제2종근,1
19000,위험물저장및처리시설,가스풍압실,1
17000,공장,물류센터,1
18000,창고시설,산물벼처리장,1
01000,단독주택,1980년,1
23000,교정및군사시설,문화및집회시설,1
02000,공동주택,한전개폐기,1
21000,동물및식물관련시설,착우유,1
05000,문화및집회시설,포장,1
13000,운동시설,강의실및체육실,1
17000,공장,vr출하대,1
,,산실당,1
03000,제1종근린생활시설,생활물자판매,1
18000,창고시설,과일선과장,1
07000,판매시설,소화약제실,1
19000,위험물저장및처리시설,싸이로,1
17000,공장,나일론ep,1
,,93농촌주택자력개량대상,1
14000,업무시설,세관종합상황실,1
17000,공장,28992,1
19000,위험물저장및처리시설,위험물판매소및처리시설,1
10000,교육연구시설,창고1호동,1
02000,공동주택,재활용품보관장,1
01000,단독주택,단독4주택,1
21000,동물및식물관련시설,1차차량소독조,1
03000,제1종근린생활시설,연구실,1
05000,문화및집회시설,승릉비각,1
14000,업무시설,100호,1
15000,숙박시설,i,1
17000,공장,3예열실,1
02000,공동주택,냉방실,1
17000,공장,압착여과기동,1
22000,분뇨.쓰레기처리시설,농산물창고,1
27000,관광휴게시설,리프트터미널,1
20000,자동차관련시설,후생복지시설,1
17000,공장,영상음악감상실,1
11000,노유자시설,이용원,1
27000,관광휴게시설,관광휸게시설,1
26000,묘지관련시설,봉안실,1
02000,공동주택,306동,1
10000,교육연구시설,사회과학동,1
16000,위락시설,근린생활시설외1,1
21000,동물및식물관련시설,관상열대어양식장,1
02000,공동주택,계단실10개소,1
04000,제2종근린생활시설,총13가구,1
01000,단독주택,창고겸화장실,1
26000,묘지관련시설,가스저장소,1
04000,제2종근린생활시설,4용도,1
17000,공장,고객접견실,1
17000,공장,p제품창고3,1
10000,교육연구시설,피아노,1
26000,묘지관련시설,영릉재실,1
17000,공장,문화,1
02000,공동주택,부속2동,1
01000,단독주택,79정부주택개량,1
18000,창고시설,앞담배,1
16000,위락시설,유흠음식점,1
04000,제2종근린생활시설,유희시설,1
30000,자원순환관련시설,복리동,1
01000,단독주택,제1종일반주거지역,1
15000,숙박시설,영선사무실,1
03000,제1종근린생활시설,석유이동판매취급소차고,1
11000,노유자시설,변압기실,1
03000,제1종근린생활시설,토산물센타,1
04000,제2종근린생활시설,유스호스텔,1
12000,수련시설,완강기체험장,1
10000,교육연구시설,위생동,1
18000,창고시설,수산물냉장보관창고,1
17000,공장,수산물절임공장,1
04000,제2종근린생활시설,설치용,1
09000,의료시설,장애인화장실,1
,,콤푸렛샷실,1
02000,공동주택,쓰레기분리수거시설,1
17000,공장,chip보관장,1
Z8000,교육연구및복지시설,교회당,1
18000,창고시설,부락공동작업장,1
17000,공장,컴퓨레샤룸,1
Z3000,근린생활시설,점포및홀,1
04000,제2종근린생활시설,기타건축물목제품,1
10000,교육연구시설,c동,1
22000,분뇨.쓰레기처리시설,계장실,1
22000,분뇨.쓰레기처리시설,재활용동,1
,,부속실,1
Z3000,근린생활시설,불서보급소,1
Z6000,판매및영업시설,신호계전기실,1
17000,공장,보전사무실,1
17000,공장,멸치젓갈,1
17000,공장,pm3펄프창고,1
03000,제1종근린생활시설,유선방송국,1
04000,제2종근린생활시설,폐기물분리보관소,1
24000,방송통신시설,무선호출중계소,1
04000,제2종근린생활시설,실내정구장,1
03000,제1종근린생활시설,어민장,1
02000,공동주택,재활용품보관소d,1
04000,제2종근린생활시설,장애인화장실,1
04000,제2종근린생활시설,대표소,1
17000,공장,염장미역선별장,1
20000,자동차관련시설,지하주차장a,1
Z3000,근린생활시설,제1배수지,1
04000,제2종근린생활시설,회관및교육시설,1
17000,공장,연속탄화공정시설,1
15000,숙박시설,설비실,1
07000,판매시설,일반목욕탕,1
17000,공장,크랑카일차조쇄설비,1
04000,제2종근린생활시설,봉제완구제조,1
17000,공장,원심,1
04000,제2종근린생활시설,2층단독주택,1
22000,분뇨.쓰레기처리시설,직원식당,1
02000,공동주택,통신장비실,1
02000,공동주택,활동실,1
18000,창고시설,재설자재창고,1
02000,공동주택,강남빌라,1
21000,동물및식물관련시설,발효건조장,1
06000,종교시설,동서당동,1
01000,단독주택,배양심,1
04000,제2종근린생활시설,직물류제품제조업,1
04000,제2종근린생활시설,서운암,1
03000,제1종근린생활시설,근생1종,1
13000,운동시설,생활편익시설,1
21000,동물및식물관련시설,한우사동,1
Z3000,근린생활시설,사무실및수리점,1
24000,방송통신시설,방송통신용시설,1
21000,동물및식물관련시설,볏짚및사료창고,1
04000,제2종근린생활시설,자동차수리장,1
03000,제1종근린생활시설,일반게임장,1
24000,방송통신시설,차고지,1
03000,제1종근린생활시설,체육공원관리실,1
18000,창고시설,파고라,1
26000,묘지관련시설,f,1
04000,제2종근린생활시설,복리후생시설,1
10000,교육연구시설,선수,1
11000,노유자시설,관리인실,1
17000,공장,변전실및조정실,1
09000,의료시설,가스저장창고,1
04000,제2종근린생활시설,유기질비료,1
21000,동물및식물관련시설,건초,1
18000,창고시설,부속광,1
01000,단독주택,점퍼,1
19000,위험물저장및처리시설,부속창고1,1
03000,제1종근린생활시설,평생학습원,1
02000,공동주택,3실,1
25000,발전시설,홍보실,1
01000,단독주택,제2종근생외,1
02000,공동주택,기타주택1,1
17000,공장,팔각정,1
17000,공장,no2,1
Z5000,문화및집회시설,전통한과체험장,1
07000,판매시설,슈펴마켓,1
17000,공장,신발제조,1
17000,공장,사무실부지조성,1
17000,공장,k동,1
14000,업무시설,이사장실,1
02000,공동주택,교직원연립주택,1
09000,의료시설,음압실,1
21000,동물및식물관련시설,유계,1
14000,업무시설,배전반실,1
04000,제2종근린생활시설,전복,1
14000,업무시설,옥외윤활유저장창고,1
01000,단독주택,용주사,1
14000,업무시설,근린생할,1
14000,업무시설,월동자재기계실,1
15000,숙박시설,기사대기실,1
14000,업무시설,농기계격납고,1
04000,제2종근린생활시설,휴식시설,1
14000,업무시설,주차,1
15000,숙박시설,5,1
14000,업무시설,운동시설및제1,1
02000,공동주택,빗물처리조,1
02000,공동주택,공단지원시설,1
Z8000,교육연구및복지시설,청소년시설,1
17000,공장,죠크라샤,1
11000,노유자시설,기도실,1
15000,숙박시설,보일러실및위락시설,1
17000,공장,방향족변전실,1
01000,단독주택,동물관련시설외2용도,1
03000,제1종근린생활시설,변대,1
01000,단독주택,농촌주택개량에,1
11000,노유자시설,제2종근린생활시설및단독주택,1
04000,제2종근린생활시설,종회실,1
14000,업무시설,창고및사무실,1
01000,단독주택,부속사및변소,1
02000,공동주택,도사형생활주택,1
17000,공장,ozone,1
02000,공동주택,마포구,1
04000,제2종근린생활시설,수중공사,1
,,94,1
03000,제1종근린생활시설,노인회관및,1
18000,창고시설,청소년,1
10000,교육연구시설,테니스장관리실,1
02000,공동주택,다세대주택도시형생활주택,1
08000,운수시설,청년관,1
08000,운수시설,고한역신호계전기실,1
04000,제2종근린생활시설,탁구장및휴게실,1
02000,공동주택,우수조류조관리실,1
17000,공장,화장실및기계실,1
06000,종교시설,본전,1
18000,창고시설,소방,1
08000,운수시설,영선분소,1
10000,교육연구시설,종합운동장부대시설,1
10000,교육연구시설,자전차고,1
01000,단독주택,자동창관련시설,1
10000,교육연구시설,도서실및시청각실,1
08000,운수시설,개폐소,1
08000,운수시설,죽령역창고,1
Z3000,근린생활시설,제1ㆍ2종근린생활시설,1
02000,공동주택,104,1
03000,제1종근린생활시설,서면,1
05000,문화및집회시설,시,1
04000,제2종근린생활시설,2종근린생화시설,1
13000,운동시설,선수대기석2,1
02000,공동주택,클라이밍,1
Z3000,근린생활시설,주민운동시설,1
01000,단독주택,주택물치장,1
19000,위험물저장및처리시설,위험물처정및,1
04000,제2종근린생활시설,탁구장외1,1
10000,교육연구시설,자기주도학습실,1
20000,자동차관련시설,검사장및정비업소,1
21000,동물및식물관련시설,및축사,1
17000,공장,기어및동력전달장치제조업,1
03000,제1종근린생활시설,위생시설주택,1
09000,의료시설,요금계산소,1
10000,교육연구시설,제2종근린생활시설외2용도,1
17000,공장,박스가공,1
10000,교육연구시설,야구훈련장,1
10000,교육연구시설,차량보관소,1
16000,위락시설,시장,1
03000,제1종근린생활시설,주점간이,1
04000,제2종근린생활시설,목조가구,1
17000,공장,연사업,1
04000,제2종근린생활시설,부채공장,1
17000,공장,피이화장실,1
02000,공동주택,제1종근린생활시설사무소,1
01000,단독주택,떡방안간,1
01000,단독주택,만소장,1
10000,교육연구시설,소극장,1
04000,제2종근린생활시설,활어보관소,1
17000,공장,수산,1
08000,운수시설,자동차정비시설,1
05000,문화및집회시설,고,1
17000,공장,바이오필터실,1
17000,공장,목공예제조,1
22000,분뇨.쓰레기처리시설,개스,1
30000,자원순환관련시설,물품관리창고,1
02000,공동주택,주택및근린생활,1
01000,단독주택,버섯재배시설,1
19000,위험물저장및처리시설,직원식당및숙직실,1
02000,공동주택,은행독신자합숙소,1
10000,교육연구시설,실험동물사육장,1
02000,공동주택,다세대주택공동주택,1
04000,제2종근린생활시설,교육연구및복시설,1
17000,공장,조형공장,1
08000,운수시설,차양시설,1
02000,공동주택,독신자합숙소,1
Z3000,근린생활시설,h회관,1
02000,공동주택,지하출입구,1
02000,공동주택,우수저장소관리층,1
14000,업무시설,80호실,1
04000,제2종근린생활시설,가공공작기계제조업,1
02000,공동주택,597,1
03000,제1종근린생활시설,화랑,1
02000,공동주택,마을홍보관,1
01000,단독주택,농어촌주택개량사업,1
03000,제1종근린생활시설,17호,1
02000,공동주택,공동육아시설,1
JY,,다가구주택,1
09000,의료시설,정신병동,1
11000,노유자시설,일반숙박시설,1
04000,제2종근린생활시설,의용소방대,1
27000,관광휴게시설,식당3동,1
01000,단독주택,이용실,1
30000,자원순환관련시설,당직실,1
02000,공동주택,관사아파트,1
18000,창고시설,터널소독기,1
04000,제2종근린생활시설,플라스틱가공,1
17000,공장,자재하역장,1
02000,공동주택,스카이도서관,1
02000,공동주택,입주자모임공간,1
,,탭,1
04000,제2종근린생활시설,제분소및창고,1
,,농업인,1
17000,공장,전자오락기구음향및영상기기제조업,1
30000,자원순환관련시설,자원보관창고,1
02000,공동주택,음향설비,1
17000,공장,변전,1
18000,창고시설,67,1
02000,공동주택,나눔장터카페,1
31000,야영장시설,린넨실,1
02000,공동주택,전기보일러,1
Z3000,근린생활시설,도장실,1
02000,공동주택,아파트및주민공동시설,1
02000,공동주택,골든라운지,1
02000,공동주택,다목적실내스포츠,1
02000,공동주택,광동아파트,1
02000,공동주택,신혼배움터,1
02000,공동주택,도시형생활주택다세대주택,1
02000,공동주택,단지형다세대주택및1종근린생활시설,1
17000,공장,죽염,1
13000,운동시설,안전요원실,1
30000,자원순환관련시설,감용시설,1
02000,공동주택,쓸레기집하시설4,1
14000,업무시설,진료소,1
02000,공동주택,주민봉사활동사무실,1
25000,발전시설,배전창고,1
17000,공장,트랜스엑셀충전소,1
30000,자원순환관련시설,축산폐수처리동,1
03000,제1종근린생활시설,38,1
02000,공동주택,주차장홀,1
Z5000,문화및집회시설,처리시설,1
,,곡물반출,1
03000,제1종근린생활시설,e동,1
04000,제2종근린생활시설,특산품판매점,1
29000,장례시설,관리사,1
04000,제2종근린생활시설,자수제품및자수용재조업,1
,,4가구,1
,,부산물비료공장,1
18000,창고시설,미술품보관창고,1
17000,공장,9209b,1
01000,단독주택,새마을창고,1
02000,공동주택,방과후초등돌봄교실,1
02000,공동주택,재활용분류창고,1
10000,교육연구시설,강당및식당,1
14000,업무시설,다용도실,1
30000,자원순환관련시설,하수종말처리장시설,1
02000,공동주택,1단지경비실,1
30000,자원순환관련시설,관리홍보동,1
03000,제1종근린생활시설,위락업무시설,1
03000,제1종근린생활시설,버스대기소,1
30000,자원순환관련시설,호퍼동,1
02000,공동주택,복리시설동,1
03000,제1종근린생활시설,108호,1
14000,업무시설,통계,1
14000,업무시설,부대시설동,1
02000,공동주택,가스집하장,1
01000,단독주택,농거가주택,1
02000,공동주택,관리ㆍ노인정,1
02000,공동주택,실내운동장,1
14000,업무시설,문서고회의실,1
,,아스콘플랜트,1
17000,공장,위험물탱크,1
10000,교육연구시설,중등,1
18000,창고시설,쌀저장창고,1
02000,공동주택,외부화장실,1
02000,공동주택,단지형다세대주택및제2종근린생활시설,1
01000,단독주택,18평,1
17000,공장,침구류제조,1
04000,제2종근린생활시설,경비사무실,1
17000,공장,탱크운영과콘트롤룸,1
01000,단독주택,4h,1
02000,공동주택,재활용품집적소,1
02000,공동주택,동별세대창고,1
18000,창고시설,직물제조업,1
02000,공동주택,종교용기숙사,1
30000,자원순환관련시설,재활용품창고,1
03000,제1종근린생활시설,활터,1
,,1800,1
04000,제2종근린생활시설,tkanth,1
02000,공동주택,1존근린생활시설,1
18000,창고시설,찜질방,1
02000,공동주택,가숙사,1
17000,공장,wwt,1
17000,공장,현장분석실n04,1
17000,공장,조제동물사료제조업,1
18000,창고시설,이동식,1
30000,자원순환관련시설,과원퇴비사,1
02000,공동주택,아파트시장,1
02000,공동주택,단지안내소,1
07000,판매시설,관람시설,1
02000,공동주택,생활폐기물저장소,1
04000,제2종근린생활시설,금속탱크제조,1
02000,공동주택,공공지역난방공급실,1
02000,공동주택,탑라이트3,1
02000,공동주택,아파트및생활편익시설,1
10000,교육연구시설,및복지시설외1,1
03000,제1종근린생활시설,대호지면,1
02000,공동주택,도시가스기지실,1
02000,공동주택,입주자회의실외,1
02000,공동주택,전망카페2,1
02000,공동주택,창고및변소,1
02000,공동주택,다세내주택,1
02000,공동주택,도시형생활주택단지지형다세대,1
02000,공동주택,휴게공간1,1
02000,공동주택,전기설비실,1
02000,공동주택,보조급탕실,1
04000,제2종근린생활시설,김,1
01000,단독주택,정자시설,1
27000,관광휴게시설,유흥주점,1
02000,공동주택,공동대주택,1
02000,공동주택,공동주택근린생활시설,1
21000,동물및식물관련시설,수산종묘배양생산시설,1
21000,동물및식물관련시설,우유저장소,1
21000,동물및식물관련시설,예방실,1
03000,제1종근린생활시설,헌인릉,1
22000,분뇨.쓰레기처리시설,비축창고b동,1
02000,공동주택,부대대복리시설,1
,,예배실,1
17000,공장,미생물제제및배양제제조업,1
06000,종교시설,기사실,1
02000,공동주택,수변라운지,1
02000,공동주택,폐품수집창고,1
04000,제2종근린생활시설,야외,1
02000,공동주택,다함께돌봄센터1,1
03000,제1종근린생활시설,성실관,1
17000,공장,op,1
19000,위험물저장및처리시설,정비공장,1
03000,제1종근린생활시설,귀농귀촌센터,1
11000,노유자시설,유료노인요양시설,1
03000,제1종근린생활시설,제품전시보관소,1
03000,제1종근린생활시설,치잠공동잠실,1
03000,제1종근린생활시설,마을영농폐기물수거장,1
03000,제1종근린생활시설,영엽소,1
03000,제1종근린생활시설,해사관련시설,1
Z3000,근린생활시설,교육훈련실,1
17000,공장,엘레베이터,1
06000,종교시설,종중회의실,1
03000,제1종근린생활시설,마을공동독서실,1
02000,공동주택,남광로얄아파트,1
03000,제1종근린생활시설,중대막사,1
03000,제1종근린생활시설,공공동,1
18000,창고시설,제1종근린,1
21000,동물및식물관련시설,애완동물,1
11000,노유자시설,하계휴양소,1
03000,제1종근린생활시설,마을주민편의실,1
03000,제1종근린생활시설,농산물가공,1
03000,제1종근린생활시설,준비실,1
01000,단독주택,2종종근린생활시설및,1
01000,단독주택,미등기,1
03000,제1종근린생활시설,배출수지펌프동,1
03000,제1종근린생활시설,영태4리마을회관,1
03000,제1종근린생활시설,해양관측,1
17000,공장,900,1
03000,제1종근린생활시설,중앙감지실,1
03000,제1종근린생활시설,무인이동전화기지국,1
01000,단독주택,농산물저장창고및화장실,1
17000,공장,공장및야적장,1
03000,제1종근린생활시설,부락공동정자,1
03000,제1종근린생활시설,소매점및비가림시설,1
03000,제1종근린생활시설,부도출장소,1
17000,공장,no3제어기기동,1
03000,제1종근린생활시설,주문출장소,1
03000,제1종근린생활시설,종합운동장샤워실,1
03000,제1종근린생활시설,마을회관및노인당,1
03000,제1종근린생활시설,일용품소매점및관리실,1
01000,단독주택,다가구용다독주택,1
03000,제1종근린생활시설,제1종근린생생활시설,1
10000,교육연구시설,주유기,1
26000,묘지관련시설,종합종교관,1
03000,제1종근린생활시설,경찰서입초소,1
03000,제1종근린생활시설,기타근생,1
14000,업무시설,전처리실,1
19000,위험물저장및처리시설,분뇨,1
03000,제1종근린생활시설,휴게용정자,1
03000,제1종근린생활시설,역도회관,1
03000,제1종근린생활시설,오니처리장,1
03000,제1종근린생활시설,주차빌딩,1
06000,종교시설,방풍실,1
03000,제1종근린생활시설,펌프장관리동,1
03000,제1종근린생활시설,마을창고회관,1
03000,제1종근린생활시설,경비원막사,1
17000,공장,금형보전실,1
04000,제2종근린생활시설,제조및수리점,1
03000,제1종근린생활시설,근린생활시설및부대시설,1
03000,제1종근린생활시설,오천3배수장,1
03000,제1종근린생활시설,진서면의용소방대사무실,1
03000,제1종근린생활시설,긍린생활시설,1
18000,창고시설,개방형,1
02000,공동주택,2개,1
03000,제1종근린생활시설,월곡리경노회관,1
11000,노유자시설,삼포마을경로당,1
03000,제1종근린생활시설,학석마을회관,1
03000,제1종근린생활시설,소매저,1
18000,창고시설,발전소부대시설,1
27000,관광휴게시설,발효실,1
03000,제1종근린생활시설,점포상가,1
03000,제1종근린생활시설,석물판매장,1
02000,공동주택,오피스텔27호,1
04000,제2종근린생활시설,황사리,1
03000,제1종근린생활시설,제1종근린생활시설마을회관,1
03000,제1종근린생활시설,점포및센타,1
03000,제1종근린생활시설,민방공대피소,1
11000,노유자시설,개수대,1
07000,판매시설,원광빌라,1
03000,제1종근린생활시설,액상펌프실,1
03000,제1종근린생활시설,경노당및마을공회당,1
08000,운수시설,원능역,1
19000,위험물저장및처리시설,자동관련시설,1
03000,제1종근린생활시설,한강안전관리대,1
23000,교정및군사시설,본청,1
03000,제1종근린생활시설,시민공원매표소,1
17000,공장,동설기계실,1
03000,제1종근린생활시설,구내매점,1
17000,공장,주택부수창고,1
11000,노유자시설,축열조실,1
03000,제1종근린생활시설,제1종근린생활시설설,1
03000,제1종근린생활시설,근린생활생활,1
03000,제1종근린생활시설,버스기사휴게실,1
20000,자동차관련시설,교실,1
01000,단독주택,95농촌주거환경,1
17000,공장,일반제재소,1
03000,제1종근린생활시설,근생주차장,1
04000,제2종근린생활시설,일반음식점소매점,1
04000,제2종근린생활시설,소화물창고,1
22000,분뇨.쓰레기처리시설,축산폐수및하수처리시설,1
04000,제2종근린생활시설,사병취사식당,1
17000,공장,제조외,1
18000,창고시설,농산물가공제조장,1
22000,분뇨.쓰레기처리시설,3,1
13000,운동시설,예능계강습소,1
11000,노유자시설,소화용,1
17000,공장,물리실,1
17000,공장,6d9,1
11000,노유자시설,부랑부녀자,1
01000,단독주택,2가구용주택,1
04000,제2종근린생활시설,물품저장소,1
03000,제1종근린생활시설,당구당,1
21000,동물및식물관련시설,박피장,1
03000,제1종근린생활시설,마을목욕장,1
19000,위험물저장및처리시설,고압가스취급소,1
17000,공장,에어졸,1
29000,장례시설,보일러실,1
04000,제2종근린생활시설,제1종근생및주택,1
05000,문화및집회시설,12,1
23000,교정및군사시설,탄약고a,1
13000,운동시설,택견전수관,1
18000,창고시설,농어가용,1
17000,공장,저유과,1
10000,교육연구시설,농업용교육장,1
10000,교육연구시설,승강장,1
04000,제2종근린생활시설,목재하차장,1
08000,운수시설,저장실,1
04000,제2종근린생활시설,인터넷컴퓨터게임방,1
10000,교육연구시설,학생안전보소실,1
21000,동물및식물관련시설,94,1
21000,동물및식물관련시설,경쟁력재고사업보조금대상,1
08000,운수시설,운정보안시설,1
17000,공장,수소트레일러보관실,1
03000,제1종근린생활시설,수처리시설,1
03000,제1종근린생활시설,원숭이사,1
10000,교육연구시설,기계정비실,1
10000,교육연구시설,타격연습장,1
03000,제1종근린생활시설,주택및탁구장,1
17000,공장,공업용수처리시설,1
Z5000,문화및집회시설,매표소,1
10000,교육연구시설,실험가스보관소,1
21000,동물및식물관련시설,방류시설,1
10000,교육연구시설,특활실,1
09000,의료시설,단독주택및제1종근린생활시설,1
10000,교육연구시설,시약창고,1
08000,운수시설,고속차량검수고,1
10000,교육연구시설,적치동,1
12000,수련시설,목재체험장,1
03000,제1종근린생활시설,건강식품원,1
02000,공동주택,방재센터실,1
04000,제2종근린생활시설,여자화장실,1
01000,단독주택,물간,1
08000,운수시설,새마을회관,1
04000,제2종근린생활시설,젓가공공장,1
14000,업무시설,써브센타,1
17000,공장,1지구,1
17000,공장,탱크로리출하장,1
11000,노유자시설,문화및집회,1
10000,교육연구시설,약대동물사육장,1
10000,교육연구시설,영농사,1
11000,노유자시설,산정,1
17000,공장,바비트릭공장,1
10000,교육연구시설,정독실,1
17000,공장,23제품성형설비동,1
02000,공동주택,저수조계단실,1
02000,공동주택,자료실,1
02000,공동주택,다세대주택17세대,1
01000,단독주택,치,1
09000,의료시설,공동주택및의료시설,1
08000,운수시설,공공화장실,1
10000,교육연구시설,에너지저장창고,1
10000,교육연구시설,부속큰셋,1
10000,교육연구시설,피트니스,1
17000,공장,칩수거장,1
03000,제1종근린생활시설,자수학원,1
03000,제1종근린생활시설,101,1
08000,운수시설,승강장대합실,1
01000,단독주택,기타공공시설,1
10000,교육연구시설,축구부훈련원,1
17000,공장,bulk출하설비,1
03000,제1종근린생활시설,관측망,1
10000,교육연구시설,경리계학원,1
02000,공동주택,입주자도서실,1
02000,공동주택,방재시설등,1
10000,교육연구시설,마사관리동,1
10000,교육연구시설,건물연결통로,1
03000,제1종근린생활시설,공용화기실,1
14000,업무시설,편익시설,1
08000,운수시설,간수실,1
10000,교육연구시설,경산특수학교,1
04000,제2종근린생활시설,제1종근린생횔시설,1
17000,공장,디자인,1
27000,관광휴게시설,휴게쉼터,1
08000,운수시설,광차소급수펌프실,1
04000,제2종근린생활시설,수돗가,1
10000,교육연구시설,공공직업훈련시설,1
10000,교육연구시설,선수대기실,1
10000,교육연구시설,조리실습실,1
10000,교육연구시설,소화전기계실,1
08000,운수시설,전철전력설비,1
06000,종교시설,운보실,1
01000,단독주택,식품위생,1
10000,교육연구시설,양궁부실,1
02000,공동주택,원룸형15실,1
17000,공장,관리실창고,1
10000,교육연구시설,문학연구소,1
03000,제1종근린생활시설,일반창고시설,1
21000,동물및식물관련시설,양주실,1
01000,단독주택,간이잠실,1
04000,제2종근린생활시설,사찰부속사,1
10000,교육연구시설,근린생활시설외2,1
21000,동물및식물관련시설,젖소사육운도장,1
26000,묘지관련시설,모의,1
10000,교육연구시설,학생수련원,1
03000,제1종근린생활시설,무인전신전화국,1
17000,공장,수산화마그네슘생산실,1
10000,교육연구시설,창고및관리실,1
17000,공장,co압축기실,1
10000,교육연구시설,교사및도서관,1
03000,제1종근린생활시설,1종창고,1
15000,숙박시설,제2동근린생활시설,1
24000,방송통신시설,근린생활시설및,1
17000,공장,엠보동,1
12000,수련시설,건조장,1
04000,제2종근린생활시설,수도,1
03000,제1종근린생활시설,해안어통신고소,1
17000,공장,식탁용,1
20000,자동차관련시설,클리닝,1
15000,숙박시설,창고및부엌,1
10000,교육연구시설,과학연수관,1
03000,제1종근린생활시설,대양분식,1
08000,운수시설,공항지원시설,1
17000,공장,그라운드,1
15000,숙박시설,저수조,1
01000,단독주택,지원농가주택,1
03000,제1종근린생활시설,과적차량검사장,1
09000,의료시설,노인전문요양시설,1
14000,업무시설,주민회의시설,1
14000,업무시설,주차부스,1
17000,공장,제2지구,1
14000,업무시설,운전원초소,1
17000,공장,소방차차고,1
17000,공장,출하실및운전실,1
10000,교육연구시설,eb학생회관,1
10000,교육연구시설,증축,1
11000,노유자시설,사회봉사시설,1
01000,단독주택,재1,1
17000,공장,연화기실,1
01000,단독주택,다가구주구4,1
17000,공장,서브스테이션,1
14000,업무시설,수송부사무실,1
03000,제1종근린생활시설,토산품센타,1
07000,판매시설,어구점,1
08000,운수시설,사무실등,1
17000,공장,전배재설비,1
02000,공동주택,제,1
02000,공동주택,제2종근링생활시설,1
10000,교육연구시설,급식실및식당,1
17000,공장,톱밥생산시설,1
14000,업무시설,64세대,1
17000,공장,펌프소방동,1
04000,제2종근린생활시설,문및창고,1
01000,단독주택,개량건조실,1
10000,교육연구시설,복싱장,1
Z3000,근린생활시설,옥상,1
Z3000,근린생활시설,물탱크,1
03000,제1종근린생활시설,전주이씨,1
14000,업무시설,삼포관리,1
04000,제2종근린생활시설,옥층,1
Z8000,교육연구및복지시설,대피,1
03000,제1종근린생활시설,감만소방파출소,1
01000,단독주택,남은사,1
01000,단독주택,지물포,1
03000,제1종근린생활시설,제1종근생린생활시설,1
14000,업무시설,농기계,1
01000,단독주택,동몰관련시설,1
21000,동물및식물관련시설,우렁쉥이,1
17000,공장,포장실동,1
17000,공장,2종근린,1
18000,창고시설,공장외,1
30000,자원순환관련시설,야적장b,1
14000,업무시설,농촌지도소관사,1
13000,운동시설,그늘집14,1
14000,업무시설,경비방카,1
14000,업무시설,기술연구소,1
17000,공장,3예열실c,1
10000,교육연구시설,방재실,1
17000,공장,액체기동저항기실,1
17000,공장,bpo,1
03000,제1종근린생활시설,운동시설및업무시설,1
17000,공장,지원실,1
29000,장례시설,3,1
03000,제1종근린생활시설,석유판매,1
14000,업무시설,오피스텔부대시설,1
14000,업무시설,비주거부대시설,1
02000,공동주택,보조공급실,1
14000,업무시설,쓰레기자동이송설비,1
21000,동물및식물관련시설,사료창고및사무실,1
01000,단독주택,다가구주택5호,1
01000,단독주택,대피소단독주택,1
14000,업무시설,제설창고,1
04000,제2종근린생활시설,교육방,1
21000,동물및식물관련시설,94농촌주겨환경개선사업,1
01000,단독주택,일반음석점,1
03000,제1종근린생활시설,잎담배공동건조장및저장창고,1
07000,판매시설,공구상가,1
02000,공동주택,취업준비센터,1
18000,창고시설,검수고,1
01000,단독주택,다가구용8가구,1
21000,동물및식물관련시설,기존마동,1
17000,공장,유기질사료제조업,1
03000,제1종근린생활시설,간이t,1
04000,제2종근린생활시설,위험물정장및처리시설,1
04000,제2종근린생활시설,철물관련제품,1
04000,제2종근린생활시설,점포및일반유흥음식점,1
04000,제2종근린생활시설,비가림창고,1
19000,위험물저장및처리시설,디팬서,1
20000,자동차관련시설,폐차영업소,1
01000,단독주택,322,1
05000,문화및집회시설,화,1
15000,숙박시설,여관및사무소,1
14000,업무시설,질소발생기실,1
14000,업무시설,무대,1
04000,제2종근린생활시설,한문강습소,1
Z3000,근린생활시설,주분초,1
Z8000,교육연구및복지시설,교육연구시설및,1
10000,교육연구시설,급식소및다목적실동,1
18000,창고시설,유류펌프실,1
24000,방송통신시설,운암분기국,1
22000,분뇨.쓰레기처리시설,분료쓰레기,1
13000,운동시설,부대복리시설,1
02000,공동주택,홍보전시실,1
18000,창고시설,p프로젝트원료창고,1
14000,업무시설,스텔,1
04000,제2종근린생활시설,농산품창고,1
15000,숙박시설,관관숙박시설,1
01000,단독주택,계단비가림,1
23000,교정및군사시설,주차시설,1
11000,노유자시설,부락공동시설,1
05000,문화및집회시설,필리핀체험장,1
01000,단독주택,관제묘,1
24000,방송통신시설,자동전화기계보존실,1
17000,공장,이산화탄소,1
03000,제1종근린생활시설,송수실,1
03000,제1종근린생활시설,의용소방대사무실및차고,1
17000,공장,해수취수조및펌프실,1
18000,창고시설,2종근생활시설,1
10000,교육연구시설,시장,1
17000,공장,과산화물저장창고,1
17000,공장,성형가공,1
13000,운동시설,재난구호소,1
21000,동물및식물관련시설,축사건립,1
17000,공장,1고로,1
21000,동물및식물관련시설,과수원조성관리사,1
01000,단독주택,다기구주택,1
Z3000,근린생활시설,무도장,1
18000,창고시설,가축배합사료창고,1
01000,단독주택,차고및휴게실,1
18000,창고시설,농사눌보관창고,1
18000,창고시설,엘피지보관창고,1
18000,창고시설,생강저장고,1
18000,창고시설,농기계수리고,1
21000,동물및식물관련시설,가축분뇨처리장,1
03000,제1종근린생활시설,권투도장,1
Z3000,근린생활시설,변전소,1
16000,위락시설,근린샌활시설,1
01000,단독주택,온양배수지사택,1
21000,동물및식물관련시설,가축시장사무실및우형기사,1
21000,동물및식물관련시설,축분연구실,1
01000,단독주택,주택및농수산물건조장,1
21000,동물및식물관련시설,재배사창고,1
18000,창고시설,멸치냉장건조실,1
02000,공동주택,영유아복지시설,1
18000,창고시설,벼저장고,1
02000,공동주택,도시형10가구,1
04000,제2종근린생활시설,복지서설,1
01000,단독주택,돔물및식물관련시설,1
18000,창고시설,농가일반주택및창고,1
20000,자동차관련시설,교육,1
01000,단독주택,다용도휴게실,1
21000,동물및식물관련시설,퇴비생산화시설창고,1
17000,공장,배전반및자동제어반제보업,1
18000,창고시설,창고작업실,1
18000,창고시설,농수산물건조보관창고,1
04000,제2종근린생활시설,부동산중개사업소,1
18000,창고시설,공동저온창고,1
18000,창고시설,의료기기보관창고,1
18000,창고시설,제조업소및농업창고,1
04000,제2종근린생활시설,요사채및창고,1
27000,관광휴게시설,환경창고,1
21000,동물및식물관련시설,버섯선별장,1
03000,제1종근린생활시설,대한송유관공사,1
01000,단독주택,다가구용단독구택,1
18000,창고시설,경량철골구조,1
21000,동물및식물관련시설,수도시설,1
01000,단독주택,주택구판장,1
04000,제2종근린생활시설,모래건조장,1
21000,동물및식물관련시설,부속동,1
21000,동물및식물관련시설,동물및식물관련시실,1
01000,단독주택,부속곶감건조장,1
01000,단독주택,백곡양수장사택,1
01000,단독주택,종묘배양장,1
21000,동물및식물관련시설,과수원증막,1
18000,창고시설,농어촌부업단지해태건조실,1
17000,공장,전처리장,1
02000,공동주택,복지후생시설1,1
04000,제2종근린생활시설,생활및구매시설,1
18000,창고시설,농사물보관창고,1
04000,제2종근린생활시설,설치장,1
17000,공장,애완동물,1
18000,창고시설,고철저장소,1
11000,노유자시설,유아원및,1
01000,단독주택,농가주택및사무실,1
10000,교육연구시설,학교기업제조시설,1
04000,제2종근린생활시설,금속판제품,1
21000,동물및식물관련시설,잎담배보관창고,1
23000,교정및군사시설,5,1
18000,창고시설,저수조실,1
10000,교육연구시설,저학년동,1
18000,창고시설,차고지및창고,1
17000,공장,5전기실,1
21000,동물및식물관련시설,관리인차고,1
10000,교육연구시설,직업훈련실,1
01000,단독주택,묘지관련시설및단독주택,1
01000,단독주택,주택및서고,1
17000,공장,재료적치장,1
18000,창고시설,수방단격납고,1
21000,동물및식물관련시설,시험관우사,1
01000,단독주택,광및주택,1
11000,노유자시설,모자,1
18000,창고시설,사과저온저장창고,1
18000,창고시설,번소옥,1
21000,동물및식물관련시설,경매진행사,1
02000,공동주택,214,1
18000,창고시설,농어가생산시설,1
18000,창고시설,자동차운전학원,1
21000,동물및식물관련시설,다목적잠실,1
20000,자동차관련시설,10,1
01000,단독주택,승려수행가,1
02000,공동주택,13동,1
01000,단독주택,단독주택1세대,1
21000,동물및식물관련시설,구비저장고,1
18000,창고시설,마을공동시금치집하장,1
01000,단독주택,단독주택및창고및축사,1
18000,창고시설,생지적치,1
01000,단독주택,단1주택,1
21000,동물및식물관련시설,퇴비사및분만사,1
21000,동물및식물관련시설,새싹채소,1
21000,동물및식물관련시설,동물관련시설및분뇨쓰레기처리시설,1
01000,단독주택,스레트주택,1
21000,동물및식물관련시설,감시소,1
18000,창고시설,농경지창고,1
18000,창고시설,우사및창고,1
Z3000,근린생활시설,장갑제조장,1
21000,동물및식물관련시설,축사정화조,1
21000,동물및식물관련시설,양어장관리사및창고,1
14000,업무시설,22실,1
21000,동물및식물관련시설,계사및분건조장,1
21000,동물및식물관련시설,기계실및2차물품반입실,1
21000,동물및식물관련시설,계란판보관실,1
08000,운수시설,취급소,1
17000,공장,식육가공시설,1
01000,단독주택,명주군농촌지도소벽지관사,1
18000,창고시설,농가주택및창고부지조성,1
18000,창고시설,부대복리시설,1
20000,자동차관련시설,연결타워,1
01000,단독주택,교수연립주택,1
18000,창고시설,공동시설,1
01000,단독주택,단독주택1외,1
18000,창고시설,농업용곡물건조실,1
21000,동물및식물관련시설,치장사육장,1
01000,단독주택,지하유류,1
03000,제1종근린생활시설,비상발전기동,1
01000,단독주택,동물및식물관련시설및주택,1
18000,창고시설,부속저온창고,1
21000,동물및식물관련시설,마사2,1
03000,제1종근린생활시설,철도운전보안시설,1
04000,제2종근린생활시설,전자부품조립제조장,1
18000,창고시설,제2야적창고,1
18000,창고시설,이방마을창고,1
01000,단독주택,여과기실,1
14000,업무시설,및도시형생활주택,1
16000,위락시설,위탁시설및주택,1
04000,제2종근린생활시설,수위실및,1
18000,창고시설,배양실및저온저장고,1
01000,단독주택,단독주택및제2종근린생횔시설,1
21000,동물및식물관련시설,페수처리시설,1
18000,창고시설,공병수집장,1
21000,동물및식물관련시설,관리사및가공저장,1
18000,창고시설,화훼저장저온창고,1
18000,창고시설,소형농기계보관창고,1
01000,단독주택,굴뚝,1
03000,제1종근린생활시설,근린생활시설및다가구단독주택,1
06000,종교시설,수도교화원,1
04000,제2종근린생활시설,강사숙소,1
18000,창고시설,사료공장,1
21000,동물및식물관련시설,녹색축산교육장,1
21000,동물및식물관련시설,부화시설,1
21000,동물및식물관련시설,마을창고,1
17000,공장,시계부품제조,1
21000,동물및식물관련시설,어류건조장,1
18000,창고시설,다목적농기계보관창고,1
01000,단독주택,다가구주택13가구용,1
01000,단독주택,단독주택주택및제1종근린생활시설,1
01000,단독주택,다과홀및주택,1
Z8000,교육연구및복지시설,농림축산업,1
21000,동물및식물관련시설,메추리사,1
17000,공장,부속창고및사무소,1
01000,단독주택,사슴사,1
18000,창고시설,제1드럼저장창고,1
01000,단독주택,지정문화재,1
18000,창고시설,임도사업용장비창고,1
01000,단독주택,제1종근생시설및다가구주택,1
02000,공동주택,lynn,1
01000,단독주택,단독농어가주택,1
17000,공장,슬러지처리실,1
18000,창고시설,농가저온저장창고,1
18000,창고시설,농산물소형집하장,1
02000,공동주택,기타부대복리시설,1
13000,운동시설,코스관리사무소,1
18000,창고시설,임가공도정창고,1
01000,단독주택,주택및위험물취급소,1
17000,공장,정화시설,1
01000,단독주택,제2종근리생활시설외1건,1
18000,창고시설,철근콘크리트,1
17000,공장,터빈,1
01000,단독주택,농기계창고및곡물창고,1
18000,창고시설,농기계보관창고및개량곳간,1
18000,창고시설,화물터미널,1
18000,창고시설,농업용창고관리사,1
03000,제1종근린생활시설,계량기수리점,1
18000,창고시설,도자기흙제조소및창고,1
21000,동물및식물관련시설,친환경농업용퇴비사,1
01000,단독주택,서장관사,1
18000,창고시설,민방위대장비고,1
17000,공장,comp보이라실,1
18000,창고시설,신풍단위농협창고,1
18000,창고시설,부속창고2동,1
18000,창고시설,화훼건조작업장,1
06000,종교시설,도서실,1
18000,창고시설,농기계본관창고,1
18000,창고시설,폐기물처리보관소,1
05000,문화및집회시설,구애정,1
01000,단독주택,다가구용단독주택주택,1
02000,공동주택,피트니스시설,1
18000,창고시설,분전반실,1
18000,창고시설,농어용창고시설,1
04000,제2종근린생활시설,문수원,1
06000,종교시설,삼소문,1
16000,위락시설,유수풀기계실,1
18000,창고시설,골재야적장,1
18000,창고시설,과일포장자재창고,1
30000,자원순환관련시설,저장,1
04000,제2종근린생활시설,84,1
01000,단독주택,거실및주방,1
02000,공동주택,근린생활시설지하주차장,1
18000,창고시설,농작물보관창고,1
21000,동물및식물관련시설,가축양육실,1
21000,동물및식물관련시설,실험동물사육사,1
18000,창고시설,옹기가마창고,1
18000,창고시설,매주숙성실,1
21000,동물및식물관련시설,벗서재배사,1
03000,제1종근린생활시설,소매점및주택및창고,1
21000,동물및식물관련시설,우산각,1
17000,공장,hou창고,1
01000,단독주택,샤워장및화장실,1
21000,동물및식물관련시설,식물조직배양실,1
07000,판매시설,철도시설,1
03020,체육도장,교육연구및복지시설,1
02000,공동주택,분수기계실,1
18000,창고시설,염정창고,1
21000,동물및식물관련시설,버섯종묘장,1
18000,창고시설,양곡저장및유통,1
21000,동물및식물관련시설,수전반,1
05000,문화및집회시설,7동,1
01000,단독주택,차고및관사,1
18000,창고시설,사무실및복지관,1
17000,공장,공장공장,1
11000,노유자시설,기원,1
08000,운수시설,정비차고,1
15000,숙박시설,주유소,1
01000,단독주택,교회부속용,1
20000,자동차관련시설,판정실,1
18000,창고시설,농수산물가공시설,1
05000,문화및집회시설,시민선원,1
21000,동물및식물관련시설,선인장접목처리시설,1
01000,단독주택,고입시학원,1
02000,공동주택,청년예술센터,1
03000,제1종근린생활시설,미용실등,1
20000,자동차관련시설,내부세차장,1
03000,제1종근린생활시설,교육및영구시설,1
Z3000,근린생활시설,tvr,1
17000,공장,및위험물처리실,1
15000,숙박시설,독신자,1
02000,공동주택,공기안전매트,1
18000,창고시설,장재사업부,1
10000,교육연구시설,부속온실,1
03000,제1종근린생활시설,선로반초소,1
17000,공장,판자상자제조,1
17000,공장,숙소및급식,1
01000,단독주택,물량2,1
02000,공동주택,엄마공부방,1
04000,제2종근린생활시설,구매시설및,1
21000,동물및식물관련시설,동물및식물관련시서,1
18000,창고시설,잎담배공동저장창고,1
17000,공장,시험분석실및전기실,1
18000,창고시설,농산물건조공장및보관창고,1
17000,공장,폐기물보관시설,1
01000,단독주택,주택차고,1
21000,동물및식물관련시설,우시장사무실,1
21000,동물및식물관련시설,동물보호실,1
01000,단독주택,주택및다중주택,1
21000,동물및식물관련시설,동물및신물관련시설,1
01000,단독주택,단독4가구주택,1
18000,창고시설,합판창고,1
23000,교정및군사시설,후문초소,1
01000,단독주택,찬장,1
18000,창고시설,과수저온창고및선별장,1
18000,창고시설,조사료보관창고,1
21000,동물및식물관련시설,동물관련시설및축사,1
21000,동물및식물관련시설,화훼관리사,1
21000,동물및식물관련시설,마굿간,1
21000,동물및식물관련시설,기타동물및식물관련시설,1
18000,창고시설,차오,1
21000,동물및식물관련시설,건조장및퇴비사,1
21000,동물및식물관련시설,톱밥발효마사,1
01000,단독주택,삭도시설정차장,1
10000,교육연구시설,증학교,1
14000,업무시설,신문,1
21000,동물및식물관련시설,창고및작업장,1
04000,제2종근린생활시설,샷시제조,1
01000,단독주택,회실,1
21000,동물및식물관련시설,종묘생산시설,1
01000,단독주택,덤웨이터,1
03000,제1종근린생활시설,농특산물전시판매장,1
01000,단독주택,염전사택,1
21000,동물및식물관련시설,급수탑,1
01000,단독주택,다가구주택및대피실,1
01000,단독주택,다중주택11호,1
14000,업무시설,119안전센터,1
04000,제2종근린생활시설,기술계속셈학원,1
13000,운동시설,장비창고1,1
21000,동물및식물관련시설,개방식축사및퇴비처리장,1
04000,제2종근린생활시설,아미타전,1
01000,단독주택,부속이가,1
21000,동물및식물관련시설,돈분건조실,1
18000,창고시설,단독주택외1건,1
01000,단독주택,변ㅅ소,1
18000,창고시설,농산물농기계보관창고,1
21000,동물및식물관련시설,동물믹칙물관련시설,1
04000,제2종근린생활시설,일반음식점화장실,1
31000,야영장시설,화장실및취사장,1
17000,공장,쓰레기처리장1,1
18000,창고시설,축산자재보관창고,1
01000,단독주택,다가구주택및단란주점,1
04000,제2종근린생활시설,수산물가공작업장,1
02000,공동주택,구매및생활,1
21000,동물및식물관련시설,저온처리시설,1
01000,단독주택,주택및식품제조업,1
02000,공동주택,썬큰계단실,1
18000,창고시설,건가시설및관리사,1
11000,노유자시설,노휴자,1
17000,공장,귀금속,1
18000,창고시설,수산물처리장창고,1
01000,단독주택,주택별채,1
01000,단독주택,상파관사,1
18000,창고시설,농산물버섯재배용창고,1
18000,창고시설,집하장및가공시설관리사,1
18000,창고시설,농산물간이저장창고,1
27000,관광휴게시설,동물원사무실,1
01000,단독주택,농가주택부속사,1
18000,창고시설,방내화시험체제작장,1
18000,창고시설,계분저장고및건조실,1
02000,공동주택,325세대,1
01000,단독주택,마을공동작업장,1
18000,창고시설,분뇨건조장,1
18000,창고시설,장비보관소,1
17000,공장,사무실및부대시설,1
03000,제1종근린생활시설,숯가마찜질,1
01000,단독주택,종가종택,1
03000,제1종근린생활시설,관리인사택및사무실,1
30000,자원순환관련시설,약품실,1
17000,공장,영업공장,1
18000,창고시설,법당,1
21000,동물및식물관련시설,곤충사육시설및부화장,1
18000,창고시설,농산물적치장,1
21000,동물및식물관련시설,퇴비사및사료야적장,1
18000,창고시설,양만관리,1
18000,창고시설,농업용창고및저온창고,1
21000,동물및식물관련시설,조직배양연구실,1
08000,운수시설,비가림시설,1
02000,공동주택,74,1
01000,단독주택,정려문,1
17000,공장,sbn,1
01000,단독주택,삼계중학교,1
21000,동물및식물관련시설,축양장내기계실,1
21000,동물및식물관련시설,폐수저장소,1
21000,동물및식물관련시설,과수원식물퇴비사,1
21000,동물및식물관련시설,농기계및농산물창고,1
21000,동물및식물관련시설,잎담재공동건조장,1
18000,창고시설,새마을회창고,1
19000,위험물저장및처리시설,숙질실,1
01000,단독주택,부속냉장창고,1
18000,창고시설,잎담배공동건조장및잎담배저장창고,1
01000,단독주택,숙박시설및근린생활시설,1
01000,단독주택,주택및기계실,1
07000,판매시설,장애인용,1
04000,제2종근린생활시설,2종근린생활시실,1
18000,창고시설,정곡창고,1
01000,단독주택,제2종근랜생활시석,1
18000,창고시설,계분적재창고,1
01000,단독주택,합병,1
01000,단독주택,단독주택및음식점,1
17000,공장,전기실a,1
01000,단독주택,자동차경정비업,1
17000,공장,펌프및전기실,1
Z3000,근린생활시설,조산원,1
21000,동물및식물관련시설,황초실,1
17000,공장,검사수정창고,1
02000,공동주택,07,1
01000,단독주택,이순자,1
21000,동물및식물관련시설,축사및농기계보관시설,1
01000,단독주택,단독시설,1
01000,단독주택,부속샤워장,1
01000,단독주택,근린생활시설및다가구주택11가구,1
20000,자동차관련시설,수도장,1
01000,단독주택,농산물저장용창고,1
01000,단독주택,미용원및이용원,1
21000,동물및식물관련시설,동물방역소독시설,1
21000,동물및식물관련시설,소각실,1
03000,제1종근린생활시설,내신마을회관,1
18000,창고시설,창고5,1
21000,동물및식물관련시설,동식물관련시설및단독주택,1
01000,단독주택,교육사택,1
26000,묘지관련시설,동물,1
26000,묘지관련시설,화장및납골시설,1
18000,창고시설,유자보관창고,1
01000,단독주택,주택및근생및창고,1
01000,단독주택,주차장및물탱크실,1
21000,동물및식물관련시설,기계관리실,1
04000,제2종근린생활시설,달리분류되지않는,1
04000,제2종근린생활시설,기타특수목적용,1
18000,창고시설,망루,1
27000,관광휴게시설,매표소2,1
21000,동물및식물관련시설,분재재배관리사,1
18000,창고시설,방범대창고,1
18000,창고시설,도정창고,1
03000,제1종근린생활시설,목공예단지,1
01000,단독주택,주택신축,1
18000,창고시설,창고및간조실,1
18000,창고시설,농기구수리센터,1
18000,창고시설,가압장,1
01000,단독주택,도정공장및주택,1
21000,동물및식물관련시설,건조실및잠실,1
18000,창고시설,바켓엘리베이터대,1
18000,창고시설,헛간및농기계보관창고,1
18000,창고시설,복숭아집하장,1
03000,제1종근린생활시설,역세펌프동,1
18000,창고시설,비상대기소,1
15000,숙박시설,105호,1
01000,단독주택,2종근린샐활시설,1
18000,창고시설,자재보관장,1
21000,동물및식물관련시설,돼지축사,1
14000,업무시설,기도원,1
18000,창고시설,급랭창고,1
18000,창고시설,벌크저장조,1
11000,노유자시설,면민회관,1
18000,창고시설,동네창고,1
10000,교육연구시설,소방차량용펌프시험장,1
01000,단독주택,전작포장감시사,1
03000,제1종근린생활시설,영양개선의,1
18000,창고시설,경운기격잡고,1
21000,동물및식물관련시설,세차소독탈수기실,1
03000,제1종근린생활시설,수해예방용빗물펌프장,1
01000,단독주택,주택및축사부지,1
20000,자동차관련시설,재활용품수거장,1
01000,단독주택,다가구용단독주택외,1
04000,제2종근린생활시설,된장제조,1
01000,단독주택,대문간체,1
18000,창고시설,샌드실,1
10000,교육연구시설,실습온실,1
21000,동물및식물관련시설,2차여과기,1
18000,창고시설,숙소및사무소,1
17000,공장,주방및,1
30000,자원순환관련시설,보관창고,1
18000,창고시설,공동주택기숙사,1
03000,제1종근린생활시설,휴게음시점,1
18000,창고시설,창고및교육장,1
21000,동물및식물관련시설,체광시설,1
04000,제2종근린생활시설,철공업사,1
07000,판매시설,도서실,1
21000,동물및식물관련시설,동물관려련시설,1
21000,동물및식물관련시설,활어축양장,1
18000,창고시설,공장및저온창고,1
01000,단독주택,다가구용단도구택,1
01000,단독주택,농가준택,1
13000,운동시설,빙상장,1
17000,공장,ev충전소,1
09000,의료시설,근린시설,1
18000,창고시설,현정창고,1
21000,동물및식물관련시설,실내사육동및관리실,1
18000,창고시설,구례부락창고,1
17000,공장,전해조실,1
18000,창고시설,칩세척실,1
18000,창고시설,촉매에이창고,1
04000,제2종근린생활시설,학용품제조업,1
18000,창고시설,산화철저장소,1
14000,업무시설,입주민회의실,1
21000,동물및식물관련시설,동불관련시설,1
18000,창고시설,산화철창고,1
01000,단독주택,주치장,1
02000,공동주택,주민카페테리아,1
23000,교정및군사시설,보급창고,1
01000,단독주택,다중주택및예배당,1
06000,종교시설,4가구,1
07000,판매시설,대추집하장,1
01000,단독주택,관광농원,1
26000,묘지관련시설,장의사,1
21000,동물및식물관련시설,단독주택및동물및식물관련시설,1
10000,교육연구시설,직원휴게실,1
18000,창고시설,농업용건조시설,1
21000,동물및식물관련시설,식용달팽이양식장,1
18000,창고시설,벼건조저장창고,1
01000,단독주택,방가루,1
18000,창고시설,과실품질관리창고,1
17000,공장,밴딩기계실,1
18000,창고시설,간이농기계수리소,1
21000,동물및식물관련시설,퇴비사및톱밥발효돈사,1
06000,종교시설,마애여래좌상보호각,1
27000,관광휴게시설,표지,1
06000,종교시설,장의시설,1
04000,제2종근린생활시설,주민공동체육시설,1
18000,창고시설,축사부속,1
01000,단독주택,개도사,1
01000,단독주택,철근콘크리트벽식,1
18000,창고시설,작약건조장공동작업장,1
18000,창고시설,농가용소형저장고,1
18000,창고시설,과산화물창고,1
21000,동물및식물관련시설,관리사및사료보관창고,1
01000,단독주택,두부제조공장,1
15000,숙박시설,잡화상,1
01000,단독주택,단독주택2,1
01000,단독주택,주댁,1
01000,단독주택,점포및농가주택,1
27000,관광휴게시설,자동차,1
01000,단독주택,주차관리실,1
17000,공장,압출기실,1
01000,단독주택,주택및사찰,1
18000,창고시설,목공장창고,1
18000,창고시설,대대창고,1
01000,단독주택,동청,1
18000,창고시설,주택부물치,1
01000,단독주택,98주거환경개선사업농가주택및창고,1
18000,창고시설,농기계창고및건조장,1
01000,단독주택,교원연립사택,1
21000,동물및식물관련시설,벼육아재배사,1
18000,창고시설,농기계창보관창고,1
18000,창고시설,농산물간이저장창고및관리실,1
05000,문화및집회시설,협문7,1
04000,제2종근린생활시설,경정비시설,1
04000,제2종근린생활시설,제2종그린생활시설제조업,1
04000,제2종근린생활시설,전열기기제조업,1
17000,공장,수전소,1
05000,문화및집회시설,옥외전시장,1
17000,공장,공장및제2종근생,1
04000,제2종근린생활시설,공예관,1
04000,제2종근린생활시설,국수제조공장,1
17000,공장,수소압축기쉘타,1
05000,문화및집회시설,안견기념관,1
19000,위험물저장및처리시설,주우소,1
04000,제2종근린생활시설,번호판제작소,1
03000,제1종근린생활시설,외ㅣ,1
05000,문화및집회시설,승마체험장대기실,1
20000,자동차관련시설,668,1
18000,창고시설,고추건조,1
18000,창고시설,고구마저장,1
10000,교육연구시설,초등학교관사,1
01000,단독주택,95농어촌주택개량지원사업,1
17000,공장,입고실,1
01000,단독주택,주택취사장,1
05000,문화및집회시설,경비동,1
17000,공장,휀실,1
05000,문화및집회시설,의열각,1
22000,분뇨.쓰레기처리시설,탈취시설,1
19000,위험물저장및처리시설,press,1
07000,판매시설,얼음판매소,1
23000,교정및군사시설,교정및군사시설및,1
02000,공동주택,지하주차장493,1
05000,문화및집회시설,버스승강대,1
04000,제2종근린생활시설,부분,1
17000,공장,도장룸,1
05000,문화및집회시설,무플론사,1
10000,교육연구시설,자재보관소1,1
17000,공장,몰드작업장,1
01000,단독주택,95농어촌주택,1
17000,공장,별관동,1
04000,제2종근린생활시설,계단살,1
21000,동물및식물관련시설,우렁이,1
05000,문화및집회시설,거북관,1
Z8000,교육연구및복지시설,정신요양원,1
18000,창고시설,건조저장,1
03000,제1종근린생활시설,목재소매점,1
05000,문화및집회시설,영업,1
05000,문화및집회시설,이문간,1
05000,문화및집회시설,참배단,1
17000,공장,펌프실4,1
03000,제1종근린생활시설,이평지서,1
03000,제1종근린생활시설,이평지서무기고,1
03000,제1종근린생활시설,장애인리프트,1
21000,동물및식물관련시설,인공사료,1
02000,공동주택,다목적연회장,1
18000,창고시설,일반창고및,1
25000,발전시설,펌프동,1
02000,공동주택,연립주택14세대,1
04000,제2종근린생활시설,부지,1
18000,창고시설,대학,1
21000,동물및식물관련시설,채묘동,1
04000,제2종근린생활시설,업무금융,1
01000,단독주택,목욕변소,1
20000,자동차관련시설,정비공장부속창고,1
17000,공장,실험용동물,1
20000,자동차관련시설,세차기계실,1
02000,공동주택,자동차도색실,1
17000,공장,s센터,1
Z5000,문화및집회시설,학생회관,1
18000,창고시설,과수저장고및,1
22000,분뇨.쓰레기처리시설,야외기계실,1
17000,공장,공압기실,1
20000,자동차관련시설,주민자치시설,1
03000,제1종근린생활시설,직업훈련원,1
Z3000,근린생활시설,근린공공시설외1,1
17000,공장,기술연구,1
21000,동물및식물관련시설,인공포육시설,1
15000,숙박시설,제2종근린생활시설외3,1
03000,제1종근린생활시설,토마토선별장,1
15000,숙박시설,단체숙박시설,1
01000,단독주택,샷시저장판매,1
10000,교육연구시설,입시계학원,1
17000,공장,ctw펌프실,1
02000,공동주택,복리동2,1
06000,종교시설,천불당,1
03000,제1종근린생활시설,용리,1
01000,단독주택,전화교환시설,1
,,박물관표본구장및곤충사육실,1
13000,운동시설,5티휴게소,1
16000,위락시설,근,1
17000,공장,장식,1
Z6000,판매및영업시설,정유소,1
03000,제1종근린생활시설,점포외1용도,1
01000,단독주택,2종위험물취급소,1
20000,자동차관련시설,중고차매매상사,1
21000,동물및식물관련시설,염소육사,1
25000,발전시설,행정동,1
15000,숙박시설,관광숙박호텔,1
17000,공장,교육장및샤워장,1
20000,자동차관련시설,차량경정비,1
18000,창고시설,수산물검사실,1
01000,단독주택,헛가,1
02000,공동주택,기숙사및기계실,1
Z5000,문화및집회시설,동무,1
Z5000,문화및집회시설,서재,1
14000,업무시설,교육장,1
17000,공장,미곡보관저온창고,1
02000,공동주택,제1종근린생황시설,1
17000,공장,재질시험실,1
20000,자동차관련시설,사무실0,1
15000,숙박시설,관광호텔50실,1
18000,창고시설,재활용품선별장,1
11000,노유자시설,경로당경로당,1
19000,위험물저장및처리시설,산소실,1
03000,제1종근린생활시설,아파트19세대,1
02000,공동주택,정보문화실등,1
02000,공동주택,오피스텔10호,1
04000,제2종근린생활시설,판매및업무시설,1
Z3000,근린생활시설,육성우사,1
01000,단독주택,94주택개량사업대상,1
17000,공장,자수제품및,1
25000,발전시설,액화질소저장창고,1
03000,제1종근린생활시설,1종근린시설및,1
15000,숙박시설,지하휴게실,1
01000,단독주택,95농촌주거환경개선대상자,1
01000,단독주택,재봉,1
15000,숙박시설,숙박시설외4,1
17000,공장,실험,1
25000,발전시설,열화수스팀발생기동,1
17000,공장,백필터실,1
03000,제1종근린생활시설,장옥3,1
17000,공장,축산실험실,1
18000,창고시설,액비발효저장실,1
21000,동물및식물관련시설,균상원형회전식,1
14000,업무시설,부서브센타,1
14000,업무시설,유류취급소,1
17000,공장,직원야외휴게실,1
02000,공동주택,업무시설오피스텔,1
Z9000,공공용시설,송신소,1
02000,공동주택,지하연결출입구,1
04000,제2종근린생활시설,도봉사,1
21000,동물및식물관련시설,발화실,1
21000,동물및식물관련시설,75m2,1
18000,창고시설,창고관련사무실,1
04000,제2종근린생활시설,타자,1
10000,교육연구시설,엠블런스,1
03000,제1종근린생활시설,마을골동시설,1
18000,창고시설,옥외위험물저장고,1
19000,위험물저장및처리시설,lpg저장판매소,1
19000,위험물저장및처리시설,안내실,1
18000,창고시설,약산,1
22000,분뇨.쓰레기처리시설,초소,1
17000,공장,가스기화기실,1
04000,제2종근린생활시설,대기,1
Z9000,공공용시설,방송,1
Z9000,공공용시설,방송국,1
04000,제2종근린생활시설,갈포공장,1
17000,공장,최종침전조,1
17000,공장,컴파운드,1
04000,제2종근린생활시설,시멘트사이로,1
10000,교육연구시설,가공조제실,1
25000,발전시설,가스공급시설설비동,1
14000,업무시설,피난안전공간,1
17000,공장,피공장휴게실,1
06000,종교시설,신도대기실,1
Z9000,공공용시설,군용막사,1
02000,공동주택,1056대형,1
26000,묘지관련시설,민원안내실,1
01000,단독주택,공장영업,1
25000,발전시설,폐회집하장,1
05000,문화및집회시설,우익낭,1
10000,교육연구시설,자동차도장실습실,1
19000,위험물저장및처리시설,옥외탱크,1
18000,창고시설,제2근린생활시설,1
03000,제1종근린생활시설,지슬1리,1
02000,공동주택,육각정자,1
02000,공동주택,문,1
14000,업무시설,183호,1
15000,숙박시설,관광숙박시설8,1
15000,숙박시설,세면장,1
19000,위험물저장및처리시설,주입기,1
15000,숙박시설,근로복지시설,1
17000,공장,신협매장,1
17000,공장,9동,1
03000,제1종근린생활시설,전력변환장치실6,1
14000,업무시설,작업소,1
17000,공장,분말제조장치,1
04000,제2종근린생활시설,스포츠맛사지,1
21000,동물및식물관련시설,생축입하장,1
18000,창고시설,무인기지국,1
14000,업무시설,저수탱크,1
21000,동물및식물관련시설,계사자재창고,1
17000,공장,chip계량실,1
03000,제1종근린생활시설,다가구주택및소매점,1
03000,제1종근린생활시설,업무시설및창고,1
03000,제1종근린생활시설,새마을부녀공동작업장새마을회관,1
03000,제1종근린생활시설,출하대,1
03000,제1종근린생활시설,수위관측기기실,1
03000,제1종근린생활시설,활성탄여과지상옥,1
03000,제1종근린생활시설,폭포전망대,1
21000,동물및식물관련시설,먹이생물기조류,1
11000,노유자시설,교육연구밑복지시설,1
02000,공동주택,열교환기실면적포함,1
04000,제2종근린생활시설,판매사무실,1
11000,노유자시설,구재경로회관,1
10000,교육연구시설,단독주댁,1
03000,제1종근린생활시설,영업소겸주택,1
33000,"국방,군사시설",병영생활관,1
03000,제1종근린생활시설,공화당,1
18000,창고시설,수입용기보건소,1
11000,노유자시설,2개소,1
03000,제1종근린생활시설,관리실및노인정및근린생활시설,1
03000,제1종근린생활시설,마을공동농산물창고,1
03000,제1종근린생활시설,지역특산물판매점,1
02000,공동주택,제2종근린생활시서,1
04000,제2종근린생활시설,비금속광물제품,1
21000,동물및식물관련시설,물품반입실,1
11000,노유자시설,노인복지시설및제1종근린생활시설,1
01000,단독주택,농촌창고및,1
03000,제1종근린생활시설,쌍절각,1
18000,창고시설,정선선별장,1
03000,제1종근린생활시설,대송리회관,1
03000,제1종근린생활시설,자동차매매장및일용품소매점,1
03000,제1종근린생활시설,지서관사,1
03000,제1종근린생활시설,국가수질자동측정소,1
17000,공장,6es,1
17000,공장,10a,1
03000,제1종근린생활시설,농업인건강관리센타,1
17000,공장,전자제품조립업,1
17000,공장,vec,1
03000,제1종근린생활시설,면민복지회관,1
02000,공동주택,통신전자기기실,1
17000,공장,음식물폐기재활용시설,1
03000,제1종근린생활시설,지역차치센터,1
Z9000,공공용시설,집하장,1
03000,제1종근린생활시설,빗물처리장,1
17000,공장,경인쇄제조업,1
21000,동물및식물관련시설,액비사,1
02000,공동주택,1709동,1
03000,제1종근린생활시설,선로반대기실,1
20000,자동차관련시설,위험물처리저장시설,1
03000,제1종근린생활시설,경찰청지파출소,1
03000,제1종근린생활시설,배수지환기실,1
01000,단독주택,농기구보관,1
06000,종교시설,심우당,1
18000,창고시설,건조장및곡물저장고,1
17000,공장,집회시설,1
11000,노유자시설,유치원및보육시설,1
17000,공장,일반사무소,1
01000,단독주택,제1종근린생화리설,1
17000,공장,하역,1
03000,제1종근린생활시설,수세식화장실,1
Z8000,교육연구및복지시설,온실,1
03000,제1종근린생활시설,장림1동,1
02000,공동주택,307동,1
01000,단독주택,97농촌주거,1
03000,제1종근린생활시설,한의원및약국,1
21000,동물및식물관련시설,생산기반시설,1
02000,공동주택,실내클라이밍,1
10000,교육연구시설,연구소및연수원,1
03000,제1종근린생활시설,부속사무실,1
21000,동물및식물관련시설,제당,1
03000,제1종근린생활시설,제단,1
03000,제1종근린생활시설,대원각사비보호각,1
06000,종교시설,묘실,1
04000,제2종근린생활시설,수리점및세차장,1
18000,창고시설,편의실,1
03000,제1종근린생활시설,유치장,1
18000,창고시설,발효퇴비,1
03000,제1종근린생활시설,녹지보호초소,1
03000,제1종근린생활시설,주말농장휴게소,1
18000,창고시설,18,1
17000,공장,차체4공장,1
03000,제1종근린생활시설,급수동,1
06000,종교시설,탁아소,1
04000,제2종근린생활시설,주2,1
03000,제1종근린생활시설,경로당및회관,1
17000,공장,dock장,1
17000,공장,재료선별장,1
03000,제1종근린생활시설,교서,1
03000,제1종근린생활시설,광동파출소,1
,,캐비넷,1
03000,제1종근린생활시설,계량업소,1
11000,노유자시설,신풍리경로당,1
17000,공장,양말제조업,1
03000,제1종근린생활시설,농산물처리장,1
03000,제1종근린생활시설,톱밥발효,1
19000,위험물저장및처리시설,자동차천연가스공급시설,1
02000,공동주택,교육상담실,1
17000,공장,m동,1
,,33호,1
Z8000,교육연구및복지시설,수녀원,1
17000,공장,탱크야드조정실,1
10000,교육연구시설,도서관시설,1
13000,운동시설,교육및복지시설,1
10000,교육연구시설,유아교육과실습관,1
Z3000,근린생활시설,설,1
09000,의료시설,약품투약실,1
17000,공장,버켓크레인하우스,1
04000,제2종근린생활시설,일반음식점예식장,1
10000,교육연구시설,동아리교실,1
18000,창고시설,작업장및농기계창고,1
06000,종교시설,국사6당,1
10000,교육연구시설,한시체험관,1
19000,위험물저장및처리시설,시설사무실,1
01000,단독주택,2종근생시설및다가구주택,1
10000,교육연구시설,검도부생활관,1
01000,단독주택,바비큐장,1
17000,공장,미역가공제조,1
05000,문화및집회시설,조류관찰테크,1
26000,묘지관련시설,제례동,1
02000,공동주택,맘스키친,1
10000,교육연구시설,강의실및실습장,1
03000,제1종근린생활시설,식품포장,1
10000,교육연구시설,4구간,1
08000,운수시설,청소역,1
13000,운동시설,장비주차장,1
09000,의료시설,하죽진로소,1
21000,동물및식물관련시설,신품종개발전용계사용,1
10000,교육연구시설,동창회관,1
,,새마을공장,1
14000,업무시설,및단독주택,1
10000,교육연구시설,3동교사,1
04000,제2종근린생활시설,공중화장실및,1
17000,공장,성형가공석재및석재품제조,1
10000,교육연구시설,제1별관교실,1
04000,제2종근린생활시설,숯가마,1
10000,교육연구시설,학습원막사,1
02000,공동주택,오피스텔11실,1
10000,교육연구시설,초등학교급식실,1
12000,수련시설,근로청소년회관,1
03000,제1종근린생활시설,몸채,1
09000,의료시설,교수연구실,1
04000,제2종근린생활시설,금곡서원,1
17000,공장,금속조립구조재제조,1
01000,단독주택,일반저장고,1
10000,교육연구시설,교육청사,1
02000,공동주택,새마을유아원,1
02000,공동주택,부속상가,1
04000,제2종근린생활시설,약초가공건조시설,1
02000,공동주택,189세대,1
21000,동물및식물관련시설,주3동연결증축,1
10000,교육연구시설,간이창고,1
08000,운수시설,버스정류장,1
10000,교육연구시설,의과대학동물사육장,1
12000,수련시설,양영장시설,1
10000,교육연구시설,노유자시설및교육연구시설,1
09000,의료시설,건강진단센터,1
09000,의료시설,진찰실,1
18000,창고시설,부주택,1
18000,창고시설,제인장,1
10000,교육연구시설,투입실,1
04000,제2종근린생활시설,농산품판매장,1
04000,제2종근린생활시설,가스판매취급소,1
09000,의료시설,동식물관련시설,1
10000,교육연구시설,다목적창고,1
11000,노유자시설,친족성폭력피해쉼터,1
18000,창고시설,농산폐기물보관창고,1
10000,교육연구시설,제1기계과공장,1
03000,제1종근린생활시설,장정리경노당,1
03000,제1종근린생활시설,군포가압장,1
09000,의료시설,산소탱크실,1
14000,업무시설,학원및다가구주택,1
,,93주택개량자력,1
03000,제1종근린생활시설,법장,1
10000,교육연구시설,물탱크실상부,1
04000,제2종근린생활시설,탑정관리소사무실,1
06000,종교시설,비한정,1
04000,제2종근린생활시설,도자기제조장,1
24000,방송통신시설,통긴기계실,1
10000,교육연구시설,특별교실및생활관,1
01000,단독주택,변소및축사,1
05000,문화및집회시설,물개사,1
18000,창고시설,방아실,1
08000,운수시설,김해공항경전철역사연결캐노피,1
10000,교육연구시설,선수훈련장,1
10000,교육연구시설,화훼무병주온실,1
20000,자동차관련시설,공구실,1
19000,위험물저장및처리시설,안전관리실,1
17000,공장,box보관장,1
,,산신당,1
10000,교육연구시설,소독및멸균동,1
02000,공동주택,국제학생관,1
10000,교육연구시설,물리연구실,1
09000,의료시설,대기실,1
10000,교육연구시설,시험연구소,1
11000,노유자시설,지역아동센타,1
14000,업무시설,해안초소탐조실,1
17000,공장,용접실습장,1
17000,공장,위험물옥외보관소,1
17000,공장,kd창고,1
02000,공동주택,사무실및상담실,1
02000,공동주택,보조실,1
02000,공동주택,주민공동시설공용,1
02000,공동주택,쓰레기직접소,1
01000,단독주택,96주택지원대상자,1
20000,자동차관련시설,정화시설및보호실,1
07000,판매시설,사료,1
03000,제1종근린생활시설,청년회실,1
02000,공동주택,종합사회복지회관,1
02000,공동주택,생태체험교실,1
02000,공동주택,기타관리창고,1
,,통로,1
02000,공동주택,275,1
02000,공동주택,외23,1
02000,공동주택,용역원쉼터,1
12000,수련시설,임간수련장,1
02000,공동주택,재연팬룸,1
02000,공동주택,폐자원재활용보관창고,1
03000,제1종근린생활시설,자동차관련업무시설,1
14000,업무시설,자유센타,1
03000,제1종근린생활시설,목욕시설,1
02000,공동주택,하자보수실,1
30000,자원순환관련시설,폐기물처리시설및감량화시설,1
04000,제2종근린생활시설,수리업,1
02000,공동주택,체련장,1
02000,공동주택,도시형생활및오피스텔,1
02000,공동주택,입주민공유복리시설,1
02000,공동주택,건물식지상주차장,1
21000,동물및식물관련시설,저온처리창고,1
02000,공동주택,문주경비실,1
02000,공동주택,사무동,1
02000,공동주택,상가및연립주택,1
02000,공동주택,생활교육센터,1
02000,공동주택,중압실,1
02000,공동주택,관광숙박시설,1
02000,공동주택,다세대및점포,1
02000,공동주택,음수시설,1
21000,동물및식물관련시설,8동,1
02000,공동주택,b3,1
17000,공장,김치제조,1
21000,동물및식물관련시설,영림관리사,1
10000,교육연구시설,가스보관실및창고,1
16000,위락시설,방송통신시설,1
30000,자원순환관련시설,편의시설동,1
30000,자원순환관련시설,쓰레기시설,1
10000,교육연구시설,산학협력관,1
17000,공장,샤워실기타,1
02000,공동주택,375대형,1
02000,공동주택,지하4주차장,1
02000,공동주택,복리시설외2,1
04000,제2종근린생활시설,2종및,1
24000,방송통신시설,표준국사,1
04000,제2종근린생활시설,기타자동차관련시설,1
17000,공장,정류기실,1
Z3000,근린생활시설,입장권매표소,1
01000,단독주택,공인중개사사무소,1
18000,창고시설,농기계보광용,1
24000,방송통신시설,원격교환기계실,1
17000,공장,부출입구,1
17000,공장,용접검사실,1
02000,공동주택,다세대및제1종근생,1
17000,공장,서측경비실,1
04000,제2종근린생활시설,생활교육시설,1
19000,위험물저장및처리시설,방재시설,1
18000,창고시설,목조,1
04000,제2종근린생활시설,채소가공저장업,1
03000,제1종근린생활시설,연사제조,1
01000,단독주택,양송이재배,1
04000,제2종근린생활시설,소규모생활체육시설,1
17000,공장,r3,1
17000,공장,산업폐기물보관장,1
17000,공장,3호조쇄실,1
10000,교육연구시설,웅변학원,1
10000,교육연구시설,컴퓨터학원,1
17000,공장,저장파트,1
24000,방송통신시설,무인무선통신국,1
10000,교육연구시설,섬유공장,1
04000,제2종근린생활시설,분류되지,1
17000,공장,전기판넬제조,1
17000,공장,산업용세탁소,1
17000,공장,계란선별가공업,1
17000,공장,휠타프레스,1
17000,공장,침구관련제품,1
24000,방송통신시설,이동무선기지국,1
02000,공동주택,307세대,1
13000,운동시설,다목적강당,1
Z3000,근린생활시설,근생시설및단독주택,1
15000,숙박시설,이미용원,1
09000,의료시설,도시가스실,1
05000,문화및집회시설,제1종근린생활,1
17000,공장,분석실b,1
17000,공장,사무실및사택,1
03000,제1종근린생활시설,일반목용탕,1
04000,제2종근린생활시설,간이정비센타,1
04000,제2종근린생활시설,공해방지시설용,1
01000,단독주택,생시설및주택,1
05000,문화및집회시설,이오당,1
17000,공장,모조장식품제조업36951,1
02000,공동주택,수영장공조실,1
23000,교정및군사시설,공장건,1
17000,공장,수질측정실,1
07000,판매시설,관,1
17000,공장,컨테이너백,1
04000,제2종근린생활시설,농축산,1
23000,교정및군사시설,기지교회,1
23000,교정및군사시설,재생공장,1
05000,문화및집회시설,종교시설외,1
21000,동물및식물관련시설,기계보관창고,1
Z6000,판매및영업시설,통로,1
04000,제2종근린생활시설,도료류,1
23000,교정및군사시설,군견사,1
04000,제2종근린생활시설,남광로얄아파트,1
17000,공장,탭밸브및유사장치제조업,1
13000,운동시설,좌측스탠드,1
15000,숙박시설,가요주점,1
04000,제2종근린생활시설,농수산물창고,1
Z3000,근린생활시설,그린생활시설,1
10000,교육연구시설,미장실습장,1
14000,업무시설,운동시설및근린생활시설,1
30000,자원순환관련시설,옥내저장소,1
17000,공장,e2,1
17000,공장,k저장실,1
17000,공장,단순저림,1
04000,제2종근린생활시설,재활용선별창고,1
17000,공장,송풍기,1
13000,운동시설,외4,1
01000,단독주택,농산물저장및,1
14000,업무시설,본동,1
JY,,19가구,1
15000,숙박시설,변전실,1
01000,단독주택,작업방,1
03000,제1종근린생활시설,내3호,1
04000,제2종근린생활시설,p기계실,1
15000,숙박시설,생활훈련실,1
17000,공장,완제품보관창고,1
18000,창고시설,부속사및,1
01000,단독주택,산막,1
14000,업무시설,중간기계실,1
17000,공장,폐기물선별장,1
14000,업무시설,공공근린시설,1
18000,창고시설,기록관,1
02000,공동주택,독가촌,1
14000,업무시설,근린생활및업무시설,1
04000,제2종근린생활시설,농기계수리소및숙소,1
14000,업무시설,제1종근린생활시설근생,1
17000,공장,포자배양,1
14000,업무시설,대기소,1
10000,교육연구시설,ess보관소,1
01000,단독주택,유류판매저장소,1
03000,제1종근린생활시설,금린생활시설,1
24000,방송통신시설,방송부대시설,1
04000,제2종근린생활시설,문화집회시설군,1
02000,공동주택,연면적산정제외,1
14000,업무시설,오피스텔지하주차장,1
02000,공동주택,주민집회의장,1
04000,제2종근린생활시설,촬영소,1
10000,교육연구시설,합주실및상담,1
05000,문화및집회시설,관리인,1
06000,종교시설,관리기숙사,1
13000,운동시설,탈의장,1
07000,판매시설,정유소,1
04000,제2종근린생활시설,및교육연구시설,1
04000,제2종근린생활시설,진덕재,1
10000,교육연구시설,남기숙사,1
18000,창고시설,원단보관창고,1
10000,교육연구시설,보육실,1
19000,위험물저장및처리시설,고압가스판매시설,1
01000,단독주택,간이건조실,1
04000,제2종근린생활시설,조2종근린생활시설,1
04000,제2종근린생활시설,보건지소,1
05000,문화및집회시설,기타전시실,1
17000,공장,금형연구실,1
17000,공장,injection,1
10000,교육연구시설,2020,1
10000,교육연구시설,야영장,1
03000,제1종근린생활시설,일반목용장,1
14000,업무시설,근로자휴게실,1
,,공무부사무실,1
14000,업무시설,자가주유시설,1
10000,교육연구시설,보디빌딩연습장,1
04000,제2종근린생활시설,일부노래방,1
03000,제1종근린생활시설,휴게쉼터,1
05000,문화및집회시설,창고및화장실,1
21000,동물및식물관련시설,97년축산경쟁력,1
19000,위험물저장및처리시설,자동차시설,1
17000,공장,7f,1
17000,공장,독극물,1
17000,공장,주차장차고,1
14000,업무시설,정압기실,1
14000,업무시설,사무실및관리사,1
17000,공장,고객용,1
14000,업무시설,새마을공동작업장,1
09000,의료시설,3호정,1
03000,제1종근린생활시설,2종근린생활시설1,1
14000,업무시설,사무소및근린생활시설,1
09000,의료시설,운동,1
14000,업무시설,사무실외4,1
21000,동물및식물관련시설,경매사,1
15000,숙박시설,가스기계실,1
01000,단독주택,창단독주택,1
Z9000,공공용시설,tvr종합시설,1
04000,제2종근린생활시설,고추,1
03000,제1종근린생활시설,근리냉활시설,1
22000,분뇨.쓰레기처리시설,물치,1
10000,교육연구시설,병원연구소,1
14000,업무시설,운전자대기실,1
10000,교육연구시설,작은도서관,1
03000,제1종근린생활시설,이용원및소매점,1
21000,동물및식물관련시설,김종자,1
01000,단독주택,차고및근린생활시설,1
18000,창고시설,수도수납창고,1
17000,공장,기계실f,1
04000,제2종근린생활시설,지하탱크,1
02000,공동주택,열교환실통합,1
04000,제2종근린생활시설,단상및정자,1
17000,공장,염산출하대,1
04000,제2종근린생활시설,작업식,1
27000,관광휴게시설,샤워실및변소,1
03000,제1종근린생활시설,제2종근린생활시설단독주택,1
19000,위험물저장및처리시설,화장실주방,1
17000,공장,포장재실및전실,1
04000,제2종근린생활시설,한장사,1
03000,제1종근린생활시설,채광맥,1
18000,창고시설,v실,1
18000,창고시설,석유,1
18000,창고시설,자동차정비업,1
27000,관광휴게시설,바베큐장,1
27000,관광휴게시설,숲속마켓,1
01000,단독주택,제1종근린생활시러,1
17000,공장,80,1
10000,교육연구시설,67실,1
03000,제1종근린생활시설,창고및대피시설,1
04000,제2종근린생활시설,및숙박시설,1
01000,단독주택,목사동,1
03000,제1종근린생활시설,관제실,1
04000,제2종근린생활시설,고객안내센타,1
14000,업무시설,제1종근생및업무,1
21000,동물및식물관련시설,병원균접종실,1
06000,종교시설,창의문,1
01000,단독주택,재활용창고,1
04000,제2종근린생활시설,현관및보일러실,1
22000,분뇨.쓰레기처리시설,축산분뇨발효퇴비사,1
06000,종교시설,서씨,1
18000,창고시설,농림수산물간이,1
03000,제1종근린생활시설,근린생시설,1
02000,공동주택,소규모상영관,1
14000,업무시설,출입계단,1
02000,공동주택,단지형다세대17세대,1
12000,수련시설,사무실및훈련소,1
30000,자원순환관련시설,침출수처리동,1
21000,동물및식물관련시설,시설동물관련,1
04000,제2종근린생활시설,국내산농산물가공처리시설,1
27000,관광휴게시설,매표소및관리사,1
04000,제2종근린생활시설,보세창고,1
17000,공장,광업용,1
19000,위험물저장및처리시설,보일러실및,1
26000,묘지관련시설,2,1
01000,단독주택,제1증근린생활시설,1
23000,교정및군사시설,제2종,1
17000,공장,지역,1
27000,관광휴게시설,해녀탈의장,1
17000,공장,자동처리장비제조업,1
04000,제2종근린생활시설,기항지,1
05000,문화및집회시설,자건거경기장,1
15000,숙박시설,여관49객실,1
14000,업무시설,벼건조창고,1
17000,공장,소형창인도장,1
05000,문화및집회시설,성화대,1
05000,문화및집회시설,옥탑,1
25000,발전시설,a,1
21000,동물및식물관련시설,미역종묘,1
21000,동물및식물관련시설,여우사,1
Z8000,교육연구및복지시설,조례대,1
18000,창고시설,자동전화기기,1
13000,운동시설,자동차정류장,1
07000,판매시설,지하도로겸상가,1
07000,판매시설,주차장포함,1
04000,제2종근린생활시설,1차가공업,1
Z3000,근린생활시설,효자각,1
17000,공장,목제품제조업,1
04000,제2종근린생활시설,원,1
Z8000,교육연구및복지시설,미술학원,1
18000,창고시설,모래보관시설,1
17000,공장,1801c,1
20000,자동차관련시설,검사사무소,1
07000,판매시설,수산시장,1
,,정유소,1
24000,방송통신시설,전신잔화국기계동,1
04000,제2종근린생활시설,배전함실,1
20000,자동차관련시설,체육실,1
24000,방송통신시설,전신전화시설,1
01000,단독주택,근린생활리설,1
17000,공장,및사무실,1
17000,공장,셀타하우스,1
10000,교육연구시설,농촌마을농산물구판장,1
03000,제1종근린생활시설,원전어촌계사무실,1
20000,자동차관련시설,검사고,1
Z3000,근린생활시설,사무실및실험실,1
21000,동물및식물관련시설,번사돈사,1
03000,제1종근린생활시설,배출수펌프장,1
17000,공장,일반식품공장,1
03000,제1종근린생활시설,기타노유자시설,1
17000,공장,융단및,1
02000,공동주택,도시형생활택,1
04000,제2종근린생활시설,관리인사택,1
Z5000,문화및집회시설,주민공동이용시설,1
01000,단독주택,옥탑및물탱크실,1
10000,교육연구시설,pc방,1
24000,방송통신시설,통신기기창고,1
04000,제2종근린생활시설,점검실,1
17000,공장,가스반화실,1
03000,제1종근린생활시설,관리초소,1
24000,방송통신시설,공공통신시설,1
06000,종교시설,운후제,1
14000,업무시설,기관실,1
04000,제2종근린생활시설,주야간보호서비스,1
07000,판매시설,장신구판매점,1
24000,방송통신시설,무선호출송신소,1
16000,위락시설,점,1
24000,방송통신시설,자동전화기기보전실,1
04000,제2종근린생활시설,가설,1
04000,제2종근린생활시설,모터수리점,1
14000,업무시설,정신건강복지센터,1
18000,창고시설,수산물건조시설,1
Z3000,근린생활시설,홍수예경보우량관측국사,1
15000,숙박시설,초소,1
24000,방송통신시설,통신용중계소,1
01000,단독주택,결혼상담소,1
04000,제2종근린생활시설,카폐,1
04000,제2종근린생활시설,잣가공처리시설,1
20000,자동차관련시설,동물및,1
17000,공장,라크공장,1
14000,업무시설,농기계수리사무실,1
05000,문화및집회시설,일반유흥음식점,1
03000,제1종근린생활시설,전송로원격교환장치수용국사,1
Z3000,근린생활시설,마을창고,1
20000,자동차관련시설,인근,1
01000,단독주택,제2종근린셍활시설,1
10000,교육연구시설,v동,1
04000,제2종근린생활시설,대한예수교,1
,,1층공장,1
02000,공동주택,어린이놀이터전용변소,1
02000,공동주택,통학대기소,1
03000,제1종근린생활시설,해수욕장부대시설,1
17000,공장,선반실,1
18000,창고시설,철문및관련제품제조업공장,1
18000,창고시설,농기계보관및작업장,1
01000,단독주택,18주택,1
02000,공동주택,부대복리부속시설,1
02000,공동주택,생활관,1
17000,공장,건물부착용,1
15000,숙박시설,잡화점,1
02000,공동주택,가스조정실,1
02000,공동주택,펌프실및발전기실,1
01000,단독주택,다가구주택2가세대,1
17000,공장,용접봉창고,1
04000,제2종근린생활시설,주형,1
02000,공동주택,기숙사및샤워장,1
02000,공동주택,폐기물분리보관소,1
17000,공장,주차장비가림,1
01000,단독주택,복지지설,1
17000,공장,전자코일변성기및기타유도자제조업,1
18000,창고시설,포대제조업,1
03000,제1종근린생활시설,제2종그린생활및주택,1
02000,공동주택,사동,1
02000,공동주택,통합세탁실,1
02000,공동주택,다세대주택19가구,1
06000,종교시설,교회및교육연구시설,1
21,,주택,1
18000,창고시설,바지락젓가공,1
03000,제1종근린생활시설,부속주택,1
06000,종교시설,파평윤씨,1
03000,제1종근린생활시설,정보,1
31002,화장실,야영장시설,1
14000,업무시설,석유판매소,1
02000,공동주택,재활용집수정펌프실,1
01000,단독주택,95년도농촌주택개량사업,1
03000,제1종근린생활시설,관리실겸,1
04000,제2종근린생활시설,판매실,1
30000,자원순환관련시설,쓰레기소각시설,1
19000,위험물저장및처리시설,부속용도,1
02000,공동주택,시멘벽돌조,1
01000,단독주택,창고ㆍ축사ㆍ변소,1
02000,공동주택,주민문화센터,1
03000,제1종근린생활시설,야외음악당,1
04000,제2종근린생활시설,제2종근린생활시럴,1
04000,제2종근린생활시설,가구및도자기소매점,1
02000,공동주택,복합점포,1
02000,공동주택,후문경비실,1
03000,제1종근린생활시설,수성재,1
08000,운수시설,충,1
15000,숙박시설,위락및숙박시설,1
02000,공동주택,쓸레기집하시설1,1
17000,공장,중앙전기실,1
01000,단독주택,속셈,1
02000,공동주택,기숙사관리동,1
30000,자원순환관련시설,운송장비차고,1
21000,동물및식물관련시설,엔시레장,1
21000,동물및식물관련시설,버섯재배사a,1
10000,교육연구시설,제1근린생활시설,1
01000,단독주택,12구,1
18000,창고시설,농업인공동창고,1
07000,판매시설,우수조관리실,1
03000,제1종근린생활시설,역조,1
01000,단독주택,96년농촌주택개량사업주택,1
26000,묘지관련시설,a,1
06000,종교시설,보화루,1
Z9000,공공용시설,염소투입동,1
10000,교육연구시설,교실3,1
18000,창고시설,유흥주점및사무실,1
01000,단독주택,계사관리사,1
02000,공동주택,우수저장조,1
02000,공동주택,분고,1
02000,공동주택,가스저장탱크실,1
02000,공동주택,공동주택및1종근린생활시설,1
02000,공동주택,티하우스1,1
02000,공동주택,아파트15세대,1
02000,공동주택,66대형주차장,1
02000,공동주택,생활편익시설및운동시설,1
02000,공동주택,서클룸,1
02000,공동주택,지역정압시설,1
02000,공동주택,엘피지관리실,1
02000,공동주택,주경비실2,1
02000,공동주택,영선실,1
02000,공동주택,클럽자이안,1
10000,교육연구시설,원자재창고,1
,,조동,1
04000,제2종근린생활시설,욕육연구및복지시설,1
02000,공동주택,맘스문화센터,1
02000,공동주택,가스용기집합소,1
17000,공장,공장동및경비동,1
17000,공장,재관공장,1
JY,,근생,1
02000,공동주택,근로자임대아파트,1
02000,공동주택,두레센터,1
04000,제2종근린생활시설,농기계수리점및보관창고,1
30000,자원순환관련시설,발전시설,1
01000,단독주택,용다가구,1
12000,수련시설,사회복지시설,1
20000,자동차관련시설,소형차,1
02000,공동주택,28평형,1
17000,공장,보전반,1
02000,공동주택,공기안전매트창고,1
02000,공동주택,지하수변전실,1
02000,공동주택,연료탱크저장실,1
11000,노유자시설,노인정및관리실,1
17000,공장,관,1
04000,제2종근린생활시설,장식용목제품제종장,1
20000,자동차관련시설,주차장및사무실,1
02000,공동주택,주민생활시설,1
30000,자원순환관련시설,폐기물철분시설,1
02000,공동주택,통신실4,1
02000,공동주택,지하동출입구포함,1
03000,제1종근린생활시설,및경로당,1
21000,동물및식물관련시설,주택관련시설,1
17000,공장,맥주제조공장,1
02000,공동주택,공유커뮤니티,1
05000,문화및집회시설,및집회시설,1
17000,공장,어선구창고,1
20000,자동차관련시설,18,1
02000,공동주택,펌프실전기실발전기실지하주차장,1
02000,공동주택,검수원침실,1
06000,종교시설,국사봉,1
19000,위험물저장및처리시설,product,1
,,가축시장우형기사,1
02000,공동주택,부재시설,1
05000,문화및집회시설,화장실및,1
01000,단독주택,주택및근린공공시설,1
24000,방송통신시설,임실전화국,1
19000,위험물저장및처리시설,출하장2,1
05000,문화및집회시설,문와및집회시설외,1
17000,공장,지발전기실,1
10000,교육연구시설,이안국민학교,1
03000,제1종근린생활시설,감옥및양수장,1
04000,제2종근린생활시설,제2종일반근린생활시설,1
19000,위험물저장및처리시설,주유소관리실,1
10000,교육연구시설,비닐하우스,1
01000,단독주택,군린생활시설,1
10000,교육연구시설,삼산교실,1
01000,단독주택,내실,1
20000,자동차관련시설,지하대피소,1
11000,노유자시설,노유자시설아동복지시설,1
10000,교육연구시설,멀티미디어시설,1
,,주분초,1
10000,교육연구시설,전북대학공대7호관,1
03000,제1종근린생활시설,취수실,1
21000,동물및식물관련시설,연립사택,1
01000,단독주택,근린생활시설시설및주택,1
08000,운수시설,배합용,1
03000,제1종근린생활시설,농업기계수리점,1
10000,교육연구시설,별관교실,1
17000,공장,냉각수기계실,1
10000,교육연구시설,폐품창고,1
08000,운수시설,항만지원시설,1
05000,문화및집회시설,숭릉,1
02000,공동주택,제2종근린생활주택,1
03000,제1종근린생활시설,초촌분기국사,1
21000,동물및식물관련시설,비료제조공장,1
20000,자동차관련시설,건설기계관련시설,1
20000,자동차관련시설,자동차관련시설및단독주택및창고,1
17000,공장,기기용전기회로개폐보호및접속장치제조업,1
01000,단독주택,신청4가구,1
04000,제2종근린생활시설,농산물제조장,1
03000,제1종근린생활시설,두부공장,1
04000,제2종근린생활시설,가스충전용기보관실,1
17000,공장,목재제조업소,1
03000,제1종근린생활시설,폐수처리실,1
17000,공장,기타방적,1
17000,공장,공해방지시설,1
04000,제2종근린생활시설,다세주택,1
JY,,쓰레기처리시설,1
11000,노유자시설,입주자집회소,1
20000,자동차관련시설,cng충전소캐노피,1
03000,제1종근린생활시설,조류,1
05000,문화및집회시설,선수대기실,1
21000,동물및식물관련시설,수산업용창고,1
22000,분뇨.쓰레기처리시설,축산폐수및분뇨처리시설,1
04000,제2종근린생활시설,가압펌프실,1
02000,공동주택,근린생활시설주차장포함,1
10000,교육연구시설,제2종근린생화시설,1
01000,단독주택,위험물처리저장소,1
17000,공장,유기물저장창고,1
20000,자동차관련시설,부분정비공장,1
25000,발전시설,펌프장,1
20000,자동차관련시설,본관,1
17000,공장,슬럿지,1
17000,공장,이송펌프실,1
18000,창고시설,농수산물가공제조업,1
17000,공장,사료가공,1
22000,분뇨.쓰레기처리시설,사무실및배양실,1
31000,야영장시설,농산물전시장,1
02000,공동주택,105동1층,1
20000,자동차관련시설,화물자동차정류장,1
17000,공장,ㅏㄴ내소,1
17000,공장,전기및운전실,1
29000,장례시설,장례식장및근린생활시설,1
17000,공장,깨스실,1
10000,교육연구시설,1세대,1
01000,단독주택,다가구주택단독주택,1
03000,제1종근린생활시설,면민의방,1
01000,단독주택,부유공장,1
17000,공장,54동,1
01000,단독주택,관덕정,1
17000,공장,펌프실a,1
04000,제2종근린생활시설,집업훈련소,1
06000,종교시설,서가,1
02000,공동주택,246,1
22000,분뇨.쓰레기처리시설,계량실,1
10000,교육연구시설,근생및단독주택,1
11000,노유자시설,확장,1
03000,제1종근린생활시설,어린이도서관,1
20000,자동차관련시설,주차관리시설,1
14000,업무시설,업무사설,1
14000,업무시설,기계전기실2,1
22000,분뇨.쓰레기처리시설,브로와실,1
17000,공장,폐기물기계실,1
20000,자동차관련시설,농기계수리센타,1
04000,제2종근린생활시설,일음식점,1
22000,분뇨.쓰레기처리시설,우사및계분처리장,1
03000,제1종근린생활시설,박시학음공파,1
22000,분뇨.쓰레기처리시설,탈수실,1
04000,제2종근린생활시설,제2종근린생활시설수리점,1
22000,분뇨.쓰레기처리시설,관리통제,1
04000,제2종근린생활시설,어업인대기소,1
10000,교육연구시설,운동부,1
27000,관광휴게시설,당직실,1
03000,제1종근린생활시설,사회단체,1
18000,창고시설,배합실,1
17000,공장,샤워장등,1
20000,자동차관련시설,장비보관소,1
22000,분뇨.쓰레기처리시설,폐기물검사,1
04000,제2종근린생활시설,소프트테니스장,1
22000,분뇨.쓰레기처리시설,방류탱크실,1
Z3000,근린생활시설,주택시설,1
17000,공장,인형제조,1
22000,분뇨.쓰레기처리시설,소화조기전실,1
01000,단독주택,주택및근린생활시설및,1
04000,제2종근린생활시설,기타전시장,1
17000,공장,인버터,1
15000,숙박시설,재2종근린생활시설,1
19000,위험물저장및처리시설,설,1
02000,공동주택,린,1
17000,공장,16벨트콘베이어,1
17000,공장,하수처리,1
31000,야영장시설,제2종,1
31000,야영장시설,근린생활시설,1
21000,동물및식물관련시설,약장,1
06000,종교시설,안씨,1
22000,분뇨.쓰레기처리시설,최조침전지전기실동,1
20000,자동차관련시설,종사원숙소,1
20000,자동차관련시설,자동차정비검사장,1
03999,기타제1종근린생활시설,2종근린생활시설,1
24000,방송통신시설,2종,1
20000,자동차관련시설,1급자동차정비업,1
04000,제2종근린생활시설,감귤관리사,1
22000,분뇨.쓰레기처리시설,오수처리동,1
17000,공장,계사및,1
20000,자동차관련시설,주차장및근린생활시설,1
08000,운수시설,기취고,1
10000,교육연구시설,석탄고,1
01000,단독주택,건가창고,1
17000,공장,640분석실,1
,,부용정,1
01000,단독주택,총4가구,1
18000,창고시설,지,1
17000,공장,금속판제조업,1
03000,제1종근린생활시설,농수산품제조가공,1
19000,위험물저장및처리시설,부속동,1
19000,위험물저장및처리시설,부속화장실,1
27000,관광휴게시설,외2,1
,,육계사,1
02000,공동주택,주민커뮤니티공간,1
07000,판매시설,공조및제연실,1
20000,자동차관련시설,자주식주차장,1
21000,동물및식물관련시설,펌프실2,1
17000,공장,종이제품공장,1
Z3000,근린생활시설,일반목욕탕,1
21000,동물및식물관련시설,소사육시설,1
06000,종교시설,공작실,1
04000,제2종근린생활시설,작업실및,1
02000,공동주택,학교부속,1
08000,운수시설,포장실,1
19000,위험물저장및처리시설,부속사무소,1
10000,교육연구시설,본부동,1
04000,제2종근린생활시설,소매점및일반음식점및사무소,1
01000,단독주택,99구거환경개선사업,1
21000,동물및식물관련시설,목재가주제조,1
04000,제2종근린생활시설,농어도정공장,1
10000,교육연구시설,공동목욕탕,1
Z8000,교육연구및복지시설,일반공장,1
04000,제2종근린생활시설,종교시설강당,1
10000,교육연구시설,교육연구원,1
17000,공장,단강공장,1
04000,제2종근린생활시설,금융업서,1
19000,위험물저장및처리시설,액화서유가스판매소,1
20000,자동차관련시설,정비대창고,1
20000,자동차관련시설,자동차정비,1
,,운동시설및복지시설,1
22000,분뇨.쓰레기처리시설,2단계,1
,,신령역본체,1
07000,판매시설,판매및창고시설,1
30000,자원순환관련시설,총인슬러지동,1
05000,문화및집회시설,쓰레기처리시설,1
05000,문화및집회시설,소각장,1
07000,판매시설,판매장및사무실,1
06000,종교시설,휴계실,1
03000,제1종근린생활시설,단독세대,1
10000,교육연구시설,ш뮐治체,1
04000,제2종근린생활시설,즉석가공판매업,1
17000,공장,측정동,1
17000,공장,목선,1
03000,제1종근린생활시설,기숙사및,1
17000,공장,제품관리실,1
01000,단독주택,주차창,1
01000,단독주택,대한통운출장소,1
19000,위험물저장및처리시설,가스점검실,1
21000,동물및식물관련시설,79년농촌주택개량사업주택,1
,,농산물직판장,1
19000,위험물저장및처리시설,위험물저장및처리기설,1
04000,제2종근린생활시설,개의실,1
01000,단독주택,지하실차고,1
17000,공장,두부및유사식품,1
02000,공동주택,문화복지시설,1
02000,공동주택,주민휴게및회의시설,1
04000,제2종근린생활시설,페백실,1
04000,제2종근린생활시설,시범주택,1
02000,공동주택,스타트업스튜지오,1
19000,위험물저장및처리시설,석유류저장시설,1
10000,교육연구시설,f동,1
14000,업무시설,협력사무실,1
17000,공장,가성소다룸,1
19000,위험물저장및처리시설,위험물저장및처리장,1
03000,제1종근린생활시설,구평동사무소,1
Z6000,판매및영업시설,농기계용,1
19000,위험물저장및처리시설,저유고,1
19000,위험물저장및처리시설,위험물취급소및다가구주택및제2종근린생활시설,1
19000,위험물저장및처리시설,수소공급시설,1
20000,자동차관련시설,구매,1
19000,위험물저장및처리시설,제4류위험물저장소,1
03000,제1종근린생활시설,카써비스센터,1
11000,노유자시설,한국형정자,1
18000,창고시설,제관실,1
22000,분뇨.쓰레기처리시설,압축기창고,1
19000,위험물저장및처리시설,위험물처리및관리시설,1
17000,공장,수지bon창고,1
15000,숙박시설,86실,1
03000,제1종근린생활시설,유호출장소,1
,,축사시설운동장,1
22000,분뇨.쓰레기처리시설,미세스크린기계실,1
19000,위험물저장및처리시설,폐기물보관장,1
06000,종교시설,소집회,1
17000,공장,델류지벨브룸,1
17000,공장,축산사료공장,1
02000,공동주택,다세대주택12,1
04000,제2종근린생활시설,노외주차장,1
20000,자동차관련시설,고압가스탱크로리검사장,1
03000,제1종근린생활시설,콤프레샤실,1
17000,공장,기타등등,1
,,승당,1
01000,단독주택,다중주택6가구,1
,,자재창고,1
19000,위험물저장및처리시설,제2종근린생활시설및위험물저장처리시설,1
19000,위험물저장및처리시설,가스충전소사무실,1
,,가설건물,1
17000,공장,키른대,1
19000,위험물저장및처리시설,고압가스저장시설,1
,,도축강,1
,,농업용주택및부속사,1
05000,문화및집회시설,정전신문,1
19000,위험물저장및처리시설,유량계실,1
04000,제2종근린생활시설,교육훈련소,1
20000,자동차관련시설,자공차관련시설,1
17000,공장,demi수처리동,1
17000,공장,pdi수정장화장실,1
03000,제1종근린생활시설,구로1리마을회관,1
04000,제2종근린생활시설,폐원목파쇄작업장,1
,,도자기창고,1
22000,분뇨.쓰레기처리시설,염소투입및사여과동,1
01000,단독주택,도자기가마,1
08000,운수시설,승무사무소,1
20000,자동차관련시설,자동세차,1
04000,제2종근린생활시설,시설보수반,1
02000,공동주택,의례,1
01000,단독주택,브소,1
17000,공장,모터싸이클제조업,1
17000,공장,산업용도,1
04000,제2종근린생활시설,금속문및,1
01000,단독주택,93정주권,1
22000,분뇨.쓰레기처리시설,분료및,1
24000,방송통신시설,통신용시설무선기지국,1
09000,의료시설,작업장,1
18000,창고시설,물류창고시설,1
15000,숙박시설,숲속수련관,1
19000,위험물저장및처리시설,ester,1
Z8000,교육연구및복지시설,1호관,1
21000,동물및식물관련시설,분만사화장실,1
17000,공장,경비동4,1
01000,단독주택,가등급,1
10000,교육연구시설,현재미등기,1
18000,창고시설,화원,1
01000,단독주택,전신전화국,1
03000,제1종근린생활시설,농임산물작업장,1
21000,동물및식물관련시설,수사,1
05000,문화및집회시설,범방출입구초소,1
,,퇴비사및관리사,1
10000,교육연구시설,체능계,1
02000,공동주택,청소년게임제공업소,1
11000,노유자시설,다독주택,1
Z3000,근린생활시설,시장옥,1
21000,동물및식물관련시설,육성,1
05000,문화및집회시설,소장관사,1
17000,공장,상하차대,1
21000,동물및식물관련시설,농산물저온저장창고,1
01000,단독주택,가가구주택,1
03000,제1종근린생활시설,주민휴게시설,1
21000,동물및식물관련시설,지국,1
24000,방송통신시설,방송및통신시설,1
06000,종교시설,노유시설,1
02000,공동주택,lpg탱크실,1
03000,제1종근린생활시설,점포및여관제2종근린생활시설,1
14000,업무시설,지하철차량기지,1
19000,위험물저장및처리시설,2302,1
24000,방송통신시설,수용국사,1
04000,제2종근린생활시설,김생산시설,1
11000,노유자시설,주거시설,1
21000,동물및식물관련시설,대인속독실,1
17000,공장,사출공장,1
,,군사,1
18000,창고시설,시설채소,1
19000,위험물저장및처리시설,운전원대기실,1
Z3000,근린생활시설,보충실,1
30000,자원순환관련시설,지게차보관창고,1
17000,공장,철물관련제품,1
16000,위락시설,창고tltjf,1
04000,제2종근린생활시설,영수당,1
01000,단독주택,우가,1
04000,제2종근린생활시설,시계부품제조,1
Z3000,근린생활시설,인부대기실,1
21000,동물및식물관련시설,작업창고,1
02000,공동주택,80,1
14000,업무시설,823호,1
27000,관광휴게시설,led조명운영관리센터,1
17000,공장,후생복지시설및사무실,1
09000,의료시설,가정사,1
17000,공장,기계장치룸,1
15000,숙박시설,제조업,1
08000,운수시설,지게차,1
17000,공장,신발재단물제조업,1
10000,교육연구시설,로커셔블교장,1
17000,공장,31모렉스실,1
21000,동물및식물관련시설,41,1
17000,공장,compressor셀터동,1
24000,방송통신시설,원적교환기계실,1
01000,단독주택,창고ㅓ,1
03000,제1종근린생활시설,농산물가공판매,1
17000,공장,gb102압축기계실,1
18000,창고시설,복리시설,1
05000,문화및집회시설,선반상점,1
19000,위험물저장및처리시설,가압소,1
01000,단독주택,폐쇄,1
24000,방송통신시설,우인전화기계시설,1
24000,방송통신시설,전화자동기기보존실,1
17000,공장,클로리네이터동,1
24000,방송통신시설,전송로접선장치기계실,1
03000,제1종근린생활시설,근린생,1
27000,관광휴게시설,한옥,1
17000,공장,슬러지처리장,1
13000,운동시설,노래방,1
10000,교육연구시설,회의실a,1
Z3000,근린생활시설,무기고,1
24000,방송통신시설,공공용시서,1
24000,방송통신시설,전화분기국,1
27000,관광휴게시설,제2영상탑,1
17000,공장,제품제조,1
03000,제1종근린생활시설,옷수선,1
06000,종교시설,판매장,1
Z3000,근린생활시설,농수산물창고,1
21000,동물및식물관련시설,양축장,1
17000,공장,자동차부품제도업,1
17000,공장,석회석처리장,1
02000,공동주택,건식세차,1
01000,단독주택,근린생활시설용도,1
10000,교육연구시설,신남중,1
18000,창고시설,소금가공공장,1
01000,단독주택,선원숙사,1
11000,노유자시설,관리시설및보육시설,1
10000,교육연구시설,두레관,1
04000,제2종근린생활시설,국수공장,1
01000,단독주택,56가구,1
17000,공장,저수실,1
17000,공장,주유캐노피,1
18000,창고시설,퇴비발효장,1
03000,제1종근린생활시설,법전우체국,1
03000,제1종근린생활시설,어촌체험안내,1
01000,단독주택,다가구용4가구,1
01000,단독주택,94농촌주택개량사업임,1
14000,업무시설,6가구,1
15000,숙박시설,기계식주차,1
17000,공장,ncp,1
15000,숙박시설,위락시설외3,1
19000,위험물저장및처리시설,빈충전기보관실,1
01000,단독주택,기구격납구,1
17000,공장,coater공장,1
17000,공장,발효시설,1
02000,공동주택,특화,1
Z5000,문화및집회시설,발전기실,1
15000,숙박시설,일반숙발시설,1
17000,공장,구축물,1
02000,공동주택,재능기부교실,1
02000,공동주택,전기발전기,1
05000,문화및집회시설,건축자재전시장,1
01000,단독주택,부속건물a,1
10000,교육연구시설,자연과학연구지원센터,1
17000,공장,os,1
15000,숙박시설,변소창고,1
19000,위험물저장및처리시설,농기계수리소,1
15000,숙박시설,관광숙박시설3,1
17000,공장,델루즈벨브실,1
13000,운동시설,기타판매시설,1
04000,제2종근린생활시설,이천군농협지점,1
01000,단독주택,미술작업실,1
Z3000,근린생활시설,제,1
01000,단독주택,과수농가,1
11000,노유자시설,청소년공부방,1
01000,단독주택,방13개,1
05000,문화및집회시설,우익량,1
17000,공장,단층공장부속건물,1
09000,의료시설,정신재활원,1
17000,공장,방음벽,1
04000,제2종근린생활시설,물놀이장,1
09000,의료시설,접객실,1
17000,공장,저탄고,1
17000,공장,원탄방카,1
01000,단독주택,엔시대지탱크,1
10000,교육연구시설,새택,1
17000,공장,드럼와셔실,1
18000,창고시설,열처리장,1
10000,교육연구시설,하수등처리시설,1
10000,교육연구시설,근생및교육연구시설,1
12000,수련시설,놀이형시설2,1
10000,교육연구시설,교육연구연구시설,1
07000,판매시설,전복물류센터,1
21000,동물및식물관련시설,식품저장공장,1
05000,문화및집회시설,및부대시설,1
04000,제2종근린생활시설,중국음식점,1
10000,교육연구시설,전기차충전케노피,1
17000,공장,보관대등,1
03000,제1종근린생활시설,촬영시설,1
18000,창고시설,저수조및펌프실,1
Z6000,판매및영업시설,중앙관리사무소,1
02000,공동주택,근린생활시설14호,1
18000,창고시설,농수저온보관창고,1
15000,숙박시설,숙박시설및근린생활및위락시설,1
04000,제2종근린생활시설,후원,1
17000,공장,시트카바제조업,1
03000,제1종근린생활시설,제일상가점포,1
17000,공장,단조원동실,1
17000,공장,기타육지동물가공저장업,1
01000,단독주택,감물염색작업장,1
27000,관광휴게시설,공원관리창고,1
27000,관광휴게시설,돈치킨,1
19000,위험물저장및처리시설,윤활류창고,1
02000,공동주택,동기계전기실,1
02000,공동주택,한옥전시관,1
01000,단독주택,진입도로,1
03000,제1종근린생활시설,소개업자,1
17000,공장,가정용도자기,1
01000,단독주택,전기발전실,1
06000,종교시설,포치,1
16000,위락시설,회관,1
18000,창고시설,주택및광,1
19000,위험물저장및처리시설,및사무실,1
03000,제1종근린생활시설,근린생화리설,1
04100,운동시설,골프연습장및휴게실,1
Z3000,근린생활시설,kbs,1
01000,단독주택,곶감건조사,1
19000,위험물저장및처리시설,사무실및세차장,1
18000,창고시설,급속냉동창고,1
03000,제1종근린생활시설,사무실및미용실,1
01000,단독주택,다방식당,1
17000,공장,응성관,1
27000,관광휴게시설,보관창고,1
18000,창고시설,농어촌창고및,1
30000,자원순환관련시설,소각동,1
15000,숙박시설,관광숙박시설외,1
07000,판매시설,가공실,1
03000,제1종근린생활시설,종말처리장,1
02000,공동주택,예비실,1
14000,업무시설,환승보행통로,1
04000,제2종근린생활시설,에어로빅강습소,1
17000,공장,크링카사일로,1
21000,동물및식물관련시설,수산물처리시설,1
17000,공장,목재도구및기구제조업,1
04000,제2종근린생활시설,종각물치장,1
17000,공장,집진조정동,1
17000,공장,선작업실,1
14000,업무시설,주택전시관,1
08000,운수시설,항로표지시설관리,1
18000,창고시설,수생동물,1
18000,창고시설,냉동품제조업,1
09000,의료시설,소아과,1
05000,문화및집회시설,축구장,1
20000,자동차관련시설,자동차계학원강의실,1
01000,단독주택,소방차고,1
21000,동물및식물관련시설,조립식콘테이너,1
17000,공장,원료저장소,1
25000,발전시설,감시탑2,1
10000,교육연구시설,재활용품수집보관소,1
01000,단독주택,잡화양품점,1
18000,창고시설,마을공동퇴비사,1
01000,단독주택,국수건조장,1
17000,공장,데속스조정실,1
17000,공장,계란공장,1
27000,관광휴게시설,망루대,1
,,고양리,1
18000,창고시설,농수산물보관용차고,1
21000,동물및식물관련시설,농축산물직판장,1
02000,공동주택,차,1
17000,공장,tph공장,1
17000,공장,홍삼가공시설,1
17000,공장,염소처리실,1
18000,창고시설,부품포장실,1
17000,공장,로딩암쉘타,1
03000,제1종근린생활시설,세멘트제품업소,1
04000,제2종근린생활시설,소매점포,1
17000,공장,시험실및공조실,1
18000,창고시설,미술관,1
17000,공장,지하수조,1
11000,노유자시설,심야보일러실,1
17000,공장,도기공장,1
10000,교육연구시설,지하보이라실,1
17000,공장,출하관리실,1
17000,공장,전기실험실,1
17000,공장,오일타이어링보일러실,1
17000,공장,파고라휴게소,1
17000,공장,파렛트적치장,1
17000,공장,숙성장,1
17000,공장,선박기계수리소,1
17000,공장,방사선촬영실,1
01000,단독주택,우마차,1
17000,공장,공장용보일러실,1
17000,공장,전차포탑검사장,1
,,마을공동유통시설,1
02000,공동주택,도시형원룸아파트,1
18000,창고시설,배저온저장,1
21000,동물및식물관련시설,3건,1
17000,공장,통합진공펌프실,1
01000,단독주택,전방,1
17000,공장,창고및물탱크실,1
17000,공장,실린더하우스,1
17000,공장,코팅동,1
17000,공장,주택및도정공장,1
04000,제2종근린생활시설,축산물제조업,1
17000,공장,반도체공장,1
11000,노유자시설,사회복지지시설,1
30000,자원순환관련시설,태양에너지배터리룸,1
27000,관광휴게시설,2동,1
17000,공장,공장용,1
17000,공장,콘베이어벨트,1
01000,단독주택,목용탕,1
17000,공장,산소부하실,1
01000,단독주택,수산물가공공장,1
03000,제1종근린생활시설,요가장,1
17000,공장,화장실2,1
04000,제2종근린생활시설,정화조관리,1
03000,제1종근린생활시설,마을경로당및회관,1
17000,공장,디엠티빌딩,1
17000,공장,패각처리가공공장,1
10000,교육연구시설,실습실1,1
17000,공장,전기차충전소캐노피,1
17000,공장,보일러실및공장,1
01000,단독주택,제1종근린생활및,1
03000,제1종근린생활시설,소방대차고,1
17000,공장,폐신너저장소,1
17000,공장,레미콘플랜트,1
17000,공장,컨베이어밧트,1
17000,공장,빙수공장,1
17000,공장,스크랩처리장,1
17000,공장,의료시설,1
12000,수련시설,목욕장,1
17000,공장,34동피피윤활유저장동,1
17000,공장,포장백창고,1
17000,공장,지게차정비고,1
13000,운동시설,카트창고,1
17000,공장,자전거거치대,1
17000,공장,냉동창고및저온저장고,1
17000,공장,호퍼터널,1
17000,공장,와인다실,1
17000,공장,설비컨테이너,1
17000,공장,고압용기저장소,1
17000,공장,감시소,1
18000,창고시설,다가구15가구,1
03002,휴게음식점,휴게음식점,1
17000,공장,펌프부로아실,1
04000,제2종근린생활시설,학원단독주택,1
17000,공장,수거동,1
17000,공장,용도,1
05000,문화및집회시설,광성의숙,1
21000,동물및식물관련시설,96정부지원사업,1
17000,공장,004,1
08000,운수시설,세관건물,1
17000,공장,수지변압기실,1
08000,운수시설,간이세차장,1
17000,공장,유안공장,1
21000,동물및식물관련시설,작물재배용,1
17000,공장,로싸리로콤푸실,1
17000,공장,오징어처리공장,1
17000,공장,콘테이너백창고,1
17000,공장,점도,1
17000,공장,강하,1
17000,공장,해태처리가공시설,1
17000,공장,드럼충전실,1
21000,동물및식물관련시설,계분사,1
17000,공장,폐석고처리장,1
17000,공장,전기공장,1
04000,제2종근린생활시설,위험물시설,1
17000,공장,농산물도정공장,1
17000,공장,망초클러실,1
17000,공장,지원시설동,1
01000,단독주택,학교장관사,1
17000,공장,재활용집하장,1
17000,공장,탈수기창고,1
10000,교육연구시설,종교시설외,1
30000,자원순환관련시설,폐기물생활용시설,1
17000,공장,미곡건조저장시설,1
17000,공장,농산물저온창고,1
03000,제1종근린생활시설,비품창고,1
20000,자동차관련시설,판금도장,1
17000,공장,부원료사이로,1
17000,공장,정압동,1
17000,공장,소괘저장고,1
02000,공동주택,노인정425,1
17000,공장,새마을단무지공장,1
14000,업무시설,오수펌프장,1
19000,위험물저장및처리시설,장치실,1
17000,공장,가공기계제조,1
18000,창고시설,공장부속창고,1
14000,업무시설,공공준주택,1
02000,공동주택,가스집단,1
17000,공장,약품보관소3,1
17000,공장,워트제트보관소,1
17000,공장,종업원숙소및식당,1
17000,공장,상용시작공장,1
17000,공장,5고로미분탄저장조,1
01000,단독주택,주차장등,1
17000,공장,압착실,1
17000,공장,산소충진대,1
17000,공장,수성공장b,1
17000,공장,저수지취수장,1
03000,제1종근린생활시설,음악학원,1
03000,제1종근린생활시설,배수지계단실,1
05000,문화및집회시설,연결통로,1
17000,공장,선행의장셀터,1
14000,업무시설,윤전실,1
05000,문화및집회시설,수혈주거지전시관,1
03000,제1종근린생활시설,일용품소매점사무소,1
22000,분뇨.쓰레기처리시설,탈수시설,1
23000,교정및군사시설,관사매점,1
17000,공장,속도계,1
15000,숙박시설,및대중음식점,1
01000,단독주택,다가구주택및노유자시설,1
19000,위험물저장및처리시설,약품탱크실,1
11000,노유자시설,토사,1
18000,창고시설,미장원,1
05000,문화및집회시설,전시시설외1,1
10000,교육연구시설,자동차학과,1
01000,단독주택,함창탄소사택,1
01000,단독주택,점포ㆍ일반음식점,1
10000,교육연구시설,농기계정비실,1
,,교,1
21000,동물및식물관련시설,저장장,1
19000,위험물저장및처리시설,8동,1
17000,공장,carpet,1
15000,숙박시설,여관및제1,1
27000,관광휴게시설,안내판,1
02000,공동주택,ndf실,1
Z5000,문화및집회시설,간이사찰,1
,,위헌물저장,1
Z9000,공공용시설,일반초소,1
02000,공동주택,mdf등,1
05000,문화및집회시설,탄금정,1
14000,업무시설,오피스텔7호,1
18000,창고시설,농가창고및농업인주택,1
06000,종교시설,건조실,1
17000,공장,공장및사무실기타,1
13000,운동시설,10,1
17000,공장,사우나장,1
21000,동물및식물관련시설,부속용도,1
14000,업무시설,및제1,1
01000,단독주택,22,1
18000,창고시설,식품위생시설,1
05000,문화및집회시설,천주교성당,1
05000,문화및집회시설,청소년수련원관리사,1
,,체험학습관,1
,,공연장,1
10000,교육연구시설,소각시설,1
05000,문화및집회시설,교당,1
04000,제2종근린생활시설,산업용,1
06000,종교시설,및노유자,1
01000,단독주택,농간물창고,1
04000,제2종근린생활시설,영업및판매시설군,1
17000,공장,식수대,1
04000,제2종근린생활시설,화물최급소,1
03000,제1종근린생활시설,전경대수용사무실,1
18000,창고시설,식품판매점,1
05000,문화및집회시설,장능정자각,1
02000,공동주택,지역주민센터,1
02000,공동주택,단지형다대,1
18000,창고시설,상대농지,1
01000,단독주택,근신생활시설,1
19000,위험물저장및처리시설,콤프레샤,1
20000,자동차관련시설,주차용건축물및,1
02000,공동주택,다세대형주택,1
03000,제1종근린생활시설,메주공장,1
01000,단독주택,가족목욕장,1
11000,노유자시설,냉천리,1
,,삼양수원관리사,1
18000,창고시설,묵공장,1
18000,창고시설,도토리묵,1
21000,동물및식물관련시설,애견사육장,1
03000,제1종근린생활시설,일덕암리,1
04000,제2종근린생활시설,전통식품공장,1
10000,교육연구시설,충전소,1
05000,문화및집회시설,대문간,1
10000,교육연구시설,광학측정장비실,1
17000,공장,오피스,1
02000,공동주택,지하주차장진입로,1
Z3000,근린생활시설,마방,1
04000,제2종근린생활시설,고속도로관리시설,1
Z3000,근린생활시설,수리,1
18000,창고시설,임산물판매시설,1
05000,문화및집회시설,동회의실,1
03000,제1종근린생활시설,공중목욕탕및여관,1
05000,문화및집회시설,사슴관리사,1
17000,공장,압축기실1,1
04000,제2종근린생활시설,예늘계강습소,1
09000,의료시설,부대시설,1
17000,공장,소금물테스트장,1
07000,판매시설,근린,1
03000,제1종근린생활시설,간이급수,1
03000,제1종근린생활시설,회의실및관리실,1
01000,단독주택,진료실,1
03000,제1종근린생활시설,1시설,1
03000,제1종근린생활시설,의원및점포,1
19000,위험물저장및처리시설,g충전소,1
17000,공장,기계실d,1
01000,단독주택,일반거주지역,1
11000,노유자시설,지역자치센터,1
23000,교정및군사시설,사선,1
17000,공장,aets,1
02000,공동주택,주현연립주택b동3층건물,1
17000,공장,load,1
05000,문화및집회시설,식음료매장,1
05000,문화및집회시설,원릉수라간,1
05000,문화및집회시설,화장실1,1
05000,문화및집회시설,마권장외발매소,1
01000,단독주택,콜크사격장,1
04000,제2종근린생활시설,집회,1
17000,공장,반도체인쇄,1
05000,문화및집회시설,정문및수위실,1
01000,단독주택,점포영업,1
11000,노유자시설,종교시설의,1
11000,노유자시설,없음,1
04000,제2종근린생활시설,대중및유흥음식점,1
05000,문화및집회시설,영정각,1
14000,업무시설,120호실,1
22000,분뇨.쓰레기처리시설,정량조,1
03000,제1종근린생활시설,실내게이트볼장,1
Z9000,공공용시설,기지국,1
10000,교육연구시설,체육관및강당,1
17000,공장,제품실험실,1
21000,동물및식물관련시설,퇴비보관시설,1
01000,단독주택,단독주택및관리사,1
03000,제1종근린생활시설,제1종근린생활시설및창고주택,1
17000,공장,기초,1
03000,제1종근린생활시설,마장파출소,1
18000,창고시설,규석선별장,1
03000,제1종근린생활시설,마을회관및휴게음식점,1
03000,제1종근린생활시설,경찰낙도출장소,1
03000,제1종근린생활시설,근린생활시설및위험물취급소,1
04000,제2종근린생활시설,영선실,1
21000,동물및식물관련시설,내,1
03000,제1종근린생활시설,마을공동활성화시설,1
11000,노유자시설,영유아뵤육시설,1
03000,제1종근린생활시설,자율방범초소,1
03000,제1종근린생활시설,농산물커피체험장,1
,,가구전시장,1
03000,제1종근린생활시설,근린생활시설외용도,1
04000,제2종근린생활시설,광산부대시설,1
03000,제1종근린생활시설,근생생활시설,1
11000,노유자시설,소강당,1
,,계분당,1
03000,제1종근린생활시설,제1ㅇ2종근린생활시설,1
03000,제1종근린생활시설,전각,1
04000,제2종근린생활시설,1종근린생횔시설,1
17000,공장,주택보관창고,1
17000,공장,c기성복제조업,1
03000,제1종근린생활시설,마을회관외1,1
03000,제1종근린생활시설,마을문화복지회관,1
03000,제1종근린생활시설,소매점및주택및사무실,1
02000,공동주택,입자주회의실,1
03000,제1종근린생활시설,제2종근린공공시설,1
03000,제1종근린생활시설,매표북경비초소,1
03000,제1종근린생활시설,마을회관및부녀복지관,1
03000,제1종근린생활시설,청원군보건소,1
,,요사실,1
21000,동물및식물관련시설,재배장,1
03000,제1종근린생활시설,제2종근린생활시설외1용도,1
04000,제2종근린생활시설,단순제조업,1
03000,제1종근린생활시설,통신중계실,1
03000,제1종근린생활시설,상촌경로당,1
03000,제1종근린생활시설,점포및대합실,1
03000,제1종근린생활시설,상수도시험실,1
03000,제1종근린생활시설,방역통제경비실,1
05000,문화및집회시설,승강기,1
03000,제1종근린생활시설,집하장및선별장,1
03000,제1종근린생활시설,물탱크및폄프실,1
11000,노유자시설,하고성경로당,1
03000,제1종근린생활시설,어촌복지회관,1
18000,창고시설,탈수장,1
17000,공장,공압설비방음실,1
26000,묘지관련시설,만월당,1
01000,단독주택,3용도,1
01000,단독주택,농가건축,1
17000,공장,소형연마전기실,1
17000,공장,펌프및압축기제조업,1
17000,공장,옥외펌프실,1
17000,공장,도자가공장,1
17000,공장,쥐고기공장,1
17000,공장,장갑제조공장,1
17000,공장,고산연중공장,1
17000,공장,베치블란트실,1
13000,운동시설,소회의실,1
13000,운동시설,파견근무요원대기실,1
03000,제1종근린생활시설,국가유산,1
17000,공장,사무실및직원숙소,1
17000,공장,4호예열실,1
17000,공장,공장및양곡저장창고,1
17000,공장,트럭계중기실,1
17000,공장,환경사무실,1
17000,공장,단독주택공장시설,1
18000,창고시설,곤충사육장,1
17000,공장,차량cop,1
04000,제2종근린생활시설,농산물가공품,1
17000,공장,기타직물제조업,1
01000,단독주택,주산강습소,1
18000,창고시설,창고ㆍ주택,1
Z5000,문화및집회시설,창고화장실,1
17000,공장,정비계작업장,1
17000,공장,활치공장,1
10000,교육연구시설,특별교실동,1
01000,단독주택,96농가주택지원분,1
03000,제1종근린생활시설,벽진우체국,1
04000,제2종근린생활시설,토속음식점,1
30000,자원순환관련시설,상수도급수,1
17000,공장,소다저장창고,1
17000,공장,연구실외,1
03000,제1종근린생활시설,중개사,1
23000,교정및군사시설,3,1
17000,공장,코스라공장,1
17000,공장,유틸리티타워,1
17000,공장,고밀도수소공장,1
17000,공장,공해공장및제2종근린생활시설,1
18000,창고시설,제품창고동,1
18000,창고시설,떡방앗간,1
17000,공장,환입주처리장,1
17000,공장,일반공장사무실,1
17000,공장,박스보관창고,1
18000,창고시설,농업용창고및유기동물보호소,1
17000,공장,공행공장,1
17000,공장,숙소및교육장,1
07000,판매시설,주택건설촉진법제31조에의한상가,1
17000,공장,정문안내실,1
02000,공동주택,814,1
02000,공동주택,998,1
17000,공장,카렌다공장,1
17000,공장,폐수보관소,1
17000,공장,전파연구소,1
22000,분뇨.쓰레기처리시설,홍보관,1
17000,공장,목재제제공장,1
02000,공동주택,방풍실등,1
21000,동물및식물관련시설,팔각정,1
04000,제2종근린생활시설,제제2종근생,1
15000,숙박시설,일반숙소시설,1
02000,공동주택,일반공장및부속시설,1
01000,단독주택,농업용창고및저온저장고,1
24000,방송통신시설,동헌1,1
06000,종교시설,옥외저수조,1
13000,운동시설,그늘집10홀,1
02000,공동주택,단지형다세대주택8,1
15000,숙박시설,142호,1
03000,제1종근린생활시설,대피실및,1
24000,방송통신시설,무인전화로,1
03000,제1종근린생활시설,현관,1
15000,숙박시설,소매점및대중음식점,1
14000,업무시설,에레베타,1
31000,야영장시설,야영장외1,1
17000,공장,co,1
10000,교육연구시설,세탁장,1
21000,동물및식물관련시설,고압가스저장소,1
03000,제1종근린생활시설,저온냉동창고,1
06000,종교시설,금강문,1
01000,단독주택,제2종생활시설,1
17000,공장,연회실,1
04000,제2종근린생활시설,목제가구제조,1
17000,공장,vrds,1
14000,업무시설,가스집합저장소,1
23000,교정및군사시설,관리동,1
21000,동물및식물관련시설,및사료창고,1
20000,자동차관련시설,부품보관창고2,1
04000,제2종근린생활시설,오피스텔11실,1
27000,관광휴게시설,산림공익시설,1
02000,공동주택,조작실,1
02000,공동주택,스터디센터,1
06000,종교시설,모향각재실,1
14000,업무시설,축사,1
23000,교정및군사시설,폐기물,1
04000,제2종근린생활시설,단지내,1
10000,교육연구시설,상점,1
15000,숙박시설,택배보관소,1
19000,위험물저장및처리시설,자재창고,1
11000,노유자시설,미아보호소,1
01000,단독주택,90년,1
04000,제2종근린생활시설,도시형제조수리업,1
04000,제2종근린생활시설,과물저장소,1
04000,제2종근린생활시설,365부스,1
01000,단독주택,4가ㅜ,1
21000,동물및식물관련시설,후기육성사보일러실,1
01000,단독주택,과실창고,1
10000,교육연구시설,저장실,1
13000,운동시설,올림픽기념관,1
20000,자동차관련시설,사무실및자동차검사장,1
18000,창고시설,메주실,1
03000,제1종근린생활시설,봉화군정신건강복지센터,1
02000,공동주택,가압펌프실,1
04000,제2종근린생활시설,대천공소,1
21000,동물및식물관련시설,엽연초공동건조장,1
06000,종교시설,접견실,1
06000,종교시설,교리교실,1
17000,공장,엘피지저장실,1
18000,창고시설,생활,1
Z8000,교육연구및복지시설,보일라실,1
17000,공장,하역처리,1
03000,제1종근린생활시설,총괄,1
02000,공동주택,체육증진실,1
06000,종교시설,장애인용,1
06000,종교시설,연안이씨,1
17000,공장,변전시설,1
17999,기타공장,관리동,1
18000,창고시설,부자재보관창고,1
17000,공장,대형공장rool적치장,1
01000,단독주택,농업축사,1
02000,공동주택,커뮤니티c,1
21000,동물및식물관련시설,양곡건조장,1
01000,단독주택,주택ㅡ일반음식점,1
31000,야영장시설,문화및집회시설,1
17000,공장,어린이체험관,1
18000,창고시설,주틱,1
04000,제2종근린생활시설,소방기구치장,1
01000,단독주택,축사및농가창고,1
06000,종교시설,옥천각,1
03000,제1종근린생활시설,곡물도정업,1
04000,제2종근린생활시설,임산물가공처리시설,1
17000,공장,t시험동,1
06000,종교시설,교회부속사무실,1
01000,단독주택,퇴비사및창고,1
04000,제2종근린생활시설,주유캐노피,1
10000,교육연구시설,오수처리장,1
02000,공동주택,따복공동체,1
02000,공동주택,카라운지,1
14000,업무시설,기타주민공동시설,1
13000,운동시설,관광휴게시실,1
02000,공동주택,주민보행통로,1
04000,제2종근린생활시설,제조소및사무소,1
31000,야영장시설,여자샤워장,1
06000,종교시설,숭도문,1
23000,교정및군사시설,부검,1
08000,운수시설,물탱크실,1
17000,공장,탁구,1
02000,공동주택,cs실,1
06000,종교시설,교욱관,1
17000,공장,관리실본관,1
19000,위험물저장및처리시설,경유1200l,1
05000,문화및집회시설,전시공간,1
17000,공장,창고및휴게실,1
Z3000,근린생활시설,근린생활시설운수시설,1
04000,제2종근린생활시설,해병전우회관,1
17000,공장,cta분석실,1
03000,제1종근린생활시설,건축물,1
17000,공장,sru,1
11000,노유자시설,물치,1
18000,창고시설,고냉지채소,1
04000,제2종근린생활시설,복합유통게임제공업소,1
03000,제1종근린생활시설,공동목욕장,1
01000,단독주택,합해서,1
06000,종교시설,잡,1
02000,공동주택,하주차장,1
,,북부시장공동변소,1
04000,제2종근린생활시설,참기름공장,1
10000,교육연구시설,관서,1
06000,종교시설,모임방,1
04000,제2종근린생활시설,여행사,1
17000,공장,방송수신기및기타영상음향기기제조,1
26000,묘지관련시설,전사청,1
10000,교육연구시설,정수시설,1
17000,공장,스모크룸,1
19000,위험물저장및처리시설,모노마회수공장,1
03000,제1종근린생활시설,저장시설,1
01000,단독주택,농가함석,1
01000,단독주택,부속건축물용도,1
01000,단독주택,우마청렴물치,1
18000,창고시설,대의소,1
24000,방송통신시설,무인통신기지국장비보관실,1
02000,공동주택,요가교실,1
Z8000,교육연구및복지시설,일반음식점,1
02000,공동주택,자동집하시설,1
02000,공동주택,스쿨버스존2,1
24000,방송통신시설,무인기지국장비보호시설,1
02000,공동주택,2321동하부,1
03000,제1종근린생활시설,무선전화신설기지,1
17000,공장,제2종근린샌활시설,1
03000,제1종근린생활시설,plant,1
18000,창고시설,보일러실창고,1
02000,공동주택,근린독서실,1
03000,제1종근린생활시설,그린생활,1
01000,단독주택,면사무소,1
01000,단독주택,기성복,1
04000,제2종근린생활시설,및공동주택,1
18000,창고시설,급유소,1
01000,단독주택,농기계수리정비장,1
Z5000,문화및집회시설,온실,1
31000,야영장시설,사,1
24000,방송통신시설,위험물저장및처리시설,1
05000,문화및집회시설,수양원,1
14000,업무시설,제2종근린생활시설외1,1
03000,제1종근린생활시설,야외교습장,1
03000,제1종근린생활시설,근린생활시설및집회시설,1
03000,제1종근린생활시설,농산물잡하장,1
17000,공장,산화에틸렌정제실,1
03000,제1종근린생활시설,상수도모터,1
03000,제1종근린생활시설,농촌지도소근덕지소,1
03000,제1종근린생활시설,권양실,1
21000,동물및식물관련시설,유산양가공,1
03000,제1종근린생활시설,칠금동사무소,1
03000,제1종근린생활시설,정신교육관,1
03000,제1종근린생활시설,발전실1호,1
17000,공장,daf,1
03000,제1종근린생활시설,왕산지서청사,1
03000,제1종근린생활시설,이인회관,1
03000,제1종근린생활시설,역조경비초소,1
02000,공동주택,주민건강증진센터,1
03000,제1종근린생활시설,새마을공동목욕장,1
17000,공장,소형작업장,1
17000,공장,황산저장,1
15000,숙박시설,약국,1
17000,공장,증발농축설비동,1
03000,제1종근린생활시설,딸기하치장,1
03000,제1종근린생활시설,근린생활및냉동공장,1
20000,자동차관련시설,공영,1
20000,자동차관련시설,공원,1
20000,자동차관련시설,모타카실,1
03000,제1종근린생활시설,전화기보존실,1
30000,자원순환관련시설,종말처리장,1
03000,제1종근린생활시설,훈련부탑,1
02000,공동주택,소화가스저장실,1
03000,제1종근린생활시설,점포여인숙,1
Z9000,공공용시설,교육연구시설,1
03000,제1종근린생활시설,동장대,1
17000,공장,가열조실,1
17000,공장,30399,1
05000,문화및집회시설,전시주택,1
03000,제1종근린생활시설,영업점포,1
17000,공장,식풍가공공장,1
19000,위험물저장및처리시설,제1ㆍ2종근린생활시설,1
11000,노유자시설,종합사회복지시설,1
03000,제1종근린생활시설,암반관정기계실,1
03000,제1종근린생활시설,소각보일러탈의실,1
03000,제1종근린생활시설,상점및주택,1
06000,종교시설,교육복지시설,1
03000,제1종근린생활시설,점포및경노당,1
11000,노유자시설,유치원및어린이집,1
04000,제2종근린생활시설,어묵,1
03000,제1종근린생활시설,고내보건진료소,1
03000,제1종근린생활시설,숙소및창고,1
03000,제1종근린생활시설,점포창고,1
10000,교육연구시설,기술,1
02000,공동주택,도시형생활주택원룸형14세대,1
04000,제2종근린생활시설,스크린조,1
03000,제1종근린생활시설,판매및영업시설외3,1
14000,업무시설,10호실,1
03000,제1종근린생활시설,농협영업장,1
03000,제1종근린생활시설,구판소,1
11000,노유자시설,상수도관리사,1
14000,업무시설,별어곡선로반처소,1
11000,노유자시설,연결복도,1
03000,제1종근린생활시설,행여도가,1
17000,공장,파병장,1
03000,제1종근린생활시설,마을공공창고,1
03000,제1종근린생활시설,마을아동공부방,1
03000,제1종근린생활시설,농원공동작업장,1
03000,제1종근린생활시설,일용품소매점및지역아동센터,1
17000,공장,cadium공장,1
03000,제1종근린생활시설,경비막사,1
03000,제1종근린생활시설,근린생활시설및농가주택,1
21000,동물및식물관련시설,52,1
03000,제1종근린생활시설,신흥회관,1
03000,제1종근린생활시설,경로당회의실,1
03000,제1종근린생활시설,낭하,1
17000,공장,현장분석실n06,1
03000,제1종근린생활시설,공동욕장,1
03000,제1종근린생활시설,파출소및숙영시설,1
22000,분뇨.쓰레기처리시설,설비실,1
08000,운수시설,안내원숙소,1
03000,제1종근린생활시설,다목적복지센타,1
03000,제1종근린생활시설,소매점및화장실,1
03000,제1종근린생활시설,곡물시장,1
21000,동물및식물관련시설,목장창고,1
01000,단독주택,관람집회실,1
,,아동시설,1
03000,제1종근린생활시설,변전실42호,1
11000,노유자시설,입원실,1
11000,노유자시설,시장장옥,1
03000,제1종근린생활시설,1종근린생활외1용도,1
17000,공장,폴리에틸렌,1
03000,제1종근린생활시설,노인복지여가시설,1
03000,제1종근린생활시설,대원파출소,1
06000,종교시설,상해사,1
03000,제1종근린생활시설,소매점및치과,1
03000,제1종근린생활시설,경로회관및마을회관,1
08000,운수시설,선좌변전소동,1
03000,제1종근린생활시설,녹색농촌체험장,1
03000,제1종근린생활시설,송수가압펌프장,1
03000,제1종근린생활시설,주상복합상가,1
03000,제1종근린생활시설,대중음식점및점포및근린생활시설,1
,,유통시설,1
03000,제1종근린생활시설,마을회관및경로회관,1
11000,노유자시설,경로정,1
03000,제1종근린생활시설,호흡기충전실,1
10000,교육연구시설,열환경시험동,1
03000,제1종근린생활시설,야적장감시실,1
03000,제1종근린생활시설,제1종근린생활시설외3용도,1
03000,제1종근린생활시설,대중화장실,1
03000,제1종근린생활시설,변전실캐노피,1
10000,교육연구시설,서편,1
,,달리분류되지않은,1
03000,제1종근린생활시설,점포전시장,1
18000,창고시설,좌연비료창고,1
18000,창고시설,멸치액젖절임시설,1
02000,공동주택,작은도관,1
09000,의료시설,등,1
19000,위험물저장및처리시설,lpg까스판매소,1
03000,제1종근린생활시설,전화분국사,1
03000,제1종근린생활시설,점포및관리고,1
03000,제1종근린생활시설,종합안내소,1
17000,공장,제철,1
01000,단독주택,1층사무소,1
03000,제1종근린생활시설,리사무소회관,1
11000,노유자시설,요리교실,1
13000,운동시설,가드하우스,1
18000,창고시설,p박스창고,1
21000,동물및식물관련시설,동계사,1
01000,단독주택,간이현관,1
30000,자원순환관련시설,투입동,1
02000,공동주택,요원합숙소,1
03000,제1종근린생활시설,벙커,1
17000,공장,사회복지시설,1
03000,제1종근린생활시설,제조업소및사무소,1
01000,단독주택,기타소매점,1
05000,문화및집회시설,자연학습수련원,1
02000,공동주택,무인중계국사,1
05000,문화및집회시설,교직사,1
Z3000,근린생활시설,농산물직매장,1
10000,교육연구시설,과학동,1
03000,제1종근린생활시설,목공소체험실,1
05000,문화및집회시설,협문3,1
17000,공장,그린시설,1
17000,공장,기술연구소및,1
02000,공동주택,도시형생활주택7세대,1
04000,제2종근린생활시설,수지점,1
21000,동물및식물관련시설,농업샌산시설,1
13000,운동시설,심판실,1
03000,제1종근린생활시설,여과사,1
05000,문화및집회시설,말레이곰사,1
18000,창고시설,식당등,1
02000,공동주택,및사무소,1
Z9000,공공용시설,펌프실,1
23000,교정및군사시설,비축,1
02000,공동주택,다세대형14세대,1
02000,공동주택,근린생활시설및오피스텔,1
05000,문화및집회시설,사료조리실,1
05000,문화및집회시설,고양이사,1
18000,창고시설,제조창고,1
01000,단독주택,소매점및다방,1
05000,문화및집회시설,재사,1
02000,공동주택,89,1
02000,공동주택,관리실및부대시설,1
05000,문화및집회시설,축사체험장,1
02000,공동주택,작은책방,1
05000,문화및집회시설,서문,1
18000,창고시설,부식고,1
05000,문화및집회시설,맹수사육장,1
01000,단독주택,문방구,1
21000,동물및식물관련시설,유우시설,1
05000,문화및집회시설,외부화장실2,1
05000,문화및집회시설,종업원숙소,1
19000,위험물저장및처리시설,펌퍼실,1
05000,문화및집회시설,스텐드동,1
17000,공장,콘테이너창고,1
17000,공장,질소발생설비house,1
17000,공장,방사능저장창고,1
17000,공장,장식용목재품제조,1
17000,공장,몰드수리장,1
02000,공동주택,다세대즈택,1
17000,공장,콤푸레샤실8,1
17000,공장,온수탱크,1
17000,공장,제2종근린생활시설및1용도,1
20000,자동차관련시설,컴퓨터통제실,1
10000,교육연구시설,현장,1
17000,공장,탈삽실,1
17000,공장,폐수처리사무실,1
17000,공장,가방제조공장,1
17000,공장,1석회석혼합저장고,1
17000,공장,에너지저장장치실,1
17000,공장,수전설비실,1
03000,제1종근린생활시설,수산물창고,1
01000,단독주택,노인여가복지시설,1
17000,공장,창고및콤프레샤실,1
17000,공장,단무지저장,1
17000,공장,갱장장,1
17000,공장,광기수리실,1
17000,공장,감시탑,1
14000,업무시설,벤처기업집적시설,1
17000,공장,사무실및주방식당,1
17000,공장,키론양수실,1
01000,단독주택,식당업,1
17000,공장,고압탱크저장소,1
18000,창고시설,작업장및판매장,1
17000,공장,미역배양장,1
21000,동물및식물관련시설,전초사,1
03000,제1종근린생활시설,자재보관,1
17000,공장,에이공장,1
17000,공장,동재적치공장,1
17000,공장,주조공장근무자대기실,1
15000,숙박시설,옥탐,1
17000,공장,방사13,1
17000,공장,잡품창고,1
10000,교육연구시설,조각실습동,1
17000,공장,순수장치,1
17000,공장,제품저장동,1
04000,제2종근린생활시설,컴퓨터게임제공시설업,1
17000,공장,냉동기순환실,1
17000,공장,4냉연본공장,1
17000,공장,콘크리트처리장,1
17000,공장,엔진보관창고,1
17000,공장,모래저장고,1
17000,공장,구내식당외1건,1
17000,공장,탱크특수소화건설,1
17000,공장,회수실,1
17000,공장,왁스용해처리장,1
17000,공장,제립기동,1
01000,단독주택,총포판매사,1
17000,공장,지대미공장,1
17000,공장,버켓엘리베이트,1
17000,공장,아파트형공장및편의시설,1
17000,공장,중핏치파쇄창고,1
17000,공장,자재재활용창고,1
03000,제1종근린생활시설,고가초소,1
17000,공장,회의실동,1
17000,공장,연료보관실,1
17000,공장,해태배공장및미역공장,1
17000,공장,주행검사수정장,1
16000,위락시설,발전기실,1
16000,위락시설,방재실,1
07000,판매시설,빗물관리층,1
17000,공장,순수처리조,1
17000,공장,제2공장냉동기실,1
17000,공장,운반통로,1
17000,공장,침지탱크하부,1
17000,공장,김저장실,1
01000,단독주택,대중식당,1
17000,공장,액젖탱크실,1
04000,제2종근린생활시설,도정작업장,1
04000,제2종근린생활시설,재래식부엌,1
17000,공장,염소가공시설,1
17000,공장,냉각수약품공급,1
17000,공장,배수,1
17000,공장,청자재작,1
02000,공동주택,gate,1
03000,제1종근린생활시설,대덕,1
19000,위험물저장및처리시설,swgr,1
17000,공장,선주실,1
17000,공장,드라이아이스룸,1
17000,공장,절단공장,1
17000,공장,주택자재생산공장,1
17000,공장,버너실,1
02000,공동주택,수거시설,1
17000,공장,가스캐비넷,1
03000,제1종근린생활시설,도자기판매장,1
Z5000,문화및집회시설,철근콘큰리트조,1
17000,공장,no2제어기기동,1
30000,자원순환관련시설,협잡물분리기호퍼,1
04000,제2종근린생활시설,다가구17가구,1
03000,제1종근린생활시설,항몽기록화전시관,1
17000,공장,g가스관리실,1
17000,공장,금속조립구조재제조업소,1
01000,단독주택,각,1
21000,동물및식물관련시설,종빈마사,1
17000,공장,다중주택,1
01000,단독주택,다가구용14가구,1
17000,공장,빔가공장,1
17000,공장,전기기기용,1
Z5000,문화및집회시설,헛간,1
04000,제2종근린생활시설,대중음식점소매점,1
30000,자원순환관련시설,오수펌프시설,1
30000,자원순환관련시설,해양폐기물소각장,1
17000,공장,back,1
17000,공장,도장및기타피막처리업,1
30000,자원순환관련시설,재활용수거장,1
02000,공동주택,정류장,1
01000,단독주택,7가구0,1
17000,공장,하모닉,1
01000,단독주택,재2종그린생활시설,1
02000,공동주택,물품보관소및무인택배실,1
02000,공동주택,정화조제어실,1
03000,제1종근린생활시설,위험물저장창고,1
01000,단독주택,사랑권,1
03000,제1종근린생활시설,2리,1
01000,단독주택,신한옥,1
17000,공장,점검계단,1
17000,공장,원료분쇄기실,1
01000,단독주택,디기구용,1
01000,단독주택,세장,1
19000,위험물저장및처리시설,산소및lpg보관판매업소,1
27000,관광휴게시설,판매대,1
01000,단독주택,축사겸창고,1
17000,공장,훈제품,1
14000,업무시설,제재소및,1
04000,제2종근린생활시설,2종근샐,1
10000,교육연구시설,23,1
17000,공장,대피소1,1
05000,문화및집회시설,제품전시실,1
17000,공장,방향족주변전실,1
02000,공동주택,마을흔적보전실,1
04000,제2종근린생활시설,조궁실,1
02000,공동주택,도료류판매소,1
16000,위락시설,근린생활시설외2,1
17000,공장,9101a,1
18000,창고시설,극장,1
09000,의료시설,취사실,1
05000,문화및집회시설,다중생활시설,1
14000,업무시설,콘트롤하우스,1
04000,제2종근린생활시설,위험물저장및처리실설,1
17000,공장,도료공장b,1
03000,제1종근린생활시설,공업생산시설,1
02000,공동주택,관리통신실,1
19000,위험물저장및처리시설,차량부품판매시설,1
18000,창고시설,e제조공장,1
18000,창고시설,집하창고,1
01000,단독주택,근생활시설,1
03000,제1종근린생활시설,핏트,1
19000,위험물저장및처리시설,위험물취급시설,1
17000,공장,무공해콩나물,1
12000,수련시설,회의실,1
21000,동물및식물관련시설,액비처리장,1
27000,관광휴게시설,취사장및세면장,1
27000,관광휴게시설,부속사무실,1
27000,관광휴게시설,프렛홈,1
17000,공장,농산물가공시설및부속시설,1
24000,방송통신시설,단지,1
17000,공장,재단편직공장,1
17000,공장,재료건조장,1
Z6000,판매및영업시설,편익,1
Z6000,판매및영업시설,시설,1
27000,관광휴게시설,사모정,1
17000,공장,위생용도자기제조업,1
03000,제1종근린생활시설,다목적복지관,1
03000,제1종근린생활시설,목재가구전시장,1
11000,노유자시설,보육정보센터,1
18000,창고시설,폐사,1
01000,단독주택,향사,1
17000,공장,조제수프,1
27000,관광휴게시설,숲속의집2,1
03000,제1종근린생활시설,상수원대체농업용수시설,1
27000,관광휴게시설,가압펌프장,1
03000,제1종근린생활시설,공공조건시설,1
11000,노유자시설,탁아소유희실,1
17000,공장,강당동,1
11000,노유자시설,의료가스실,1
01000,단독주택,다가구주택98,1
27000,관광휴게시설,휴게소및주유소,1
17000,공장,경비실창고,1
04000,제2종근린생활시설,유리보전,1
27000,관광휴게시설,체육공원내관리사무실,1
19000,위험물저장및처리시설,오일보관창고,1
04000,제2종근린생활시설,대골,1
,,농장,1
19000,위험물저장및처리시설,방풍실,1
10000,교육연구시설,관측소,1
01000,단독주택,폐돈사,1
27000,관광휴게시설,남자화장실,1
17000,공장,에레베타실,1
17000,공장,수위실및면회실,1
27000,관광휴게시설,창고2,1
13000,운동시설,부대사무실,1
27000,관광휴게시설,간이취사장,1
04000,제2종근린생활시설,중액선탄시설,1
21000,동물및식물관련시설,육종연구실,1
,,가공실,1
19000,위험물저장및처리시설,실탄저장소,1
02000,공동주택,창원지원센터,1
17000,공장,brwe냉동기실,1
17000,공장,switch,1
17000,공장,견및인조섬유제조,1
19000,위험물저장및처리시설,비가림막시설,1
08000,운수시설,보안검색상황실,1
15000,숙박시설,홍보관,1
01000,단독주택,창고및주방,1
18000,창고시설,생산물,1
27000,관광휴게시설,자연공원시설,1
17000,공장,프리텐션실,1
15000,숙박시설,근린생활시설및숙박시설및다가구주택,1
Z6000,판매및영업시설,농업생산시설,1
17000,공장,부속용,1
03000,제1종근린생활시설,근린생홀시설및,1
21000,동물및식물관련시설,배수지,1
22000,분뇨.쓰레기처리시설,우,1
15000,숙박시설,미륵종업원숙소,1
07000,판매시설,부동산중개업소,1
06000,종교시설,경로당,1
03000,제1종근린생활시설,외주택,1
01000,단독주택,세멘와가,1
14000,업무시설,주민편의,1
17000,공장,로프,1
25000,발전시설,발전소출입시설,1
05000,문화및집회시설,운동유기시설,1
15000,숙박시설,기타일반숙박시설2,1
04000,제2종근린생활시설,벌크시멘트출하장,1
04000,제2종근린생활시설,종회집회장,1
15000,숙박시설,일반숙박시설및제2종근린생활시설,1
10000,교육연구시설,십습실,1
23000,교정및군사시설,발칸진지a,1
02000,공동주택,빗물관리실,1
15000,숙박시설,숙작시설,1
01000,단독주택,제1종근린생활시성,1
03000,제1종근린생활시설,자동차부속용품판매장,1
18000,창고시설,영업실,1
01000,단독주택,농촌주택개량사업으로,1
12000,수련시설,청소년문화의,1
15000,숙박시설,콘도미니엄분양가족호텔,1
14000,업무시설,오피스텔161호,1
04000,제2종근린생활시설,문화체험장,1
Z6000,판매및영업시설,여객자동차터미널,1
01000,단독주택,독신,1
25000,발전시설,가스저장소,1
17000,공장,공장및문화및집회시설,1
01000,단독주택,94주택개량융자주택,1
17000,공장,유기질퇴비제조장,1
25000,발전시설,터빈동,1
21000,동물및식물관련시설,갈색거저리,1
06000,종교시설,제2종근린연구시설,1
03000,제1종근린생활시설,4개소,1
04000,제2종근린생활시설,비뇨기과의원,1
21000,동물및식물관련시설,농수산물건조,1
21000,동물및식물관련시설,농가용돈사,1
21000,동물및식물관련시설,우사퇴비사,1
18000,창고시설,관수창고,1
02000,공동주택,및근린생활지설,1
14000,업무시설,동주민센터,1
02000,공동주택,근로자대기실,1
18000,창고시설,요소비료창고,1
01000,단독주택,군관사,1
03000,제1종근린생활시설,교양회관,1
21000,동물및식물관련시설,톱밥발효축사및농기계보관창고,1
10000,교육연구시설,농업교육학관,1
18000,창고시설,골재분류적차장,1
01000,단독주택,통택주택,1
21000,동물및식물관련시설,톱밥창고및축분교반시설장,1
01000,단독주택,단독주택4가구및근린생활시설,1
Z5000,문화및집회시설,유물관,1
18000,창고시설,창고및선과장,1
03000,제1종근린생활시설,에체능계학원,1
01000,단독주택,선원합숙소,1
21000,동물및식물관련시설,저장고및온실,1
21000,동물및식물관련시설,토종닭사육시설,1
01000,단독주택,잠실창고,1
01000,단독주택,사료실,1
,,안내실,1
01000,단독주택,작업장및숙소,1
01000,단독주택,관사1동,1
17000,공장,71호동,1
18000,창고시설,전시시설,1
01000,단독주택,교육생활관,1
18000,창고시설,농가용건조장및농기계창고,1
18000,창고시설,쓰레기매립장보관창고,1
17000,공장,데일리빈,1
18000,창고시설,건조및보관창고,1
18000,창고시설,농업용창고및화장실,1
18000,창고시설,농기계수리시설창고,1
01000,단독주택,다가구주택및위험물저장및처리시설,1
01000,단독주택,주택부지조성,1
18000,창고시설,방공호,1
17000,공장,8소방밸브실,1
18000,창고시설,기계타워,1
18000,창고시설,감타래저장창고,1
21000,동물및식물관련시설,분기축사,1
06000,종교시설,종친회,1
18000,창고시설,물품저장일반창고,1
06000,종교시설,주말학교,1
Z5000,문화및집회시설,관람장,1
21000,동물및식물관련시설,마을공동퇴비건조장,1
21000,동물및식물관련시설,버섯재배작업장,1
01000,단독주택,대피소및다가구주택,1
17000,공장,콘테이너출하장,1
21000,동물및식물관련시설,축사및가축시설,1
21000,동물및식물관련시설,모자배양실,1
01000,단독주택,세멘브럭스라브,1
21000,동물및식물관련시설,농산물간이건조장,1
21000,동물및식물관련시설,축산발효장,1
18000,창고시설,창고시설및부속사,1
17000,공장,물벼건조실,1
10000,교육연구시설,한의대학,1
18000,창고시설,신오산마을농기계창고,1
21000,동물및식물관련시설,묘지관련시설,1
07000,판매시설,다중주택,1
17000,공장,1차농산물,1
21000,동물및식물관련시설,관리사및착유실,1
18000,창고시설,농산물간이집회장,1
01000,단독주택,단독상가,1
18000,창고시설,헛칸,1
21000,동물및식물관련시설,야생조류사육,1
18000,창고시설,해태생산창고,1
21000,동물및식물관련시설,축사및곡물건조장,1
18000,창고시설,수산업용냉동창고,1
17000,공장,보온shop,1
18000,창고시설,간이작업장,1
01000,단독주택,농촌농가주택,1
18000,창고시설,어류축양냉동창고,1
18000,창고시설,시멘트자재검사실,1
01000,단독주택,장병도,1
21000,동물및식물관련시설,부화사,1
18000,창고시설,창고헛간,1
15000,숙박시설,관망탑,1
01000,단독주택,파출소장관사,1
18000,창고시설,수산물사료저장고,1
21000,동물및식물관련시설,유량계실,1
20000,자동차관련시설,건식세차장,1
07000,판매시설,도매시장경판장,1
18000,창고시설,위탁영농창고,1
11000,노유자시설,문화집회시설,1
03000,제1종근린생활시설,시무실,1
17000,공장,계측기실,1
21000,동물및식물관련시설,육상양어업시설,1
17000,공장,제본,1
18000,창고시설,차량부품창고,1
01000,단독주택,윤씨종중,1
12000,수련시설,회의장,1
01000,단독주택,근생및부속건물,1
01000,단독주택,근린생활시설및주택6가구,1
18000,창고시설,공스풀저장소,1
01000,단독주택,목부사,1
01000,단독주택,제1종근린생활외1,1
18000,창고시설,멸치젖창고,1
18000,창고시설,중량물창고,1
01000,단독주택,그늘집,1
01000,단독주택,농가주택및농수산물보관창고,1
03000,제1종근린생활시설,어획물공판장,1
17000,공장,아파트공장,1
15000,숙박시설,호텔부대시설,1
19000,위험물저장및처리시설,위험물저장고취급소,1
21000,동물및식물관련시설,75,1
17000,공장,발효건조실,1
10000,교육연구시설,건공관,1
10000,교육연구시설,소규모강당,1
08000,운수시설,단말레이다실,1
03000,제1종근린생활시설,두부체험장,1
10000,교육연구시설,공과대학5호관,1
17000,공장,수산식물가공,1
20999,기타자동차관련시설,주차장,1
17000,공장,통합전기실,1
05000,문화및집회시설,조류사육장,1
17000,공장,농수산물냉동공장,1
08000,운수시설,기내식시설,1
02000,공동주택,멀티커뮤니티,1
17000,공장,수리반,1
17000,공장,스크랩박스,1
09000,의료시설,2종근생시설,1
04000,제2종근린생활시설,누에식품,1
17000,공장,공작물포함,1
17000,공장,쌀건조장,1
Z5000,문화및집회시설,독신자숙소,1
17000,공장,합성수지,1
19000,위험물저장및처리시설,타이어,1
04000,제2종근린생활시설,위릭시설,1
03000,제1종근린생활시설,식육판매점,1
06000,종교시설,저온창고및창고,1
Z3000,근린생활시설,식당및보일러실,1
13000,운동시설,부숙장,1
33000,"국방,군사시설",탄약분배대,1
03000,제1종근린생활시설,동부의용,1
Z9000,공공용시설,송수펌프동,1
,,식품보관,1
03000,제1종근린생활시설,자료,1
03000,제1종근린생활시설,제110호,1
21000,동물및식물관련시설,냉동창고및관리사,1
17000,공장,가공공장pump,1
Z3000,근린생활시설,주상복합,1
13000,운동시설,운동시설부속시설,1
Z8000,교육연구및복지시설,교사사택,1
17000,공장,약초작업장,1
17000,공장,epoxy,1
Z5000,문화및집회시설,장릉제실,1
Z8000,교육연구및복지시설,교사및사택,1
13000,운동시설,볼링장및점포,1
13000,운동시설,무용실,1
Z8000,교육연구및복지시설,사대실험관,1
10000,교육연구시설,호흡대사실,1
17000,공장,음향,1
13000,운동시설,지하저장고,1
01000,단독주택,주택및자하부속사,1
Z8000,교육연구및복지시설,농대농장부속건불,1
30000,자원순환관련시설,압축기,1
11000,노유자시설,탁아실,1
17000,공장,천연및,1
20000,자동차관련시설,보건소,1
18000,창고시설,세척실,1
01000,단독주택,직권표시변경,1
01000,단독주택,다세대주택은,1
09000,의료시설,병원부속창고,1
01000,단독주택,부속찜질방,1
03000,제1종근린생활시설,자활센터,1
10000,교육연구시설,소사실,1
13000,운동시설,강당창고,1
04000,제2종근린생활시설,고입시계학원,1
Z3000,근린생활시설,임시숙소,1
17000,공장,제품포장조정실,1
10000,교육연구시설,모듈러교실,1
Z8000,교육연구및복지시설,교실및숙직실,1
18000,창고시설,방창고,1
03000,제1종근린생활시설,교육연구시설및,1
13000,운동시설,실내도장,1
Z5000,문화및집회시설,휴계소,1
03000,제1종근린생활시설,자동차정비소,1
17000,공장,식품가공제조,1
03000,제1종근린생활시설,냉장냉동창고,1
04000,제2종근린생활시설,제1종근린생황시설,1
04000,제2종근린생활시설,상가정화조관리층,1
11000,노유자시설,정신박아자수용시설,1
04000,제2종근린생활시설,사무실연쇄점,1
01000,단독주택,유자시설,1
22000,분뇨.쓰레기처리시설,1차오니펌프실,1
03000,제1종근린생활시설,2종근링생활시설,1
17000,공장,제과작업장,1
03000,제1종근린생활시설,사진점,1
26000,묘지관련시설,조경묘,1
04000,제2종근린생활시설,보일러및화장실,1
17000,공장,배합실창고,1
17000,공장,하이프로실숙성조,1
22000,분뇨.쓰레기처리시설,소각물보관소,1
22000,분뇨.쓰레기처리시설,공익,1
06000,종교시설,종교집회장및단독주택,1
01000,단독주택,소매점및다가구,1
06000,종교시설,포제단,1
03000,제1종근린생활시설,입시계사설강습소,1
04000,제2종근린생활시설,공용면적,1
04000,제2종근린생활시설,주택및근린생활시설및업무시설,1
04000,제2종근린생활시설,아스콘제조관련시설,1
17000,공장,생산업,1
03000,제1종근린생활시설,위험물저장및까스처리,1
04000,제2종근린생활시설,패들링장,1
14000,업무시설,호텔부대시설,1
04000,제2종근린생활시설,체험학습장,1
04000,제2종근린생활시설,문화재관리용건축물,1
06000,종교시설,문화시설및집회관람,1
20000,자동차관련시설,차량정비주차장,1
05000,문화및집회시설,수릉,1
09000,의료시설,아동병원,1
04000,제2종근린생활시설,스크랩계량실,1
13000,운동시설,기타부대시설,1
Z8000,교육연구및복지시설,택,1
04000,제2종근린생활시설,사무실및비료창고,1
04000,제2종근린생활시설,식품가공업소,1
03000,제1종근린생활시설,중대본부숙직실,1
04000,제2종근린생활시설,금선대,1
04000,제2종근린생활시설,및2종근린생활시설,1
10000,교육연구시설,테니스관리1,1
04000,제2종근린생활시설,난계사,1
04000,제2종근린생활시설,예비군사무실,1
04000,제2종근린생활시설,단독주택및작업장,1
17000,공장,25231,1
06000,종교시설,문화및집회시설및교육연구및복지시설,1
04000,제2종근린생활시설,근생및종교집회장,1
21000,동물및식물관련시설,계류,1
04000,제2종근린생활시설,장제소,1
04000,제2종근린생활시설,부동산사무실,1
06000,종교시설,주택및부속사,1
04000,제2종근린생활시설,숙직실및휴게실,1
04000,제2종근린생활시설,석산관리사,1
04000,제2종근린생활시설,제2종근린생활시설및업무시설,1
17000,공장,곡물정제조업,1
05000,문화및집회시설,청소년수련시설,1
06000,종교시설,사주문,1
06000,종교시설,1전시관,1
18000,창고시설,냉동창고농수산물,1
04000,제2종근린생활시설,서벽정,1
17000,공장,기타가곡물제조업,1
04000,제2종근린생활시설,봉강서원,1
04000,제2종근린생활시설,근린공공외,1
01000,단독주택,점포및방,1
17000,공장,폐오일,1
19000,위험물저장및처리시설,케노파,1
05000,문화및집회시설,경기전서제,1
11000,노유자시설,무인경비통제실,1
02000,공동주택,602대형,1
24000,방송통신시설,경비실및당직실,1
04000,제2종근린생활시설,농기구수리센터및작업장,1
06000,종교시설,동조사,1
04000,제2종근린생활시설,학원및사무소,1
01000,단독주택,22종근린생활시설,1
03000,제1종근린생활시설,장애인용화장실,1
Z9000,공공용시설,전화국,1
04000,제2종근린생활시설,쌍청당,1
06000,종교시설,교육연구시설문화및집회시설,1
04000,제2종근린생활시설,식당및변소,1
02000,공동주택,우편,1
04000,제2종근린생활시설,주류제조장,1
17000,공장,bped,1
05000,문화및집회시설,전사장,1
17000,공장,천연조미제품제조업,1
04000,제2종근린생활시설,해태검사장,1
12100,생활권수련시설,자연권수련시설,1
04000,제2종근린생활시설,발효식품제조업소,1
27000,관광휴게시설,관람장,1
04000,제2종근린생활시설,축양장관리실,1
04000,제2종근린생활시설,낚시터관리사무실,1
04000,제2종근린생활시설,공덕비,1
,,증산역,1
14000,업무시설,및오피스텔,1
04000,제2종근린생활시설,농기계마을간이수리소,1
04000,제2종근린생활시설,보행자출입구,1
04000,제2종근린생활시설,제1장근린생활시설,1
04000,제2종근린생활시설,공장및자동차관련시설,1
01000,단독주택,가스용기저장소,1
17000,공장,1제강,1
14000,업무시설,본청,1
04000,제2종근린생활시설,창고및수리점,1
17000,공장,질소실린더,1
04000,제2종근린생활시설,종업원연수실,1
20000,자동차관련시설,방송통신실,1
02000,공동주택,촬영소,1
26000,묘지관련시설,참배안내소,1
03000,제1종근린생활시설,리프트,1
04000,제2종근린생활시설,식품가공처리공장,1
05000,문화및집회시설,인테리어,1
10000,교육연구시설,쓰레기처리시설,1
23000,교정및군사시설,고정식시동장비실,1
21000,동물및식물관련시설,97,1
Z3000,근린생활시설,위험물취급,1
04000,제2종근린생활시설,종합실험실및사무실,1
08000,운수시설,가공장,1
08000,운수시설,입출고용역대기실,1
01000,단독주택,농어촌창고,1
23000,교정및군사시설,주유소,1
23000,교정및군사시설,교사,1
17000,공장,처리동,1
11000,노유자시설,부속건물,1
18000,창고시설,농약및영농자재보관,1
17000,공장,노동조합,1
23000,교정및군사시설,직장보육시설,1
03000,제1종근린생활시설,생외1용도,1
14000,업무시설,74호,1
25000,발전시설,2보일러실,1
17000,공장,slurry,1
17000,공장,전용,1
17000,공장,lpg보관창고,1
17000,공장,공장생산실,1
16000,위락시설,2종근린생화리설,1
17000,공장,소화창고,1
03000,제1종근린생활시설,자동차부속상,1
04000,제2종근린생활시설,홍아원,1
17000,공장,단층일반공장,1
10000,교육연구시설,고학년동,1
04000,제2종근린생활시설,농업법인사무소,1
14000,업무시설,노인정,1
01000,단독주택,메주저장실,1
21000,동물및식물관련시설,문화,1
17000,공장,의약품,1
02000,공동주택,345대,1
27000,관광휴게시설,문화및,1
01000,단독주택,장수식당,1
01000,단독주택,제실겸주택,1
21000,동물및식물관련시설,무허가추인,1
22000,분뇨.쓰레기처리시설,제2종근린생활시설외2,1
27000,관광휴게시설,휴게소부속건물,1
17000,공장,시약샘플보관실,1
11000,노유자시설,봉리경로당,1
20000,자동차관련시설,소방용차고,1
22000,분뇨.쓰레기처리시설,분뇨처리부속,1
22000,분뇨.쓰레기처리시설,오수처리시설관리실,1
03000,제1종근린생활시설,슈퍼휴게실,1
20000,자동차관련시설,자동차경정비실,1
Z8000,교육연구및복지시설,생물실,1
14000,업무시설,오피스텔224호,1
20000,자동차관련시설,자가차고,1
22000,분뇨.쓰레기처리시설,주유소,1
20000,자동차관련시설,미술관,1
17000,공장,동력판넬,1
17000,공장,가죽및가죽대용제품제조업,1
03000,제1종근린생활시설,유기장및,1
22000,분뇨.쓰레기처리시설,위험물저장시설,1
04000,제2종근린생활시설,건조포장실,1
18000,창고시설,유지창고,1
03000,제1종근린생활시설,무인기지,1
01000,단독주택,b세대,1
04000,제2종근린생활시설,수산물보관창고및가공실,1
19000,위험물저장및처리시설,액화석유및고압가스,1
17000,공장,드라이케미컬쉘터,1
02000,공동주택,53호,1
03000,제1종근린생활시설,구청사,1
22000,분뇨.쓰레기처리시설,수전설비동,1
17000,공장,폐재반,1
20000,자동차관련시설,하체장,1
01000,단독주택,재배실,1
14000,업무시설,직원식당,1
04000,제2종근린생활시설,민원실,1
04000,제2종근린생활시설,제1종근린생활싯설,1
02000,공동주택,교육아카데미,1
03000,제1종근린생활시설,다목적관,1
02000,공동주택,키즈라이브러리,1
03000,제1종근린생활시설,구급차고,1
01000,단독주택,소개업소,1
19000,위험물저장및처리시설,석유창고,1
17000,공장,관리동용,1
04000,제2종근린생활시설,제조창,1
10000,교육연구시설,농기계차량정비고,1
04000,제2종근린생활시설,제작소,1
01000,단독주택,기존건물,1
06000,종교시설,극락보전,1
17000,공장,콘크라샤,1
02000,공동주택,저기실,1
02000,공동주택,213대형,1
23000,교정및군사시설,뒤,1
02000,공동주택,중앙공급시설,1
02000,공동주택,생시설및공동주택,1
02000,공동주택,진입층코아,1
02000,공동주택,외부공용elev,1
02000,공동주택,단기임대주택,1
02000,공동주택,지역병원연계,1
03000,제1종근린생활시설,단체회의실,1
18000,창고시설,분뇨폐기물,1
10000,교육연구시설,제3본관,1
21000,동물및식물관련시설,양견장,1
03000,제1종근린생활시설,장수사랑방,1
31000,야영장시설,전실,1
01000,단독주택,홉바,1
26000,묘지관련시설,쓰레기소각장,1
02000,공동주택,2종근린생활시설판매시설,1
23000,교정및군사시설,근생소매점,1
20000,자동차관련시설,다세대주택,1
Z3000,근린생활시설,청소년게임제공업소,1
17000,공장,인버터방식배전반,1
19000,위험물저장및처리시설,전표캐노피,1
01000,단독주택,지서사택,1
04000,제2종근린생활시설,농약판매장,1
15000,숙박시설,12실,1
17000,공장,김치제조업,1
04000,제2종근린생활시설,자동차부분정비,1
17000,공장,우유처리공장,1
10000,교육연구시설,대피시설,1
26000,묘지관련시설,묘포관리사무실,1
17000,공장,공정창고,1
05000,문화및집회시설,휘릉,1
01000,단독주택,2부지,1
18000,창고시설,08,1
14000,업무시설,사,1
17000,공장,배전반및자동제어제조,1
17000,공장,제2고로,1
13000,운동시설,연습소,1
23000,교정및군사시설,청락작업장,1
03000,제1종근린생활시설,임협매장,1
23000,교정및군사시설,시제품보관창고,1
14000,업무시설,오피스텔128실,1
15102,여관,여관,1
03000,제1종근린생활시설,통일공원,1
20000,자동차관련시설,어린이놀이터,1
17000,공장,분석기실6,1
17000,공장,2철근lng정압기실,1
20000,자동차관련시설,이동식,1
18000,창고시설,건조기및,1
25000,발전시설,통합보관고,1
17000,공장,달리분류되지않는제1차플라스틱제조업,1
01000,단독주택,교회원강당,1
04000,제2종근린생활시설,농수축산물복합산지가공처리장,1
04000,제2종근린생활시설,목공예가내수공업공장,1
04000,제2종근린생활시설,기와제조,1
03000,제1종근린생활시설,건축자재전시장,1
06000,종교시설,남화장실,1
04000,제2종근린생활시설,마을공동농산물제조시설,1
JY,,숙박시설,1
03000,제1종근린생활시설,넙도출장소,1
06000,종교시설,제가,1
06000,종교시설,불서보급소,1
17000,공장,공장건조실,1
04000,제2종근린생활시설,차귀실,1
04000,제2종근린생활시설,부공산중개사무소,1
04000,제2종근린생활시설,토모피처리장,1
06000,종교시설,성당사제관,1
04000,제2종근린생활시설,주유소시설,1
10000,교육연구시설,수배전실,1
04000,제2종근린생활시설,농촌지도소의당면상담소,1
25000,발전시설,환경오염저감처리실,1
04000,제2종근린생활시설,육상운수유지서비스업,1
17000,공장,c2502a,1
04000,제2종근린생활시설,창고시설및근린생활시설,1
21000,동물및식물관련시설,축사건물및,1
10000,교육연구시설,핏트실,1
03000,제1종근린생활시설,농공회관,1
19000,위험물저장및처리시설,유독물저장,1
04000,제2종근린생활시설,선박관련시설,1
17000,공장,분쇄기실,1
24000,방송통신시설,치과의원,1
01000,단독주택,단독단독주택,1
04000,제2종근린생활시설,농기계수리창고,1
01000,단독주택,정주권주택개량,1
05000,문화및집회시설,매화랑,1
04000,제2종근린생활시설,정비동,1
03000,제1종근린생활시설,근로자휴게소,1
04000,제2종근린생활시설,민생초소,1
21000,동물및식물관련시설,농수산업용,1
05000,문화및집회시설,가동,1
04000,제2종근린생활시설,근린생활외1용도,1
10000,교육연구시설,유치원주방,1
18000,창고시설,구소방대,1
04000,제2종근린생활시설,주택및양조장,1
21000,동물및식물관련시설,흙염소사육장,1
04000,제2종근린생활시설,실내배드민턴장,1
04000,제2종근린생활시설,제2종근린생환시설,1
04000,제2종근린생활시설,단독주택및제1종근린생활시설,1
02000,공동주택,아파트및소매점,1
04000,제2종근린생활시설,종교수련원,1
11000,노유자시설,엠디에프실,1
04000,제2종근린생활시설,근린생활시설및입주자회의실,1
03000,제1종근린생활시설,휄스크럽,1
03000,제1종근린생활시설,보울링장,1
03000,제1종근린생활시설,배수지창고,1
20000,자동차관련시설,위험물저정소,1
04000,제2종근린생활시설,체력단령장,1
06000,종교시설,교회및변소,1
03000,제1종근린생활시설,가로차차고,1
21000,동물및식물관련시설,착유길,1
06000,종교시설,사당및기념관,1
02000,공동주택,룸,1
04000,제2종근린생활시설,사무실및노인정,1
04000,제2종근린생활시설,원흥교회,1
04000,제2종근린생활시설,구내휴게실,1
04000,제2종근린생활시설,컴퓨터및주변기기제조업,1
10000,교육연구시설,기재창고,1
04000,제2종근린생활시설,치킨센타,1
02000,공동주택,주민지원,1
04000,제2종근린생활시설,문칸,1
Z3000,근린생활시설,국악연수원,1
10000,교육연구시설,교육설,1
11000,노유자시설,가정복지파견센터,1
25000,발전시설,서비스가스창고,1
04000,제2종근린생활시설,버섯재배장,1
17000,공장,염장품제조업,1
04000,제2종근린생활시설,3지구,1
02000,공동주택,가스집결소,1
04000,제2종근린생활시설,꿩만두제조공장,1
03000,제1종근린생활시설,제2종근린생활시설린생활시설,1
31000,야영장시설,전기실,1
03000,제1종근린생활시설,약국소매점,1
04000,제2종근린생활시설,어구전포,1
06000,종교시설,송정,1
03000,제1종근린생활시설,제2종근근린생활시설,1
17000,공장,co가스압축기실,1
04000,제2종근린생활시설,제2종근린생활시설및병원,1
04000,제2종근린생활시설,황토벽돌제조업소,1
04000,제2종근린생활시설,운사채,1
04000,제2종근린생활시설,차량관제소,1
06000,종교시설,싸일로,1
03000,제1종근린생활시설,단독주낵,1
04000,제2종근린생활시설,기거용,1
03000,제1종근린생활시설,감자,1
06000,종교시설,문화및집회시설교회,1
04000,제2종근린생활시설,워험물저장및,1
04000,제2종근린생활시설,제조장및단독주택,1
04000,제2종근린생활시설,근림생화시설,1
04000,제2종근린생활시설,철물관련제조공장,1
03000,제1종근린생활시설,다세대주택및점포,1
17000,공장,가구목재생산업,1
04000,제2종근린생활시설,실험연구실,1
04000,제2종근린생활시설,카트정비창고,1
01000,단독주택,토굴,1
04000,제2종근린생활시설,식품가공제조시설,1
17000,공장,된장공장,1
04000,제2종근린생활시설,유자가공제조업,1
04000,제2종근린생활시설,정아루,1
21000,동물및식물관련시설,양어장사육조,1
04000,제2종근린생활시설,휴식실,1
01000,단독주택,15평,1
10000,교육연구시설,30학급,1
04000,제2종근린생활시설,흙염소가공소,1
06000,종교시설,환수정,1
04000,제2종근린생활시설,교정및군사시설,1
04000,제2종근린생활시설,공동사업장,1
02000,공동주택,주민봉사시설,1
23000,교정및군사시설,물류창고,1
21000,동물및식물관련시설,0저장조31,1
04000,제2종근린생활시설,1종및제2종근린생활시설,1
06000,종교시설,조항당,1
27000,관광휴게시설,상황실,1
04000,제2종근린생활시설,봉안소,1
04000,제2종근린생활시설,근린생활시설및옥탑,1
04000,제2종근린생활시설,가내작업장,1
04000,제2종근린생활시설,관련품,1
04000,제2종근린생활시설,공사사무소,1
02000,공동주택,기계실관련,1
18000,창고시설,도라지저온창고,1
06000,종교시설,문호및집회시설,1
17000,공장,약품주입장치,1
17000,공장,탈취기실,1
04000,제2종근린생활시설,목조가구제조업,1
04000,제2종근린생활시설,영업용및교육연구시설및근린생활시설,1
22000,분뇨.쓰레기처리시설,오폐수처리장관리실,1
06000,종교시설,복자성당,1
04000,제2종근린생활시설,판고,1
20000,자동차관련시설,매매사무소,1
04000,제2종근린생활시설,사무소및휴게소,1
04000,제2종근린생활시설,운수노조사무실,1
04000,제2종근린생활시설,자동차부분정비수리점,1
10000,교육연구시설,실습실2,1
03000,제1종근린생활시설,야음동,1
06000,종교시설,운산정,1
04000,제2종근린생활시설,4경비실,1
27000,관광휴게시설,튜브창고,1
04000,제2종근린생활시설,모악산관리사무소,1
04000,제2종근린생활시설,제2종근린생활시설외주택용도,1
04000,제2종근린생활시설,주택및교회시설,1
03000,제1종근린생활시설,가정탁아소,1
04000,제2종근린생활시설,산호가공센타,1
17000,공장,수축열저수조,1
01000,단독주택,목장,1
13000,운동시설,장비저장고,1
22000,분뇨.쓰레기처리시설,계근대,1
Z5000,문화및집회시설,문화재전수관,1
20000,자동차관련시설,운반구수리소,1
03000,제1종근린생활시설,폐기물집하장,1
Z8000,교육연구및복지시설,농대실험실동,1
13000,운동시설,교육,1
13000,운동시설,교실,1
17000,공장,건조사장,1
06000,종교시설,원불교교당,1
18000,창고시설,사료창고및저온창고,1
01000,단독주택,예배당,1
17000,공장,소화물탱크실,1
17000,공장,교양시설,1
Z8000,교육연구및복지시설,교육시설및복지시설,1
18000,창고시설,농산물제1차가공처리시설,1
03000,제1종근린생활시설,요정,1
27000,관광휴게시설,사라봉팔각정,1
21000,동물및식물관련시설,종모돈사,1
02000,공동주택,우수저류조중간점검층,1
13000,운동시설,소토예지물창고,1
18000,창고시설,턴넬,1
09000,의료시설,기타병원,1
09000,의료시설,철골주차장,1
03000,제1종근린생활시설,탁주,1
Z8000,교육연구및복지시설,사격장,1
18000,창고시설,왕겨퇴비장,1
13000,운동시설,운동시설및소매점및단독주택,1
02000,공동주택,도시형생활생확주택,1
05000,문화및집회시설,신도숙소,1
17000,공장,공장부속식당,1
08000,운수시설,국내선여객터미널출구캐노피,1
04000,제2종근린생활시설,수산물제조작업장,1
13000,운동시설,실외화장실,1
01000,단독주택,98년주택개량,1
Z8000,교육연구및복지시설,인문대교수연구동,1
19000,위험물저장및처리시설,g저장창고,1
08000,운수시설,하역장,1
04000,제2종근린생활시설,요식가구,1
27000,관광휴게시설,홍보관,1
08000,운수시설,정비,1
06000,종교시설,주방및식당,1
17000,공장,트링커싸이로,1
27000,관광휴게시설,공중전화실,1
10000,교육연구시설,13호동,1
01000,단독주택,현장대기소,1
15000,숙박시설,무선기지국,1
01000,단독주택,헛간대문,1
,,리프트기계실5동,1
18000,창고시설,저온창고및선별장,1
09000,의료시설,모자원,1
17000,공장,고구마가공공장,1
17000,공장,대표실,1
19000,위험물저장및처리시설,위험물처리보관실,1
22000,분뇨.쓰레기처리시설,톱밥발효실,1
01000,단독주택,60년대,1
01000,단독주택,원롬,1
18000,창고시설,소각로공장,1
17000,공장,bp2호기,1
27000,관광휴게시설,홍지문,1
11000,노유자시설,공원관리사무소,1
21000,동물및식물관련시설,내수면양어장,1
18000,창고시설,수납사,1
21000,동물및식물관련시설,농산물공동집하장,1
18000,창고시설,사료저온고및작업장,1
18000,창고시설,장제차고및창고,1
21000,동물및식물관련시설,유기자연농업식예냉시설,1
18000,창고시설,자재보관소,1
01000,단독주택,농작물건조동,1
18000,창고시설,해양경찰대,1
18000,창고시설,콩선별창고,1
21000,동물및식물관련시설,축산분료퇴비장,1
14000,업무시설,매장,1
05000,문화및집회시설,차량정비소,1
03000,제1종근린생활시설,고속도로요금징수소,1
18000,창고시설,에쉬처리장,1
01000,단독주택,근생및주택2가구,1
01000,단독주택,단독주택및숙박시설,1
21000,동물및식물관련시설,어선신고서,1
21000,동물및식물관련시설,원예연구회회관,1
01000,단독주택,사택2호동,1
01000,단독주택,주택및근린생활시설및보일러실,1
18000,창고시설,일반창고및저온창고,1
18000,창고시설,농산물건조기실,1
21000,동물및식물관련시설,누에사육장,1
18000,창고시설,항공기창고,1
02000,공동주택,지하휀룸,1
18000,창고시설,농업용건조창고,1
30000,자원순환관련시설,일반쓰레기,1
18000,창고시설,감자저장장고,1
17000,공장,작업장및방,1
18000,창고시설,해태종합건조장,1
,,개폐,1
,,접속장,1
03000,제1종근린생활시설,수영장매점,1
18000,창고시설,건초저장고,1
18000,창고시설,창고시설및제1종근생근린생활시설,1
01000,단독주택,주택및제1종근생,1
01000,단독주택,주택및미용원,1
18000,창고시설,사과보온저장창고,1
18000,창고시설,기재신청,1
18000,창고시설,농가보관창고,1
17000,공장,대형ru,1
01000,단독주택,근린생화시설및단독주택,1
18000,창고시설,밤저온창고,1
01000,단독주택,노인시설,1
01000,단독주택,다중주텍,1
21000,동물및식물관련시설,특산물관리사,1
10000,교육연구시설,비이,1
11000,노유자시설,노인복지회관외,1
03000,제1종근린생활시설,근로복지시설,1
05000,문화및집회시설,건원릉비각,1
18000,창고시설,잠수어건조실,1
04000,제2종근린생활시설,생외,1
04000,제2종근린생활시설,관린사,1
17000,공장,기계실e,1
18000,창고시설,저온창고및일반창고,1
02000,공동주택,전기시실,1
25000,발전시설,일반서비스,1
21000,동물및식물관련시설,화훼단지부속실,1
21000,동물및식물관련시설,동물관및련시설,1
04000,제2종근린생활시설,사출제조업,1
18000,창고시설,관사창고,1
21000,동물및식물관련시설,근린가축시설,1
18000,창고시설,농산물공동개량저장고,1
03000,제1종근린생활시설,봉천11동,1
18000,창고시설,농산물보관창고및주택,1
18000,창고시설,농어가시설,1
18000,창고시설,폐기물처리창고,1
18000,창고시설,골재보관창고,1
18000,창고시설,농가창고및선별장,1
21000,동물및식물관련시설,양어장용기계실,1
03000,제1종근린생활시설,무선통신실,1
17000,공장,사료분쇄공장,1
18000,창고시설,창고및후생복지시설,1
21000,동물및식물관련시설,양계단지농가교육장,1
17000,공장,가공목재생산업제조,1
18000,창고시설,축산물저장창고,1
03000,제1종근린생활시설,소독기자재실,1
03000,제1종근린생활시설,보육,1
18000,창고시설,가설창조,1
01000,단독주택,농가주택부속창고,1
01000,단독주택,농가주택및관리사,1
18000,창고시설,마을모정,1
12000,수련시설,편의점,1
18000,창고시설,생강저장시설,1
01000,단독주택,물놀이시설,1
21000,동물및식물관련시설,첨담종묘배양장,1
18000,창고시설,생약건조작업장,1
07000,판매시설,제2종근린생할시설,1
18000,창고시설,농산물창고및제2종근린생활시설,1
21000,동물및식물관련시설,축사ㅡ퇴비저장시설,1
21000,동물및식물관련시설,내수면개발시험장,1
18000,창고시설,잎담배공동저장고,1
05000,문화및집회시설,임산물판매장,1
04000,제2종근린생활시설,저온저장,1
01000,단독주택,승강장,1
01000,단독주택,경비동,1
18000,창고시설,창고및건조기,1
18000,창고시설,사무실및비료창고,1
18000,창고시설,골재저장고,1
18000,창고시설,신기마을공동농기계보관창고,1
08000,운수시설,1층통합막사,1
04000,제2종근린생활시설,프라스틱사출제조업,1
18000,창고시설,농작업장및휴게실,1
21000,동물및식물관련시설,소각기보관소,1
17000,공장,탈사시설,1
18000,창고시설,해상양식기자재보관창고,1
18000,창고시설,임산물저장건조시설,1
18000,창고시설,미곡종합처리장,1
21000,동물및식물관련시설,동물및식불관련시설,1
02000,공동주택,맘스앤키즈스테이션,1
10000,교육연구시설,디자인학원,1
18000,창고시설,용품창고,1
18000,창고시설,92무허가축사추인조치건,1
18000,창고시설,퇴비사및농기구창고,1
21000,동물및식물관련시설,육모건조장,1
10000,교육연구시설,서귀포시문예회관,1
11000,노유자시설,부랑인시설,1
18000,창고시설,짚사료창고,1
21000,동물및식물관련시설,원예사,1
04000,제2종근린생활시설,광업부수시설,1
17000,공장,유지화공및내화물창고,1
07000,판매시설,사장,1
14000,업무시설,헬스,1
18000,창고시설,농어업용창고시설,1
03000,제1종근린생활시설,물놀이형시설,1
04000,제2종근린생활시설,제공업소,1
18000,창고시설,공산품보관용창고,1
01000,단독주택,주택및행정연락소,1
21000,동물및식물관련시설,동식물관련시설및농기계창고,1
04000,제2종근린생활시설,기독교대한감리교회금파교회,1
01000,단독주택,부소사,1
21000,동물및식물관련시설,돈본장,1
01000,단독주택,휴계공간,1
18000,창고시설,농가용과수저온창고,1
10000,교육연구시설,중학교급식실,1
01000,단독주택,퇴사,1
21000,동물및식물관련시설,유기동물보호소,1
01000,단독주택,제2종근린생활시설외2용도,1
18000,창고시설,골재치장창고,1
18000,창고시설,창고및실험실,1
17000,공장,환경콤퓨레샤실,1
21000,동물및식물관련시설,사료창고주택,1
03000,제1종근린생활시설,관리과,1
01000,단독주택,운장각,1
01000,단독주택,다가구주택및사무실,1
30000,자원순환관련시설,처리실,1
21000,동물및식물관련시설,인공수정실,1
21000,동물및식물관련시설,축사5동,1
21000,동물및식물관련시설,차량용소독실,1
01000,단독주택,주택및공업사,1
18000,창고시설,농사용창고외1,1
01000,단독주택,화정실,1
18000,창고시설,폐품보관창고,1
01000,단독주택,단가주택,1
01000,단독주택,농산물보관창고및농가주택,1
18000,창고시설,96농촌주택및창고,1
18000,창고시설,기타사무실,1
01000,단독주택,2종근린시설및주택,1
18000,창고시설,창고및선별장,1
18000,창고시설,참다래집하장,1
18000,창고시설,용기창고,1
07000,판매시설,노래방,1
01000,단독주택,염부주택,1
18000,창고시설,수방창고시설,1
01000,단독주택,주택및생활근린시설,1
01000,단독주택,한식,1
01000,단독주택,분간,1
21000,동물및식물관련시설,돈시,1
21000,동물및식물관련시설,주거및동물관련시설,1
01000,단독주택,7제1종,1
JY,,자동차관련시설,1
04000,제2종근린생활시설,연회장,1
18000,창고시설,용산전기용품창고,1
03000,제1종근린생활시설,체험공간,1
01000,단독주택,제1종근린생활시설및다가구용단독주택,1
18000,창고시설,수산업자재창고,1
18000,창고시설,협동창고,1
17000,공장,명태건조장,1
21000,동물및식물관련시설,공용화장실,1
05000,문화및집회시설,일본체험장,1
01000,단독주택,주택및방앗간,1
10000,교육연구시설,훈련시설,1
21000,동물및식물관련시설,박물관,1
03000,제1종근린생활시설,재1종근린생활시설및,1
02000,공동주택,제2종근린생확시설,1
18000,창고시설,지열기계장비시설창고,1
18000,창고시설,냉동저온창고및일반창고,1
01000,단독주택,이육사생가,1
11000,노유자시설,어린이유희시설,1
02000,공동주택,관광숙발시설,1
18000,창고시설,부잠사및창고,1
01000,단독주택,99농가주택,1
01000,단독주택,농가창고및화장실,1
18000,창고시설,단독주택및제1종근린생활시설,1
18000,창고시설,임산물포장작업장,1
21000,동물및식물관련시설,우사용,1
21000,동물및식물관련시설,동물및식물관견시설,1
18000,창고시설,관리용창고,1
01000,단독주택,부럭,1
03000,제1종근린생활시설,원승두리,1
21000,동물및식물관련시설,실내조련장,1
17000,공장,기계발전실,1
01000,단독주택,사무실및차고,1
12000,수련시설,학원,1
07000,판매시설,관리계단실,1
21000,동물및식물관련시설,발효탱크실,1
01000,단독주택,주택및행랑,1
18000,창고시설,구축물,1
17000,공장,시료보관창고,1
01000,단독주택,연와즈,1
21000,동물및식물관련시설,마늘건가시설,1
17000,공장,가스실2,1
01000,단독주택,주택다가구3가구,1
04000,제2종근린생활시설,다중생활시설및사무소,1
03000,제1종근린생활시설,통계청사무소,1
21000,동물및식물관련시설,우형기,1
18000,창고시설,파종선별장,1
18000,창고시설,창고시설및관리사,1
18000,창고시설,자연건조덕장,1
18000,창고시설,사과집하장,1
01000,단독주택,주택축사,1
18000,창고시설,대인소독시설,1
Z3000,근린생활시설,2층,1
18000,창고시설,기계보관창고시설,1
21000,동물및식물관련시설,기계비가림시설,1
21000,동물및식물관련시설,샤워실및1차물품반입실,1
21000,동물및식물관련시설,실험동물사,1
01000,단독주택,안묘당,1
18000,창고시설,감건조시설,1
03000,제1종근린생활시설,맥주시음장,1
18000,창고시설,멸치젖갈저장고,1
18000,창고시설,농기계관리창고,1
01000,단독주택,축사및농가주택,1
18000,창고시설,폐기장,1
18000,창고시설,창고및건조사,1
04000,제2종근린생활시설,다가구2,1
11000,노유자시설,운동기구점,1
21000,동물및식물관련시설,톱밥우사및우분장,1
18000,창고시설,관광숙박시설,1
18000,창고시설,벼건조보관창고,1
04000,제2종근린생활시설,사무실및후생복리시설,1
06000,종교시설,단독주택외1,1
,,다동,1
04000,제2종근린생활시설,궁도장관리소,1
17000,공장,안경제조,1
06000,종교시설,식물관련시설,1
17000,공장,동위원소,1
04000,제2종근린생활시설,인삼제품업,1
06000,종교시설,세심당,1
09000,의료시설,일용품소매점,1
06000,종교시설,일반상업지역,1
17000,공장,특수자재창고,1
04000,제2종근린생활시설,상가및다세대주택,1
04000,제2종근린생활시설,토산품판매장및음식점,1
03000,제1종근린생활시설,콘크리트,1
18000,창고시설,일반식당,1
04000,제2종근린생활시설,기계수리실,1
04000,제2종근린생활시설,연탄건조장,1
01000,단독주택,디기구,1
17000,공장,사입실,1
17000,공장,scrap보관동,1
04000,제2종근린생활시설,상담소,1
04000,제2종근린생활시설,이관,1
04000,제2종근린생활시설,근생및창고시설,1
05000,문화및집회시설,뒷간,1
01000,단독주택,지히,1
02000,공동주택,데이케어,1
04000,제2종근린생활시설,제실대문,1
04000,제2종근린생활시설,항만관계사무실,1
04000,제2종근린생활시설,제2종근린생활및다가구주택,1
04000,제2종근린생활시설,설선당및종각,1
04000,제2종근린생활시설,비료보관창고,1
04000,제2종근린생활시설,창고시설및농산물가공처리시설,1
06000,종교시설,보현전,1
04000,제2종근린생활시설,경백사,1
04000,제2종근린생활시설,제1제2종근린생활시설,1
13000,운동시설,캐디숙소및식당,1
17000,공장,숙소및사무동,1
06000,종교시설,교회예배당,1
04000,제2종근린생활시설,휴게실식당,1
04000,제2종근린생활시설,농가용주택및근린생활시설,1
04000,제2종근린생활시설,꿀,1
19000,위험물저장및처리시설,201,1
17000,공장,신발재단,1
04000,제2종근린생활시설,어육식품,1
21000,동물및식물관련시설,94경쟁력재고대책사업,1
03000,제1종근린생활시설,처리실,1
07000,판매시설,상,1
04000,제2종근린생활시설,근린생활및다세대주택,1
17000,공장,301,1
04000,제2종근린생활시설,공장사전실,1
04000,제2종근린생활시설,엿제조업,1
22000,분뇨.쓰레기처리시설,마을하수,1
04000,제2종근린생활시설,생강저장고,1
04000,제2종근린생활시설,소분업,1
Z3000,근린생활시설,철문및관련제품제조업,1
17000,공장,처리업,1
03000,제1종근린생활시설,토산품점,1
27000,관광휴게시설,토산품판매점포,1
03000,제1종근린생활시설,경노당및점포,1
27000,관광휴게시설,공원관리사,1
17000,공장,사설강습소,1
17000,공장,29122,1
17000,공장,키른전기집진기실,1
04000,제2종근린생활시설,식당및당구장,1
01000,단독주택,관서,1
02000,공동주택,가정용유리제품,1
01000,단독주택,양곡보관창고,1
01000,단독주택,관리인,1
04000,제2종근린생활시설,작업장및사무실,1
24000,방송통신시설,창고3,1
27000,관광휴게시설,해수담수화시설,1
17000,공장,tb처리장,1
01000,단독주택,주택내수탄창고,1
17000,공장,a공장자재창고,1
04000,제2종근린생활시설,1종근린생활시설및,1
Z3000,근린생활시설,무도학원,1
09000,의료시설,용양한방병원,1
18000,창고시설,섬유원사,1
04000,제2종근린생활시설,슈퍼마,1
04000,제2종근린생활시설,간이휴게실,1
19000,위험물저장및처리시설,피뢰티,1
10000,교육연구시설,치,1
03000,제1종근린생활시설,효소사우나체험시설,1
01000,단독주택,평가건소가,1
27000,관광휴게시설,뱀사골산장,1
14000,업무시설,관용차량,1
14000,업무시설,공유오피스,1
14000,업무시설,우량관측소,1
03000,제1종근린생활시설,마회관,1
01000,단독주택,도시형,1
17000,공장,장비점검계단,1
14000,업무시설,농업협동조합사무실,1
12000,수련시설,숙소2동,1
14000,업무시설,골재분리고,1
06000,종교시설,사재관및강당,1
05000,문화및집회시설,동물시설,1
Z5000,문화및집회시설,식당및휴계실,1
14000,업무시설,콩정선장,1
17000,공장,해태가공,1
08000,운수시설,탈의실,1
04000,제2종근린생활시설,봉재공장,1
04000,제2종근린생활시설,해태건조장창고,1
11000,노유자시설,아동복지시설및유아원,1
14000,업무시설,차고동5,1
22000,분뇨.쓰레기처리시설,공,1
13000,운동시설,실외제육시설,1
03000,제1종근린생활시설,직석판매지조업,1
18000,창고시설,화실,1
17000,공장,mdf실,1
14000,업무시설,중수처리시설,1
04000,제2종근린생활시설,외6,1
17000,공장,사무실및제품창고,1
24000,방송통신시설,근린시설,1
17000,공장,154kw,1
,,축산분뇨교반시설,1
17000,공장,타이탄연직공장,1
04000,제2종근린생활시설,감귤묘수원관리사,1
17000,공장,가사대기실,1
05000,문화및집회시설,다목적,1
03000,제1종근린생활시설,합기도체육도장,1
17000,공장,부품교환실,1
18000,창고시설,창고및대중음식점,1
03000,제1종근린생활시설,단둑주택,1
10000,교육연구시설,인공위성,1
14000,업무시설,근린생활시설및업무시설및위락시설,1
19000,위험물저장및처리시설,polyol,1
14000,업무시설,55호,1
17000,공장,정비샵,1
05000,문화및집회시설,통신실,1
14000,업무시설,기계전송실,1
17000,공장,마른김,1
20000,자동차관련시설,제2종근린시설,1
03000,제1종근린생활시설,고층레이다측후소,1
01000,단독주택,제실및,1
17000,공장,항온실,1
04000,제2종근린생활시설,정비업,1
02000,공동주택,각동,1
10000,교육연구시설,오수처리시설,1
18000,창고시설,제2종근린생횔시설,1
14000,업무시설,개스창고,1
04000,제2종근린생활시설,여,1
14000,업무시설,레이다송신소,1
21000,동물및식물관련시설,직물공장,1
02000,공동주택,음식물쓰레기보관소,1
02000,공동주택,b동4세대,1
20000,자동차관련시설,용달화물,1
03000,제1종근린생활시설,운동시,1
04000,제2종근린생활시설,0100,1
03000,제1종근린생활시설,보이라및,1
Z3000,근린생활시설,일반주택,1
01000,단독주택,체능계강습소,1
17000,공장,착화탄,1
10000,교육연구시설,침실,1
16000,위락시설,3용도,1
14000,업무시설,매매장,1
04000,제2종근린생활시설,차류,1
18000,창고시설,멸치건조,1
04000,제2종근린생활시설,신성교회,1
10000,교육연구시설,소비조합,1
03000,제1종근린생활시설,근린생활및다가구용단독주택,1
17000,공장,4호집진기실,1
18000,창고시설,분뇨저장고,1
03000,제1종근린생활시설,현장사무실,1
19000,위험물저장및처리시설,위험물및저장및처리시설,1
01000,단독주택,추출가공업,1
08000,운수시설,장애자용승강기,1
06000,종교시설,문회,1
04000,제2종근린생활시설,용황당,1
19000,위험물저장및처리시설,위험물처리장및,1
17000,공장,그외기타프라스틱제품제조업,1
17000,공장,공원기숙사,1
14000,업무시설,지하저수조,1
01000,단독주택,다중3세대,1
03000,제1종근린생활시설,제2차,1
03000,제1종근린생활시설,알미늄샷시창호작업장,1
03000,제1종근린생활시설,심야전기보일러실,1
02000,공동주택,입주자회의실도서실,1
02000,공동주택,단지형다세15세대,1
03000,제1종근린생활시설,근린위락시설,1
01000,단독주택,2거구,1
01000,단독주택,2학년관,1
12000,수련시설,동물,1
12000,수련시설,식물관련시설,1
10000,교육연구시설,재건학교,1
21000,동물및식물관련시설,건축면적제외,1
01000,단독주택,94농촌,1
17000,공장,철재및관련제품제조업,1
17000,공장,스크린룸,1
05000,문화및집회시설,박람회종합상황실,1
06000,종교시설,본전동,1
07000,판매시설,홀및주택,1
,,2호동,1
14000,업무시설,업무시설및금융시설,1
17000,공장,부자재보관실,1
01000,단독주택,피부관리샵,1
22000,분뇨.쓰레기처리시설,폐수처리보호시설,1
12000,수련시설,휴계,1
02000,공동주택,공용취사장,1
01000,단독주택,일빈음식점,1
14000,업무시설,타워a,1
07000,판매시설,교육연구시설외,1
17000,공장,제어장비,1
17000,공장,vdu,1
02000,공동주택,주거서비스지원센터,1
11000,노유자시설,민방위창고,1
26000,묘지관련시설,부속시설,1
17000,공장,홍보실,1
,,경비초소,1
27000,관광휴게시설,무대,1
03000,제1종근린생활시설,통신무인기지국,1
Z6000,판매및영업시설,청소고,1
02000,공동주택,단지주출입구,1
02000,공동주택,소셜키친,1
27000,관광휴게시설,관람집회시설,1
04000,제2종근린생활시설,파고라1,1
06000,종교시설,종교업무시설,1
02000,공동주택,및생활편익시설,1
25000,발전시설,배수지,1
17000,공장,동식물용사료제조실,1
Z8000,교육연구및복지시설,유개놀이터,1
14000,업무시설,경사로,1
04000,제2종근린생활시설,도예방,1
21000,동물및식물관련시설,식품점,1
19000,위험물저장및처리시설,휘험물저장및처리시설,1
17000,공장,제1간이실험실,1
21000,동물및식물관련시설,관리용건물,1
02000,공동주택,582,1
20000,자동차관련시설,부설사무소,1
03000,제1종근린생활시설,복합건물,1
17000,공장,살균소독기및,1
03000,제1종근린생활시설,2종일반주거지역,1
01000,단독주택,도자기전시장,1
03000,제1종근린생활시설,생활시설외1용도,1
Z5000,문화및집회시설,난생산,1
06000,종교시설,영소루,1
04000,제2종근린생활시설,업무시설외5,1
04000,제2종근린생활시설,연초조리장,1
26000,묘지관련시설,준경묘재실,1
17000,공장,와이셔츠제조업,1
Z3000,근린생활시설,광,1
06000,종교시설,주차시설물,1
04000,제2종근린생활시설,근린생활시설근생및주택,1
01000,단독주택,제1종근린생활서설,1
04000,제2종근린생활시설,정당사무실,1
04000,제2종근린생활시설,농기계부품금형제작소,1
04000,제2종근린생활시설,요금징수사무실,1
18000,창고시설,농산물집하장및사무실,1
06000,종교시설,유물수장고,1
20000,자동차관련시설,middot,1
02000,공동주택,1704동,1
04000,제2종근린생활시설,민물고기연구소,1
21000,동물및식물관련시설,조적조,1
04000,제2종근린생활시설,1층공용복도,1
24000,방송통신시설,재활용,1
04000,제2종근린생활시설,게근대사무실,1
04000,제2종근린생활시설,잎담배건조장,1
06000,종교시설,영산정,1
01000,단독주택,양어시설,1
04000,제2종근린생활시설,교육연구및복지시설외1용도,1
03000,제1종근린생활시설,농산물포함,1
17000,공장,1조립공장,1
04000,제2종근린생활시설,관리및창고,1
04000,제2종근린생활시설,교육연구및복지시,1
04000,제2종근린생활시설,팬매및영업시설,1
06000,종교시설,평산사,1
04000,제2종근린생활시설,공동시설,1
06000,종교시설,기숙사및식당,1
04000,제2종근린생활시설,제2종근린행활시설및단독주택,1
03000,제1종근린생활시설,지서본관,1
04000,제2종근린생활시설,요사헤,1
13000,운동시설,야외,1
21000,동물및식물관련시설,돈사의,1
03000,제1종근린생활시설,피난안전구역,1
01000,단독주택,다가구3주택및근린생활시설,1
03000,제1종근린생활시설,수해예방용,1
04000,제2종근린생활시설,용산사,1
04000,제2종근린생활시설,원동교회교회사택,1
01000,단독주택,10가구주택,1
14000,업무시설,112호,1
04000,제2종근린생활시설,구판장사무실,1
04000,제2종근린생활시설,교육청청사,1
17000,공장,절임식품제조원,1
06000,종교시설,주차대기실,1
06000,종교시설,사천,1
03000,제1종근린생활시설,학문학원,1
02000,공동주택,다세대주택주택,1
04000,제2종근린생활시설,토란가공시설,1
04000,제2종근린생활시설,근린생활시설및창고외1,1
04000,제2종근린생활시설,교회및숙사,1
04000,제2종근린생활시설,도자기제조업,1
14000,업무시설,전기발전기실,1
02000,공동주택,주차장코아,1
03000,제1종근린생활시설,농특산물직판장,1
10000,교육연구시설,재재소,1
04000,제2종근린생활시설,경운기작업수리장,1
02000,공동주택,릴렉스룸,1
18000,창고시설,휴게실및창고,1
04000,제2종근린생활시설,변소및화장실,1
04000,제2종근린생활시설,연립주택및제2종근린생활시설,1
06000,종교시설,강당문,1
04000,제2종근린생활시설,그린생화시설,1
04000,제2종근린생활시설,기계어구동,1
04000,제2종근린생활시설,창고관리사무실,1
18000,창고시설,중,1
04000,제2종근린생활시설,일반음식접,1
04000,제2종근린생활시설,다가구주택2,1
01000,단독주택,다가구용주택5가구,1
04000,제2종근린생활시설,사무실및다목적잠실,1
06000,종교시설,창고및다용도실,1
03000,제1종근린생활시설,주복도,1
04000,제2종근린생활시설,수도도장,1
04000,제2종근린생활시설,전승집선장치실,1
06000,종교시설,쓰레기분리수거장,1
04000,제2종근린생활시설,법당주택,1
04000,제2종근린생활시설,골재야적장,1
06000,종교시설,만세루,1
06000,종교시설,교회강의실,1
03000,제1종근린생활시설,근린생활지설,1
04000,제2종근린생활시설,사료가공공장,1
01000,단독주택,을류조선건주가,1
10000,교육연구시설,다목적특기체육실,1
06000,종교시설,2종근린생활,1
04000,제2종근린생활시설,요사체및법당,1
18000,창고시설,번사,1
04000,제2종근린생활시설,공장및사무실,1
06000,종교시설,브레디관,1
04000,제2종근린생활시설,근린생활시설및농업용창고,1
16000,위락시설,점포및사무실,1
04000,제2종근린생활시설,농기구수리장,1
04000,제2종근린생활시설,향토전,1
04000,제2종근린생활시설,신발제단물제조업,1
,,종교집회장,1
04000,제2종근린생활시설,지진관측,1
02000,공동주택,오픈리빙,1
04000,제2종근린생활시설,35실,1
03000,제1종근린생활시설,조각연구제조장,1
04000,제2종근린생활시설,국내농산물가공처리시설,1
01000,단독주택,주택4세대,1
06000,종교시설,수녀원기숙사,1
04000,제2종근린생활시설,대중음식점및독서실,1
04000,제2종근린생활시설,제2조근린생활,1
20000,자동차관련시설,신체검사장,1
03000,제1종근린생활시설,자재전시장,1
01000,단독주택,10세대주택,1
04000,제2종근린생활시설,제8기동대숙영시설,1
01000,단독주택,공회당,1
03000,제1종근린생활시설,슈퍼마겟,1
,,편조업,1
06000,종교시설,차고및창고,1
17000,공장,향료,1
06000,종교시설,대원사사적,1
18000,창고시설,포장자재,1
04000,제2종근린생활시설,금융업소및소매점,1
03000,제1종근린생활시설,새마을경로회관,1
04000,제2종근린생활시설,위생매립장,1
,,a동주택,1
17000,공장,사설학원,1
21000,동물및식물관련시설,재배,1
17000,공장,광학요소제조,1
18000,창고시설,황성기계화영농단,1
18000,창고시설,미화원대기실,1
04000,제2종근린생활시설,점포및이발소,1
18000,창고시설,농기계관리사,1
01000,단독주택,주택및물탱크실,1
21000,동물및식물관련시설,우사건조장,1
03000,제1종근린생활시설,아동숙사,1
03000,제1종근린생활시설,자동차부품판매점,1
01000,단독주택,다가구주택및근생활시설,1
01000,단독주택,근린생활시설및및단독주택,1
18000,창고시설,농업용창고및관리실,1
21000,동물및식물관련시설,동양란재배실,1
18000,창고시설,기와,1
18000,창고시설,여자화장실,1
21000,동물및식물관련시설,동물사육실,1
18000,창고시설,마을회창고,1
18000,창고시설,건설자재용창고,1
18000,창고시설,딸기묘저온저장고,1
18000,창고시설,농기구및농업창고,1
01000,단독주택,농가주택및상가,1
17000,공장,부속체육실,1
18000,창고시설,멸치보관및건조실,1
18000,창고시설,식품저장고,1
01000,단독주택,청암제일교회,1
01000,단독주택,변소및물치,1
18000,창고시설,파래건조장,1
18000,창고시설,농기계보관창고및건조실,1
01000,단독주택,철근콘크리트조및조적조,1
21000,동물및식물관련시설,우사및퇴적장,1
01000,단독주택,주거용건축물,1
18000,창고시설,계란저온창고,1
18000,창고시설,농수산물저온냉동창고,1
18000,창고시설,경영대창고,1
01000,단독주택,관사및사택,1
01000,단독주택,개인단독주택,1
01000,단독주택,근생시설및주택시설,1
01000,단독주택,위반건축물해제,1
01000,단독주택,일반음식점외1용도,1
30000,자원순환관련시설,관리사무실,1
20000,자동차관련시설,주차전용시설,1
21000,동물및식물관련시설,간이퇴비사,1
01000,단독주택,즉석판매가공시설,1
21000,동물및식물관련시설,동물관련식물시설,1
01000,단독주택,박씨제실,1
21000,동물및식물관련시설,조직배양묘증식온실,1
18000,창고시설,양파건조장,1
21000,동물및식물관련시설,동물및식물관련련시설,1
18000,창고시설,간이저온저장고및냉동고,1
01000,단독주택,2종근린생활및다가구주택,1
21000,동물및식물관련시설,동물및식물시설관련,1
01000,단독주택,동사,1
18000,창고시설,감귤선별창고,1
04000,제2종근린생활시설,장식탑,1
21000,동물및식물관련시설,살균발효실,1
18000,창고시설,농업인용저온저장창고,1
01000,단독주택,다가구주택5가구및1종근린생활시설소매점,1
Z3000,근린생활시설,판매업무,1
18000,창고시설,농산물보관창고및작업장,1
18000,창고시설,농가창고및건조장,1
21000,동물및식물관련시설,잠실표준설계도,1
23000,교정및군사시설,l,1
17000,공장,공드럼보관장,1
18000,창고시설,조성품창고,1
04000,제2종근린생활시설,농기계수리점및카센타,1
18000,창고시설,임장위탁영농회사,1
02000,공동주택,패밀리시네마,1
18000,창고시설,쓰레기재활용보관창고,1
18000,창고시설,농기계보관창고및주택,1
01000,단독주택,주택및노유자,1
21000,동물및식물관련시설,육상수조양식,1
02000,공동주택,임차인회의실,1
01000,단독주택,단독주택및즉석판매시설,1
21000,동물및식물관련시설,수장대,1
18000,창고시설,차량관제소,1
21000,동물및식물관련시설,학교,1
18000,창고시설,창고시설및화장실,1
01000,단독주택,주택및창고및퇴비사,1
01000,단독주택,농어가창고및농가주택,1
18000,창고시설,농업용창고및단독주택,1
17000,공장,냉동품제조공장,1
17000,공장,31,1
18000,창고시설,창고시설및저온창고,1
01000,단독주택,물탱크동,1
15000,숙박시설,기전실,1
03000,제1종근린생활시설,19세대,1
18000,창고시설,건가용창고,1
19000,위험물저장및처리시설,칠러,1
01000,단독주택,사찰및주택,1
01000,단독주택,주택및점포및도장,1
05000,문화및집회시설,역사관,1
18000,창고시설,저온창고및선과장,1
21000,동물및식물관련시설,축사및행랑,1
01000,단독주택,소규모주택,1
01000,단독주택,사관사물치,1
18000,창고시설,곡,1
18000,창고시설,상수도수원지기계실창고,1
21000,동물및식물관련시설,친환경검정온실,1
20000,자동차관련시설,차량경정비소,1
18000,창고시설,부속관리실,1
17000,공장,교보재실습장,1
06000,종교시설,신중전,1
18000,창고시설,단층물자창고,1
18000,창고시설,서울역구내창고,1
01000,단독주택,양성화,1
18000,창고시설,기타창고시설및저온창고,1
18000,창고시설,건견장,1
18000,창고시설,가구상품보관창고,1
18000,창고시설,어물처리장,1
04000,제2종근린생활시설,표준설계,1
15000,숙박시설,샤워및탈의실,1
21000,동물및식물관련시설,포사,1
JY,,분뇨및쓰레기처리시설,1
21000,동물및식물관련시설,이유자돈사1,1
18000,창고시설,농어가용저온저장고,1
01000,단독주택,주주택,1
18000,창고시설,식용란선별장,1
06000,종교시설,판매점,1
02000,공동주택,램프지붕,1
20000,자동차관련시설,교습생대기실,1
03000,제1종근린생활시설,건축자재도소매업,1
01000,단독주택,일용소매점및창고,1
21000,동물및식물관련시설,농가부속사,1
04000,제2종근린생활시설,재2종근생,1
27000,관광휴게시설,창고4,1
01000,단독주택,수해융자주택,1
02000,공동주택,146대,1
17000,공장,lift,1
01000,단독주택,95주거환경개선사업대상자,1
01000,단독주택,정비차고,1
17000,공장,현장분석실n05,1
04000,제2종근린생활시설,관련제품제조,1
17000,공장,유제원액공급실,1
19000,위험물저장및처리시설,가스정압실3,1
Z3000,근린생활시설,식품가공실,1
22000,분뇨.쓰레기처리시설,부속사무실,1
18000,창고시설,공원창고,1
04000,제2종근린생활시설,농산물가공판매장,1
27000,관광휴게시설,자연관광농원,1
20000,자동차관련시설,축전기제조업,1
08000,운수시설,검차대,1
01000,단독주택,진선우,1
04000,제2종근린생활시설,마을공동농기구,1
15000,숙박시설,지하광장,1
Z6000,판매및영업시설,사설강습소,1
02000,공동주택,제2종근린생,1
02000,공동주택,145대,1
04000,제2종근린생활시설,식품가공작업장,1
10000,교육연구시설,보존서고,1
30000,자원순환관련시설,침사야적창고,1
17000,공장,예비품보관창고,1
19000,위험물저장및처리시설,101102,1
18000,창고시설,임산물보관저장창고,1
,,일반목재가구제조,1
01000,단독주택,농어용창고,1
21000,동물및식물관련시설,폐기물저장소,1
27000,관광휴게시설,방문객센터,1
Z5000,문화및집회시설,납골당,1
17000,공장,공작기계전시장,1
10000,교육연구시설,음악교실,1
18000,창고시설,어류양식사료저장고,1
02000,공동주택,여독서실및기계,1
10000,교육연구시설,학군단사무실및창고,1
04000,제2종근린생활시설,제2종근린생활시설및종교집회장,1
04000,제2종근린생활시설,전자제품조립제조장,1
04000,제2종근린생활시설,제1동,1
21000,동물및식물관련시설,기타지붕,1
03000,제1종근린생활시설,농산물및도자기전시판매장,1
18000,창고시설,97정주생활권개발사업,1
01000,단독주택,제1종근린생활설,1
18000,창고시설,부대창고,1
30000,자원순환관련시설,자동크린넷시설,1
03000,제1종근린생활시설,상가관리소,1
02000,공동주택,1종근린생활시설및아파트,1
20000,자동차관련시설,과적차량단속시설물,1
18000,창고시설,수리시설,1
17000,공장,기축사,1
21000,동물및식물관련시설,휴게소,1
02000,공동주택,재활용품저장창고1,1
02000,공동주택,135세대,1
03000,제1종근린생활시설,감시,1
03000,제1종근린생활시설,경천대,1
17000,공장,소각로실,1
23000,교정및군사시설,운영창고,1
23000,교정및군사시설,경비4소대화장실,1
29000,장례시설,종교시설,1
10000,교육연구시설,구과학관,1
03000,제1종근린생활시설,전자계산,1
23000,교정및군사시설,그늘집2,1
01000,단독주택,법상,1
17000,공장,압출설비동,1
17000,공장,no1전기실,1
09000,의료시설,통신시설,1
27000,관광휴게시설,렌탈,1
Z5000,문화및집회시설,약국,1
04000,제2종근린생활시설,전자부품공장,1
19000,위험물저장및처리시설,가스보관창고및,1
17000,공장,4호고압변전실,1
02000,공동주택,방과후학습장,1
17000,공장,정비검사고,1
17000,공장,부대급식시설,1
12000,수련시설,전시판매장,1
03000,제1종근린생활시설,목욕탕주택이,1
17000,공장,급식센타,1
03000,제1종근린생활시설,조정조,1
17000,공장,프리믹싱전기실,1
10000,교육연구시설,궁도,1
17000,공장,혼화공실,1
04000,제2종근린생활시설,임대주택,1
17000,공장,셀공장,1
17000,공장,칠라하우스,1
17000,공장,동력공작실,1
20000,자동차관련시설,화장실및직원숙소,1
17000,공장,분배조,1
17000,공장,수직반송기,1
17000,공장,알카리처리실,1
17000,공장,농어촌특산단지시설,1
22000,분뇨.쓰레기처리시설,분뇨종말처리시설,1
17000,공장,엔진니어링센터,1
17000,공장,원효저장탱크실,1
02000,공동주택,단지형대세대주택,1
04000,제2종근린생활시설,관광농원관리동,1
03000,제1종근린생활시설,농기계수리시설,1
01000,단독주택,증축부분,1
17000,공장,토산품가내공업센타,1
17000,공장,완성차점검장,1
17000,공장,소방대사무실,1
17000,공장,수출방청장캐노피,1
17000,공장,차량대기실,1
03000,제1종근린생활시설,도정,1
17000,공장,벌크출하장,1
17000,공장,사원복지관,1
17000,공장,개인하수처리시설,1
16000,위락시설,점포및,1
17000,공장,소분공장,1
17000,공장,공업용수가압장,1
06000,종교시설,부설탁구장,1
17000,공장,경유탱크저장소,1
17000,공장,공장및복지시설,1
01000,단독주택,제2종근란생활시설,1
01000,단독주택,창고기타,1
17000,공장,산화공장,1
18000,창고시설,미곡건조,1
17000,공장,원료주입공장,1
03000,제1종근린생활시설,로컬푸드첼험장,1
01000,단독주택,주택에부속,1
17000,공장,공장용관리사무실,1
,,5가구,1
04000,제2종근린생활시설,노유자생활,1
17000,공장,축분저장동,1
03000,제1종근린생활시설,사도,1
17000,공장,외부크레인,1
17000,공장,포장공실,1
03000,제1종근린생활시설,비점오염저감시설,1
17000,공장,석탄야적장,1
17000,공장,n2공장,1
04000,제2종근린생활시설,인터넷검퓨터게임시설제공업소,1
21000,동물및식물관련시설,식물관련시설사,1
17000,공장,본관및비지니스센타,1
17000,공장,공장및매점,1
17000,공장,부자재창고캐노피,1
33000,"국방,군사시설",제2종근린생활시설,1
10000,교육연구시설,학습지원동,1
17000,공장,부설어린이집,1
10000,교육연구시설,공동실습실,1
01000,단독주택,창고54,1
17000,공장,36994,1
17000,공장,식품차량소독실,1
04000,제2종근린생활시설,일반음식전,1
17000,공장,쓰레기보관실,1
17000,공장,사감실,1
17000,공장,고가초소2,1
17000,공장,작업장및관리실,1
10000,교육연구시설,의약품도매점,1
10000,교육연구시설,교육시설연구시설,1
07000,판매시설,홀,1
20000,자동차관련시설,05,1
02000,공동주택,재활용품보관소c,1
18000,창고시설,트레라보관소,1
12000,수련시설,보안실,1
Z6000,판매및영업시설,부동산중개업,1
01000,단독주택,종교집하장,1
17000,공장,주행시험실,1
17000,공장,송입실,1
22000,분뇨.쓰레기처리시설,토양탈취상,1
17000,공장,골재홉퍼,1
17000,공장,폐기물수집소,1
17000,공장,상용자재서브장,1
17000,공장,윤할유저장고,1
17000,공장,변속기케이스2공장,1
17000,공장,견학사무동,1
17000,공장,증결탑,1
03000,제1종근린생활시설,점포및병원,1
19000,위험물저장및처리시설,유류탱크저장고,1
27000,관광휴게시설,정자동,1
17000,공장,헬륨저장소,1
17000,공장,기숙사정압기실,1
17000,공장,원료치장공장,1
14000,업무시설,176호,1
22000,분뇨.쓰레기처리시설,보관,1
17000,공장,검사장창고,1
18000,창고시설,외1ㅣ,1
17000,공장,용역업체사무실,1
17000,공장,금형관련제품및전자부품제조업,1
17000,공장,유틸실,1
17000,공장,차체죄종공장,1
17000,공장,응급실,1
17000,공장,태양광전기실,1
17000,공장,케로피,1
17000,공장,건설철물조립제조업,1
17000,공장,돌공장,1
03000,제1종근린생활시설,오수,1
17000,공장,제과장,1
17000,공장,수산물공장,1
17000,공장,분말창고,1
05000,문화및집회시설,경모제,1
,,근린생할시설,1
17000,공장,2건,1
17000,공장,숙박동,1
04000,제2종근린생활시설,식육제품제조,1
17000,공장,크링커선별기,1
17000,공장,석탄수송기계실,1
17000,공장,골재순환창고,1
17000,공장,액젓보관창고,1
17000,공장,전기실동1,1
17000,공장,오주개발화장실,1
17000,공장,3호키론쿨라변전실,1
17000,공장,수소가스실,1
17000,공장,염수,1
04000,제2종근린생활시설,근린생활시설및사설강습소,1
17000,공장,모래건조동,1
04000,제2종근린생활시설,기타아동관련시설,1
03000,제1종근린생활시설,처리서설,1
17000,공장,공장내후생복지시설,1
17000,공장,김치장,1
03000,제1종근린생활시설,주류판매점,1
17000,공장,곡물도장업,1
02000,공동주택,저수조동,1
26000,묘지관련시설,위패보관실,1
21000,동물및식물관련시설,육묘실,1
17000,공장,유휴자재보관소,1
05000,문화및집회시설,마분처리장,1
17000,공장,유기질비료퇴비저장실,1
17000,공장,산소탱크,1
17000,공장,철강제조업,1
17000,공장,아이스크림,1
01000,단독주택,창소시설,1
17000,공장,벌크하하장,1
05000,문화및집회시설,관리시설,1
17000,공장,유동층드라이어실,1
14000,업무시설,사무실및내무반,1
11000,노유자시설,경수당,1
17000,공장,기계저장소,1
17000,공장,측정소,1
17000,공장,유틸리티설비창고1,1
17000,공장,전기실및발전기실,1
21000,동물및식물관련시설,우양사,1
17000,공장,원유펌프실,1
18000,창고시설,수배전반,1
11000,노유자시설,주택6가구,1
10000,교육연구시설,조대관사,1
17000,공장,시멘트벽돌,1
22000,분뇨.쓰레기처리시설,방,1
03000,제1종근린생활시설,노래,1
08000,운수시설,역화장실,1
10000,교육연구시설,유기농체험장,1
17000,공장,자동차관련시설정비소,1
08000,운수시설,운수보완시설,1
10000,교육연구시설,오리사,1
01000,단독주택,90거택보호대상자,1
09000,의료시설,재활용품장,1
09000,의료시설,치료및작업요법실,1
08000,운수시설,여객선대기소,1
10000,교육연구시설,연구소폐수처리시설,1
24000,방송통신시설,집선장치실,1
24000,방송통신시설,전기통신공사사무실,1
17000,공장,브록제조업,1
01000,단독주택,19가구다가구주택용,1
17000,공장,컴프레샤룸2,1
24000,방송통신시설,전화건설국,1
Z3000,근린생활시설,우시장관리사무실,1
17000,공장,종교집회장,1
02000,공동주택,함께자람센터,1
01000,단독주택,다다구용,1
04000,제2종근린생활시설,서바이벌게임장,1
18000,창고시설,불가사리숙성창고,1
01000,단독주택,전시관,1
Z3000,근린생활시설,사무실및,1
02000,공동주택,학생복지주택,1
10000,교육연구시설,공대실습동,1
18000,창고시설,부대급식식당,1
Z3000,근린생활시설,근린생활1종,1
33000,"국방,군사시설",운전병숙소,1
10000,교육연구시설,그늘집,1
17000,공장,피니쉬밀,1
03000,제1종근린생활시설,2종근린공공시설,1
17000,공장,포장실등,1
Z3000,근린생활시설,기타근린생활시설,1
02000,공동주택,장애인쉼터,1
25000,발전시설,관람시설,1
18000,창고시설,양곡및농산물,1
02000,공동주택,커뮤니티a,1
01000,단독주택,금수정,1
10000,교육연구시설,임상연구동,1
17000,공장,epdm제품포장실,1
01000,단독주택,96농가주택개량사업대상자,1
17000,공장,인형장난감,1
03000,제1종근린생활시설,2종근린생활시설및창고시설,1
13000,운동시설,여자화장실,1
02000,공동주택,슈퍼,1
04000,제2종근린생활시설,치과기공소,1
24000,방송통신시설,무인전자국,1
12000,수련시설,예절실,1
17000,공장,차고및연결통로,1
11000,노유자시설,실습실,1
03000,제1종근린생활시설,요양소,1
04000,제2종근린생활시설,전자,1
04000,제2종근린생활시설,자동차관련세차장,1
05000,문화및집회시설,황토현전적지,1
03000,제1종근린생활시설,주거공간,1
10000,교육연구시설,직업교육지원센터,1
17000,공장,스크렙,1
01000,단독주택,생및다가구용,1
04000,제2종근린생활시설,생활폐기물보관시설,1
06000,종교시설,제2종근린생활시설시설,1
19000,위험물저장및처리시설,제조공장,1
03000,제1종근린생활시설,주유실,1
06000,종교시설,경주김씨,1
06000,종교시설,문관공파,1
02000,공동주택,놀이시설,1
17000,공장,가공실및창고,1
18000,창고시설,96솔미포도작목반,1
03000,제1종근린생활시설,위험물취급판매소,1
02000,공동주택,기계감사실,1
10000,교육연구시설,적재함보관소,1
05000,문화및집회시설,집진실,1
17000,공장,d실,1
10000,교육연구시설,가스정압기실,1
03000,제1종근린생활시설,및창고시설,1
17000,공장,봉제식,1
14000,업무시설,gx,1
20000,자동차관련시설,차고지및주기장,1
,,아파트외1,1
03000,제1종근린생활시설,금용업소,1
10000,교육연구시설,3종,1
12000,수련시설,차고,1
02000,공동주택,여자기숙사,1
17000,공장,다과점,1
17000,공장,도안및제도기구,1
,,고한역,1
17000,공장,퇴비,1
05000,문화및집회시설,미술전시관,1
10000,교육연구시설,관사4,1
19000,위험물저장및처리시설,기계실2,1
10000,교육연구시설,산업안전교육장,1
01000,단독주택,가족휴게실,1
27000,관광휴게시설,식당휴식처,1
02000,공동주택,마약견사,1
04000,제2종근린생활시설,보온창고,1
19000,위험물저장및처리시설,가스판매소및주택,1
07000,판매시설,주방기기,1
06000,종교시설,돈사,1
01000,단독주택,한함,1
19000,위험물저장및처리시설,캐노피주유소,1
22000,분뇨.쓰레기처리시설,자외선살균소독실,1
03000,제1종근린생활시설,단독주태,1
22000,분뇨.쓰레기처리시설,조류장,1
22000,분뇨.쓰레기처리시설,분뇨시설,1
22000,분뇨.쓰레기처리시설,오물유치소,1
20000,자동차관련시설,차고관리실,1
17000,공장,r실,1
02000,공동주택,근린샐할시설,1
22000,분뇨.쓰레기처리시설,합작물분리실,1
04000,제2종근린생활시설,샷시가공및제작업,1
21000,동물및식물관련시설,상수도,1
03000,제1종근린생활시설,저탄실,1
22000,분뇨.쓰레기처리시설,자원회수,1
22000,분뇨.쓰레기처리시설,합병정화시설,1
19000,위험물저장및처리시설,용매정량,1
22000,분뇨.쓰레기처리시설,오수장,1
22000,분뇨.쓰레기처리시설,폐기물재생처리시설,1
19000,위험물저장및처리시설,200공정,1
17000,공장,85003,1
18000,창고시설,pe,1
14000,업무시설,군청사,1
15000,숙박시설,숲속의집2,1
04000,제2종근린생활시설,세차장실,1
12000,수련시설,10동,1
22000,분뇨.쓰레기처리시설,쓰레기분료처리시설,1
03000,제1종근린생활시설,원호회관,1
04000,제2종근린생활시설,배전반및전기자동제어반,1
17000,공장,수면실,1
03000,제1종근린생활시설,d형,1
22000,분뇨.쓰레기처리시설,생슬러지펌프실,1
02000,공동주택,7404동,1
Z8000,교육연구및복지시설,양궁장,1
20000,자동차관련시설,자동차관련시설과근생,1
22000,분뇨.쓰레기처리시설,총인슬러지동,1
18000,창고시설,단독주책및,1
03000,제1종근린생활시설,유류탱크실,1
04000,제2종근린생활시설,혈여문,1
03000,제1종근린생활시설,지경터,1
03000,제1종근린생활시설,자동세차장,1
21000,동물및식물관련시설,소사료저장시설,1
10000,교육연구시설,대사실험실,1
19000,위험물저장및처리시설,2drum충유장,1
Z3000,근린생활시설,10가구,1
04000,제2종근린생활시설,작업복제조업,1
17000,공장,제2식당및,1
11000,노유자시설,입,1
18000,창고시설,농산물집하,1
18000,창고시설,유기질,1
20000,자동차관련시설,차고용,1
28000,가설건축물,창고시설,1
18000,창고시설,제1종근린생황시설,1
04000,제2종근린생활시설,수리점외2,1
04000,제2종근린생활시설,체육시설및,1
17000,공장,후배재장,1
04000,제2종근린생활시설,현장실습장,1
17000,공장,cl2창고,1
14000,업무시설,위험물처리,1
03000,제1종근린생활시설,수산물소매점,1
03000,제1종근린생활시설,고속도,1
02000,공동주택,58포함,1
03000,제1종근린생활시설,1종근린생활사설,1
17000,공장,산소공장comp실,1
20000,자동차관련시설,차량대기소,1
10000,교육연구시설,승마장,1
05000,문화및집회시설,아트센타,1
04000,제2종근린생활시설,중기임대사무실,1
18000,창고시설,97농기계보관창고보조사업,1
02000,공동주택,1710동,1
20000,자동차관련시설,대기오염,1
01000,단독주택,일종근린,1
20000,자동차관련시설,근린생활시설및자동차관련시설,1
04000,제2종근린생활시설,수렵장관리사,1
14000,업무시설,문화관,1
14000,업무시설,관제실,1
Z8000,교육연구및복지시설,종합실습장,1
20000,자동차관련시설,자동차관셜시설,1
20000,자동차관련시설,주차장및무선국,1
,,핏치야드,1
03000,제1종근린생활시설,민예품,1
Z8000,교육연구및복지시설,토목실험실,1
13000,운동시설,휴게실및창고,1
26000,묘지관련시설,조경묘전사청,1
17000,공장,화학탑,1
17000,공장,가공제조업,1
01000,단독주택,헛간차양,1
11000,노유자시설,마을부대시설,1
02000,공동주택,지하빗물관리시설,1
18000,창고시설,액황석유가스판매시설,1
04000,제2종근린생활시설,금융업소및사무소,1
18000,창고시설,횡계5리,1
10000,교육연구시설,그밖에이에준하는학교,1
17000,공장,세제제조,1
03000,제1종근린생활시설,시장화장실,1
03000,제1종근린생활시설,창고및회관,1
03000,제1종근린생활시설,다과홀,1
03000,제1종근린생활시설,취수시설,1
07000,판매시설,시정,1
04000,제2종근린생활시설,근린생활시설슈퍼마켓,1
04000,제2종근린생활시설,사무실및주방,1
03000,제1종근린생활시설,청년회의소,1
11000,노유자시설,재활용품창고,1
17000,공장,콤퓨레스실,1
17000,공장,젖갈공장,1
03000,제1종근린생활시설,예비군청사,1
03000,제1종근린생활시설,후생식당,1
11000,노유자시설,보모침실,1
10000,교육연구시설,교육연시설,1
03000,제1종근린생활시설,도로변휴게소,1
03000,제1종근린생활시설,회관겸창고,1
03000,제1종근린생활시설,근린생활시설및교육연구시설및주택,1
10000,교육연구시설,제품개발시험연구소,1
03000,제1종근린생활시설,청계가압장,1
03000,제1종근린생활시설,무대조형물,1
13000,운동시설,기타사무소,1
11000,노유자시설,경로당부지,1
03000,제1종근린생활시설,농수산물간이집하장,1
03000,제1종근린생활시설,제1종근린생활시설및교육연구시설,1
03000,제1종근린생활시설,부속실제5호,1
03000,제1종근린생활시설,근린공공시설마을회관,1
03000,제1종근린생활시설,이미용소,1
03000,제1종근린생활시설,위생,1
24000,방송통신시설,신문사,1
03000,제1종근린생활시설,산림초소,1
03000,제1종근린생활시설,제1종근린생활생활,1
04000,제2종근린생활시설,군농촌지도소구룡포지소,1
03000,제1종근린생활시설,제1종근린생왈시설,1
03000,제1종근린생활시설,창신제2동사무소,1
11000,노유자시설,노무자복지회관,1
14000,업무시설,일반게임제공업,1
04000,제2종근린생활시설,신신각,1
10000,교육연구시설,특별실동,1
03000,제1종근린생활시설,상검단마을회관,1
03000,제1종근린생활시설,마을경로회관및경로당,1
13000,운동시설,기계,1
03000,제1종근린생활시설,정문및경비실,1
03000,제1종근린생활시설,소방파출서,1
25000,발전시설,bridge,1
10000,교육연구시설,여학생기숙사,1
03000,제1종근린생활시설,교내식당,1
03000,제1종근린생활시설,임중리마을회관,1
12000,수련시설,신관,1
17000,공장,파레트저장소,1
,,급수원,1
02000,공동주택,111세대,1
03000,제1종근린생활시설,돌산대교관리초소,1
03000,제1종근린생활시설,내부연료고,1
03000,제1종근린생활시설,87하계절영업,1
11000,노유자시설,원서두마을경로회관,1
03000,제1종근린생활시설,측량보조창고,1
04000,제2종근린생활시설,전시창고,1
03000,제1종근린생활시설,주정지구경지정리사업현장사무실,1
19000,위험물저장및처리시설,액화석유저장,1
,,음식발효기,1
06000,종교시설,예능계학원,1
02000,공동주택,생및도시형생활주택10,1
03000,제1종근린생활시설,노인당및회관,1
03000,제1종근린생활시설,전기실및관리실,1
03000,제1종근린생활시설,공의진료소,1
03000,제1종근린생활시설,내손1동공동작업장,1
18000,창고시설,분뇨폐기물처리시설,1
03000,제1종근린생활시설,오토바이보관소,1
03000,제1종근린생활시설,장마파출소,1
Z9000,공공용시설,본청사,1
17000,공장,기사흡연장,1
33000,"국방,군사시설",제3분청,1
17000,공장,mex3,1
15100,일반숙박시설,판매시설,1
17000,공장,메이,1
03000,제1종근린생활시설,전통차판매장,1
09000,의료시설,교육,1
03000,제1종근린생활시설,내2리마을공동목욕탕,1
01000,단독주택,충전소,1
03000,제1종근린생활시설,남산파출소,1
03000,제1종근린생활시설,수산장,1
03000,제1종근린생활시설,군민체육관,1
,,열차검사,1
04000,제2종근린생활시설,평택시위생처리장,1
01000,단독주택,04,1
26000,묘지관련시설,팔각정,1
03000,제1종근린생활시설,전신전화무인중계소,1
03000,제1종근린생활시설,조합,1
17000,공장,질소산화물제거순환기,1
11000,노유자시설,욕장,1
03000,제1종근린생활시설,매수갑문조작실,1
03000,제1종근린생활시설,미아보조수원지취수장,1
02000,공동주택,외부승강기실,1
10000,교육연구시설,목공소,1
18000,창고시설,배밭관리사,1
17000,공장,쓰레기소각장,1
02000,공동주택,주민문화공간,1
02000,공동주택,발전실및펌트실,1
02000,공동주택,대학자치위원회,1
17000,공장,글로브박스,1
13000,운동시설,정비창고,1
02000,공동주택,공동주택기숙사,1
20000,자동차관련시설,정화조관리실등,1
10000,교육연구시설,천주교수녀회,1
02000,공동주택,얀립주택,1
04000,제2종근린생활시설,나,1
02000,공동주택,관람석2,1
30000,자원순환관련시설,열원설비동,1
17000,공장,mp,1
17000,공장,ta촉매준비실,1
30000,자원순환관련시설,오존산화설비,1
18000,창고시설,농기계정비창고,1
02000,공동주택,탑라이트4,1
02000,공동주택,커뮤니티공용홀,1
18000,창고시설,고속도로관리시설,1
02000,공동주택,남측경비실,1
02000,공동주택,무인택배시설,1
21000,동물및식물관련시설,토끼,1
02000,공동주택,도시형생활주택외2,1
02000,공동주택,육아공동나눔터,1
02000,공동주택,재화용품보관창고,1
02000,공동주택,소매점및,1
02000,공동주택,피트니스룸,1
02000,공동주택,어울림파빌리온,1
02000,공동주택,광주시주거복지센터,1
03000,제1종근린생활시설,잡화상,1
02000,공동주택,연립주택9가구,1
02000,공동주택,저류조2,1
14000,업무시설,사적254호,1
01000,단독주택,마을공동축사,1
06000,종교시설,화조당,1
02000,공동주택,패키지펌프,1
02000,공동주택,소매점및도시형생활주택,1
02000,공동주택,단독주택및창고,1
02000,공동주택,부속계단실1,1
17000,공장,유가공공장,1
33000,"국방,군사시설",발전실a,1
06000,종교시설,사육장,1
17000,공장,2fcc25,1
04000,제2종근린생활시설,잡화의류판매점,1
17000,공장,vcm1,1
Z3000,근린생활시설,8세대,1
03000,제1종근린생활시설,테라스,1
03000,제1종근린생활시설,소매점1종,1
01000,단독주택,적연와,1
01000,단독주택,지하대피소및,1
14000,업무시설,진개장,1
21000,동물및식물관련시설,집회장,1
02000,공동주택,계단운동시설,1
19000,위험물저장및처리시설,연료유보관소,1
06000,종교시설,충효시설,1
17000,공장,중계홉퍼,1
17000,공장,구동건물,1
04000,제2종근린생활시설,31201,1
Z8000,교육연구및복지시설,학생생활관,1
15000,숙박시설,일반목용탕,1
02000,공동주택,아트갤러리,1
21000,동물및식물관련시설,iㅊ식물관련시설,1
04000,제2종근린생활시설,여성복지회관,1
13000,운동시설,선수대기실7,1
11000,노유자시설,직업훈련소,1
05000,문화및집회시설,암자,1
02000,공동주택,516,1
01000,단독주택,사슴장휀스,1
Z5000,문화및집회시설,종교단체,1
Z5000,문화및집회시설,문화재전시,1
18000,창고시설,서울검사장,1
03000,제1종근린생활시설,대중음식정,1
14000,업무시설,모델하우스,1
03000,제1종근린생활시설,b시설,1
06000,종교시설,제각주택,1
04000,제2종근린생활시설,집하창고,1
Z8000,교육연구및복지시설,물치,1
05000,문화및집회시설,충열사,1
13000,운동시설,운동시설외1,1
Z8000,교육연구및복지시설,유류저장고,1
09000,의료시설,보건소,1
17000,공장,건조숙성실,1
13000,운동시설,그늘집8,1
02000,공동주택,연립주택및주차장,1
04000,제2종근린생활시설,가내공업,1
21000,동물및식물관련시설,공기계보관창고,1
04000,제2종근린생활시설,염소실,1
18000,창고시설,농업용냉동창고및저온저장고,1
18000,창고시설,수급조절용,1
10000,교육연구시설,상록복지회관,1
26000,묘지관련시설,부속화장실,1
30000,자원순환관련시설,운전자대기실,1
04000,제2종근린생활시설,제수준비실,1
08000,운수시설,차량반출입통제실,1
18000,창고시설,시험연구실,1
30000,자원순환관련시설,지원순환관련시설,1
18000,창고시설,새마을유아원,1
02000,공동주택,지하공용시설,1
15000,숙박시설,점포외1용도,1
02000,공동주택,다세대점포,1
11000,노유자시설,경로당회의실,1
04000,제2종근린생활시설,부속데크동,1
03000,제1종근린생활시설,건어물,1
02000,공동주택,정오연립3층건물,1
30000,자원순환관련시설,폐기물저장고,1
02000,공동주택,임대다세대주택,1
02000,공동주택,야외계단실,1
02000,공동주택,집수조관리층,1
02000,공동주택,아파트및제2종근린생활시설,1
02000,공동주택,용역원휴계실,1
02000,공동주택,106동지하층경비원휴게시설,1
02000,공동주택,지하1층코아,1
02000,공동주택,지하저수조기계실,1
02000,공동주택,음식물쓰레기창고,1
02000,공동주택,놀이마당,1
02000,공동주택,상가및노인정,1
02000,공동주택,의료시설제1,1
02000,공동주택,기숙사및강당,1
04000,제2종근린생활시설,주유소주택,1
19000,위험물저장및처리시설,식당및,1
02000,공동주택,가정어린이집,1
13000,운동시설,체력인증센터,1
17000,공장,단추제조,1
02000,공동주택,관리사무소1,1
10000,교육연구시설,복시시설,1
30000,자원순환관련시설,반류수저류조피라미드천창,1
02000,공동주택,여가활동센터,1
01000,단독주택,한전사무소,1
21000,동물및식물관련시설,축분저장창고,1
02000,공동주택,다목적주민행사공간,1
18000,창고시설,재활용수집보관창고,1
04000,제2종근린생활시설,소,1
01000,단독주택,부건1호,1
17000,공장,사무소및,1
30000,자원순환관련시설,슬러지보관창고,1
17000,공장,소석회조정조,1
02000,공동주택,서울승무원합숙,1
02000,공동주택,다세댜주택,1
04000,제2종근린생활시설,점포및미용원,1
16000,위락시설,유흥음식점및,1
02000,공동주택,정호조관리실,1
02000,공동주택,상가및공동시설,1
14000,업무시설,국가기관,1
10000,교육연구시설,경성재봉여학교,1
04000,제2종근린생활시설,파견소,1
17000,공장,질소제네레이터,1
23000,교정및군사시설,영내,1
17000,공장,차가공업,1
17000,공장,32711,1
21000,동물및식물관련시설,관라사,1
10000,교육연구시설,씨름연습장,1
20000,자동차관련시설,간이화장실,1
02000,공동주택,탑클라우드,1
30000,자원순환관련시설,세차동,1
02000,공동주택,주차장및근린생활시설,1
01000,단독주택,축사퇴비사,1
03000,제1종근린생활시설,농업용기계관정,1
11000,노유자시설,새싹어린이집,1
18000,창고시설,발효시설,1
03000,제1종근린생활시설,숭정전,1
01000,단독주택,멸치제품제조장,1
17000,공장,기능공,1
19000,위험물저장및처리시설,위험물취급및처리시설,1
06000,종교시설,명상센터,1
03000,제1종근린생활시설,배수지관리동,1
03000,제1종근린생활시설,매표소및상점,1
04000,제2종근린생활시설,유과제조,1
27000,관광휴게시설,i,1
03000,제1종근린생활시설,전기자동차보관소,1
03000,제1종근린생활시설,방송중계시설,1
03000,제1종근린생활시설,무방류시설,1
03000,제1종근린생활시설,사무실및연구소,1
02000,공동주택,1902동,1
17000,공장,raw,1
03000,제1종근린생활시설,곡물건조기,1
13000,운동시설,휴게소a,1
03000,제1종근린생활시설,하당1리경로당,1
03000,제1종근린생활시설,동물사,1
03000,제1종근린생활시설,우량측정국,1
03000,제1종근린생활시설,공원매점및화장실,1
03000,제1종근린생활시설,삼거리초소,1
03000,제1종근린생활시설,양만장,1
03000,제1종근린생활시설,치커리가공공장,1
15000,숙박시설,휴게시설,1
19000,위험물저장및처리시설,2층,1
17000,공장,락커,1
03000,제1종근린생활시설,평촌마을경노당,1
13000,운동시설,공공도서관,1
03000,제1종근린생활시설,산림관리초소,1
03000,제1종근린생활시설,한옥도자체험장,1
03000,제1종근린생활시설,춘향각,1
14000,업무시설,19실,1
19000,위험물저장및처리시설,소화기,1
05000,문화및집회시설,소육식,1
17000,공장,창고및탁구장,1
21000,동물및식물관련시설,축산기계보관창고,1
03000,제1종근린생활시설,근린생활시설및회관,1
11000,노유자시설,수전실,1
11000,노유자시설,교육연구및복지시설및제2종근린생활시설,1
03000,제1종근린생활시설,중간가압장,1
07000,판매시설,주차차로,1
03000,제1종근린생활시설,종야마을회관,1
01000,단독주택,유류취급소및사무실,1
21000,동물및식물관련시설,일반음식점및축사,1
03000,제1종근린생활시설,내아,1
03000,제1종근린생활시설,야영장편의시설,1
03000,제1종근린생활시설,주택및영업,1
18000,창고시설,농산물저장고창고,1
03000,제1종근린생활시설,영업용주택,1
03000,제1종근린생활시설,부속창고및샤워실,1
03000,제1종근린생활시설,병원외2건,1
01000,단독주택,단독주택및1종근생시설,1
03000,제1종근린생활시설,근린및제2종근린생활시설,1
03000,제1종근린생활시설,근린생활시설및점포주택,1
03000,제1종근린생활시설,회관및점포,1
03000,제1종근린생활시설,관리실및매점,1
23000,교정및군사시설,재판정,1
17000,공장,자동차관련시설검사장,1
16000,위락시설,복지시설,1
03000,제1종근린생활시설,해수욕장관리소,1
03000,제1종근린생활시설,배수량,1
18000,창고시설,어업용주택,1
04000,제2종근린생활시설,제2근린생활시설외,1
03000,제1종근린생활시설,소방서차고,1
03000,제1종근린생활시설,체험장및사무소,1
03000,제1종근린생활시설,제1종근린생활시설단독주택,1
03000,제1종근린생활시설,영업용근린생활시설,1
03000,제1종근린생활시설,영용대관리사,1
03000,제1종근린생활시설,지서출장소숙소,1
03000,제1종근린생활시설,예비군중대및농업인상담소,1
25000,발전시설,전기및전자기기건물,1
11000,노유자시설,공동취사장,1
02000,공동주택,옥외피난계단,1
04000,제2종근린생활시설,사택기도원,1
03000,제1종근린생활시설,소비조합점포,1
10000,교육연구시설,교사신관동,1
08000,운수시설,지부장실,1
06000,종교시설,교회종각,1
04000,제2종근린생활시설,곡물가공품제조업,1
03000,제1종근린생활시설,전포,1
03000,제1종근린생활시설,마을야외강당,1
01000,단독주택,일용품상점,1
03000,제1종근린생활시설,권병일,1
10000,교육연구시설,방과후교실,1
10000,교육연구시설,기타공공시설,1
01000,단독주택,외제1종근린생활시설,1
03000,제1종근린생활시설,변전실24호,1
03000,제1종근린생활시설,탈취시설,1
03000,제1종근린생활시설,영업주,1
03000,제1종근린생활시설,근린생활시설및종교시설,1
01000,단독주택,산서고등학교관사,1
03000,제1종근린생활시설,보훈복지회관,1
22000,분뇨.쓰레기처리시설,침출수처리동,1
21000,동물및식물관련시설,액비순환실및펌프장,1
03000,제1종근린생활시설,배슬러지계단실,1
17000,공장,학교,1
03000,제1종근린생활시설,주택외2용도,1
03000,제1종근린생활시설,내봉여경로당,1
03000,제1종근린생활시설,데1종근린생활시설,1
10000,교육연구시설,연구견사,1
11000,노유자시설,온실및건조장,1
11000,노유자시설,직업훈련장,1
03000,제1종근린생활시설,마공셋트새마을회관,1
03000,제1종근린생활시설,지하수위관측소,1
03000,제1종근린생활시설,마을공동체육장,1
03000,제1종근린생활시설,승공회관,1
03000,제1종근린생활시설,소매점외1종,1
03000,제1종근린생활시설,지각,1
11000,노유자시설,점포및노유자시설,1
21000,동물및식물관련시설,방목사,1
14000,업무시설,냉각탑실,1
04000,제2종근린생활시설,소형주택,1
04000,제2종근린생활시설,오피스텔288실,1
03000,제1종근린생활시설,판매시설및연립주택,1
03000,제1종근린생활시설,농용자체판매장,1
17000,공장,방사선창고,1
03000,제1종근린생활시설,직원복지관,1
19000,위험물저장및처리시설,2종근린생활,1
03000,제1종근린생활시설,교육연구및복지시설외4,1
03000,제1종근린생활시설,제설창고대기실,1
03000,제1종근린생활시설,아파트관리사무실,1
03000,제1종근린생활시설,지하수관측정,1
11000,노유자시설,교육연궁복지시설,1
03000,제1종근린생활시설,가공처리시설,1
03000,제1종근린생활시설,사무실및공판장,1
11000,노유자시설,장애인목욕장,1
03000,제1종근린생활시설,정미소창고,1
02000,공동주택,차고지,1
11000,노유자시설,노유자시설및창고,1
21000,동물및식물관련시설,와성비료개발봉소공장,1
03000,제1종근린생활시설,농축산물판매,1
03000,제1종근린생활시설,일회용품소매점,1
03000,제1종근린생활시설,주택및제2종근린생활시설,1
03000,제1종근린생활시설,제1종근린생활시서설,1
10000,교육연구시설,부속물탱크실,1
11000,노유자시설,할머니경로당,1
03000,제1종근린생활시설,연대전진기지,1
04000,제2종근린생활시설,경장각,1
18000,창고시설,석물보관,1
03000,제1종근린생활시설,수위관축소기기실,1
03000,제1종근린생활시설,시계탑,1
01000,단독주택,농업생사시설,1
03000,제1종근린생활시설,상가및아파트,1
01000,단독주택,2종근린사무소,1
03000,제1종근린생활시설,근생및단독,1
03000,제1종근린생활시설,주택및근린생활시설업무시설,1
03000,제1종근린생활시설,태양광발전소변전실,1
22000,분뇨.쓰레기처리시설,25일반쓰레기장,1
03000,제1종근린생활시설,마을노인복지시설,1
03000,제1종근린생활시설,미을공동체험전시장,1
21000,동물및식물관련시설,양질육형한우검정우사,1
21000,동물및식물관련시설,케이지사,1
03000,제1종근린생활시설,부남상수도,1
03000,제1종근린생활시설,제과점및창고,1
06000,종교시설,대문및관리사,1
19000,위험물저장및처리시설,도시가스정압기실,1
33000,"국방,군사시설",탄약정비실,1
25000,발전시설,부속용도,1
05000,문화및집회시설,관리,1
03000,제1종근린생활시설,마을공동작업장및곡물건조기실,1
03000,제1종근린생활시설,수질정화시설관리사,1
03000,제1종근린생활시설,효부각,1
03000,제1종근린생활시설,아차산배수지관리사무소,1
21000,동물및식물관련시설,조류가금사육장,1
03000,제1종근린생활시설,삼담파출소,1
03000,제1종근린생활시설,제1종근린생활시설및도시형생활주택,1
10000,교육연구시설,중기고,1
03000,제1종근린생활시설,의약품저장판매점,1
08000,운수시설,정문수위실,1
03000,제1종근린생활시설,지서출장소,1
03000,제1종근린생활시설,일반주택및창고,1
17000,공장,film공장,1
03000,제1종근린생활시설,마을공동도서관,1
17000,공장,272동,1
03000,제1종근린생활시설,급수기계실,1
03000,제1종근린생활시설,무인전화교환실,1
11000,노유자시설,녹색농촌체험장,1
03000,제1종근린생활시설,명륜파출소,1
03000,제1종근린생활시설,제1종근생근린생활시설,1
03000,제1종근린생활시설,전화국분소,1
03000,제1종근린생활시설,중간기계실,1
03000,제1종근린생활시설,양묘장,1
11000,노유자시설,보육사,1
04000,제2종근린생활시설,4h회관,1
03000,제1종근린생활시설,용유마을하수처리장,1
03000,제1종근린생활시설,계단실및창고,1
03000,제1종근린생활시설,경비,1
02000,공동주택,공장창고,1
01000,단독주택,煽뻤女璲纛潭,1
14000,업무시설,하수종말처리장,1
06000,종교시설,고센숙사,1
01000,단독주택,보금자리주택,1
20000,자동차관련시설,자동차출고사무소,1
05000,문화및집회시설,단지관리사무소,1
22000,분뇨.쓰레기처리시설,쓰레기처분시설,1
20000,자동차관련시설,자동차관련지설,1
17000,공장,연사장,1
17000,공장,조사장,1
20000,자동차관련시설,폐차장창고,1
30000,자원순환관련시설,세차,1
17000,공장,저순수,1
17000,공장,연수장치실,1
04000,제2종근린생활시설,방갈로식당,1
21000,동물및식물관련시설,돼지사육실,1
20000,자동차관련시설,소형세차장,1
06000,종교시설,군사시설군복지용,1
06000,종교시설,종교집회장소,1
17000,공장,시추코아,1
22000,분뇨.쓰레기처리시설,하수슬러지처리동,1
22000,분뇨.쓰레기처리시설,협잡물저장동,1
17000,공장,수소가스저장소,1
06000,종교시설,제각관리사,1
13000,운동시설,우측스탠드,1
20000,자동차관련시설,소화물취급소,1
04000,제2종근린생활시설,방공호,1
03000,제1종근린생활시설,선구,1
22000,분뇨.쓰레기처리시설,분뇨및스레기처리시설,1
01000,단독주택,포도즙가공,1
04000,제2종근린생활시설,독서실용사무실,1
13000,운동시설,스테이션,1
01000,단독주택,및제2종린생활시설,1
10000,교육연구시설,농업교육장,1
08000,운수시설,비상발전실,1
17000,공장,4류,1
17100,일반공장,일반공장,1
04000,제2종근린생활시설,공자,1
18000,창고시설,해태공장,1
01000,단독주택,다가구용단독택,1
01000,단독주택,주택부창고,1
21000,동물및식물관련시설,착유우,1
01000,단독주택,사당주택,1
17000,공장,폐지집하장,1
01000,단독주택,장식장,1
01000,단독주택,근린생활시설및단독주택1가구,1
17000,공장,식당및변소,1
18000,창고시설,정비공장및부품창고,1
03000,제1종근린생활시설,전화통신장치,1
21000,동물및식물관련시설,누애잠사및관리사,1
01000,단독주택,자동차관련시설외3,1
01000,단독주택,주택및건가시설,1
10000,교육연구시설,전자계산원,1
01000,단독주택,단독주택및동식물관련시설,1
22000,분뇨.쓰레기처리시설,하수찌꺼기,1
22000,분뇨.쓰레기처리시설,탈수케익,1
02000,공동주택,원룸도시형생활주택,1
01000,단독주택,바베큐실,1
21000,동물및식물관련시설,축사사무실,1
18000,창고시설,집하장사무실,1
01000,단독주택,시장사택,1
21000,동물및식물관련시설,부축사,1
18000,창고시설,유류저장창고,1
21000,동물및식물관련시설,생활관,1
21000,동물및식물관련시설,농산물선과장,1
20000,자동차관련시설,운수회사차고지,1
04000,제2종근린생활시설,정비고및,1
03000,제1종근린생활시설,센타,1
02000,공동주택,다세대13세대,1
18000,창고시설,31,1
03000,제1종근린생활시설,창고시설창고,1
01000,단독주택,목재건구제조업,1
17000,공장,마을회관,1
05000,문화및집회시설,매표소및사무실,1
21000,동물및식물관련시설,샤워장및차고,1
21000,동물및식물관련시설,양계부화장,1
17000,공장,철차보관장창고,1
02000,공동주택,윤영빌라,1
15000,숙박시설,지하1층,1
03000,제1종근린생활시설,기계실및관리동,1
15000,숙박시설,아동산림교육센터,1
02000,공동주택,엘리베이터및코어,1
04000,제2종근린생활시설,요사찰,1
05000,문화및집회시설,창고시설외3용도,1
30000,자원순환관련시설,원료,1
05000,문화및집회시설,제1아프리카관,1
05000,문화및집회시설,숭인원정자각,1
05000,문화및집회시설,동장대,1
Z9000,공공용시설,상수도모터실,1
01000,단독주택,다가두용단독주택,1
13000,운동시설,다과점,1
Z5000,문화및집회시설,교직실,1
15000,숙박시설,주전기,1
02000,공동주택,단지형다세대주텍,1
20000,자동차관련시설,발전기,1
01000,단독주택,취사용까스,1
05000,문화및집회시설,패밀리창작놀이터,1
03000,제1종근린생활시설,8실,1
04000,제2종근린생활시설,식품액기스,1
08000,운수시설,기전실,1
15000,숙박시설,37객실,1
05000,문화및집회시설,서익헌,1
11000,노유자시설,휴게정자,1
05000,문화및집회시설,기구창고,1
04000,제2종근린생활시설,여주자영농업고등학교,1
02000,공동주택,관리사무소및소매점,1
03000,제1종근린생활시설,거교2구,1
Z3000,근린생활시설,포우사,1
05000,문화및집회시설,문화및집회실설,1
18000,창고시설,관리실및숙직실,1
Z5000,문화및집회시설,한옥,1
20000,자동차관련시설,32호,1
05000,문화및집회시설,공예품전시장,1
18000,창고시설,외부보세장,1
01000,단독주택,가구점,1
11000,노유자시설,오락실,1
02000,공동주택,입주자대표회의사무실,1
26000,묘지관련시설,주택,1
01000,단독주택,창고욕실및주택,1
05000,문화및집회시설,사천분소,1
17000,공장,해조류가공,1
01000,단독주택,생소매점,1
05000,문화및집회시설,옥외화장실1,1
05000,문화및집회시설,주차장및체력단련실,1
04000,제2종근린생활시설,빗물저류조,1
17000,공장,실사무실,1
19000,위험물저장및처리시설,튜브및토너저장실,1
05000,문화및집회시설,열녀각,1
04000,제2종근린생활시설,식탁목제품제조업,1
17000,공장,전지번성기,1
05000,문화및집회시설,파충류전시관,1
18000,창고시설,임시적,1
02000,공동주택,새마을공장,1
05000,문화및집회시설,도자기전기장,1
01000,단독주택,농업생산시설창고,1
05000,문화및집회시설,제2전시장,1
04000,제2종근린생활시설,식당실험실,1
13000,운동시설,폐기물저장소,1
06000,종교시설,정열당,1
03000,제1종근린생활시설,흥룡마을,1
04000,제2종근린생활시설,봉정사,1
18000,창고시설,다과점,1
01000,단독주택,가스취급소,1
17000,공장,기타전자제품제조업,1
03000,제1종근린생활시설,광화문파출소,1
17000,공장,냉각타워및펌프실,1
18000,창고시설,아동복지시설,1
21000,동물및식물관련시설,923,1
05000,문화및집회시설,클리닉센터및민원상담실,1
10000,교육연구시설,2종근린생황시설,1
03000,제1종근린생활시설,1종및2종,1
10000,교육연구시설,가목적실,1
04000,제2종근린생활시설,중앙고속도,1
02000,공동주택,주민공동생활관,1
03000,제1종근린생활시설,생슬러지,1
,,파쉐장,1
21000,동물및식물관련시설,15동,1
18000,창고시설,예능계,1
17000,공장,도시가스가바나실,1
15000,숙박시설,공장시설,1
19000,위험물저장및처리시설,2301,1
04000,제2종근린생활시설,유아침실,1
Z9000,공공용시설,부대,1
02000,공동주택,리빙쉐어,1
07000,판매시설,청소용역실,1
30000,자원순환관련시설,사무실및창고,1
01000,단독주택,창거,1
17000,공장,g보관실,1
05000,문화및집회시설,유물전시시설,1
02000,공동주택,2318동하부,1
05000,문화및집회시설,사무실및예식장,1
01000,단독주택,의료원,1
04000,제2종근린생활시설,불갑,1
01000,단독주택,다중주택외,1
07000,판매시설,시장용도,1
17000,공장,벌꿀소분공장,1
Z5000,문화및집회시설,신촌,1
03000,제1종근린생활시설,성인전자오락실,1
17000,공장,연소동,1
02000,공동주택,1708동,1
05000,문화및집회시설,전각,1
09000,의료시설,근린생활시설제2종,1
02000,공동주택,피트관리,1
02000,공동주택,판매시설및영업시설외,1
10000,교육연구시설,물탱크및펌프실,1
04000,제2종근린생활시설,62,1
14000,업무시설,분기국사,1
21000,동물및식물관련시설,볏짚건조장,1
02000,공동주택,원룸형41세대,1
Z3000,근린생활시설,종교집회장및,1
10000,교육연구시설,정문및,1
01001,단독주택,주택,1
05000,문화및집회시설,진강루,1
01000,단독주택,국민건강보험공단,1
05000,문화및집회시설,전시관및관리실,1
05000,문화및집회시설,전수교육장,1
21000,동물및식물관련시설,흑염소엑기스제조장,1
04000,제2종근린생활시설,발효사,1
05000,문화및집회시설,소매점및화장실,1
05000,문화및집회시설,문화및복지시설등,1
22000,분뇨.쓰레기처리시설,탈취휀실b동,1
19000,위험물저장및처리시설,lpg자동충전소,1
02000,공동주택,정방,1
14000,업무시설,방재,1
03000,제1종근린생활시설,마을회과,1
17000,공장,협잡물보관소,1
01000,단독주택,운동장,1
18000,창고시설,에이창고,1
23000,교정및군사시설,장구류정비실,1
02000,공동주택,사랑의집,1
03000,제1종근린생활시설,부속기계실,1
02000,공동주택,일반음식및사무,1
17000,공장,가공처리업,1
11202,사회복지시설,사회복지시설,1
01000,단독주택,화목,1
05000,문화및집회시설,물레방아간,1
26000,묘지관련시설,안장식장,1
17000,공장,자동필터쉘터,1
17000,공장,347번동,1
17000,공장,염화메탄,1
23000,교정및군사시설,클레이사격장교정및군사시설,1
23000,교정및군사시설,구103대대시동정비실,1
02000,공동주택,사우나장비실,1
01000,단독주택,제2증근린생활시설,1
02000,공동주택,기타부속실,1
26000,묘지관련시설,행상이집,1
02000,공동주택,단지형다세대주13세대,1
14000,업무시설,빗물저류조점검실,1
10000,교육연구시설,간이수영장,1
17000,공장,변압기룸,1
03000,제1종근린생활시설,그라비아인쇄업,1
18000,창고시설,친환경농업미생물배양장,1
17000,공장,p출하장,1
04000,제2종근린생활시설,임산물연구시설,1
14000,업무시설,엽무시설,1
13000,운동시설,생활안전체험교육장,1
17000,공장,건축용강화프라스틱성형제품,1
17000,공장,컴퓨터입출력장치및기타주변기기제조업,1
,,재작성,1
01000,단독주택,별동부속사,1
11000,노유자시설,근린생활시설외,1
21000,동물및식물관련시설,괸라시,1
03999,기타제1종근린생활시설,주택,1
02005,부대시설,주차장,1
17000,공장,7호기,1
02000,공동주택,인터넷,1
17000,공장,경노당,1
01000,단독주택,농가용주거시설,1
11000,노유자시설,직장,1
,,신청,1
17000,공장,기타과실채소,1
17000,공장,폴리올동2,1
01000,단독주택,단독주택및근생시설,1
03000,제1종근린생활시설,및파출소,1
21000,동물및식물관련시설,분뇨폐기물처리시설,1
18000,창고시설,정자각,1
01000,단독주택,적벽돌,1
18000,창고시설,조적조,1
19000,위험물저장및처리시설,보관저장판매시설,1
18000,창고시설,농수산물종합유통센터,1
28000,가설건축물,농업생산시설,1
02000,공동주택,283대,1
13000,운동시설,여객자동차운수사업법에,1
03000,제1종근린생활시설,m,1
17000,공장,팜유실,1
20000,자동차관련시설,주유취급소,1
14000,업무시설,사무실내강당,1
18000,창고시설,농기구격납실,1
Z5000,문화및집회시설,종교집하장,1
17000,공장,방송수신기,1
17000,공장,음향기기,1
,,41,1
03000,제1종근린생활시설,해남군장애인직업시설,1
22000,분뇨.쓰레기처리시설,임목폐기물처리시설,1
03000,제1종근린생활시설,목재가구제조,1
10000,교육연구시설,가5동,1
22000,분뇨.쓰레기처리시설,폐기물반입장,1
14200,일반업무시설,유흥주점,1
17000,공장,파괴룸,1
22000,분뇨.쓰레기처리시설,가축분뇨를,1
03000,제1종근린생활시설,전기실및,1
18000,창고시설,식물관,1
10000,교육연구시설,드론레이싱,1
13000,운동시설,보이라실,1
04000,제2종근린생활시설,유념관,1
17000,공장,중앙조정동,1
22000,분뇨.쓰레기처리시설,가축분뇨처리시설,1
20000,자동차관련시설,공용화장실,1
04000,제2종근린생활시설,사무실및회관,1
22000,분뇨.쓰레기처리시설,퇴비사및창고,1
27000,관광휴게시설,근생,1
01000,단독주택,문화및집회시설외1,1
22000,분뇨.쓰레기처리시설,가스발전기동,1
17000,공장,df창고,1
04000,제2종근린생활시설,다방소매점,1
17000,공장,수위실및,1
18000,창고시설,아이스크림,1
01000,단독주택,보관소,1
01000,단독주택,가마니공장,1
01000,단독주택,8가제2종근린생활시설,1
15000,숙박시설,역사,1
03000,제1종근린생활시설,점포및학원,1
20000,자동차관련시설,차고관리사무실,1
25000,발전시설,b2,1
28000,가설건축물,장옥,1
22000,분뇨.쓰레기처리시설,처리수조,1
02000,공동주택,다공동주택,1
04000,제2종근린생활시설,29호,1
03000,제1종근린생활시설,기록물보존소,1
22000,분뇨.쓰레기처리시설,일반페기물적환장,1
17000,공장,제1공장동,1
17000,공장,배터리카충전소,1
22000,분뇨.쓰레기처리시설,정수장,1
19000,위험물저장및처리시설,공구창고및기사휴계실,1
Z8000,교육연구및복지시설,화산초등학교,1
17000,공장,제2공장변전실,1
03000,제1종근린생활시설,화,1
22000,분뇨.쓰레기처리시설,용수공급동,1
03000,제1종근린생활시설,다방및간이음식점,1
03000,제1종근린생활시설,가스실,1
01000,단독주택,2종근란생활시설,1
01000,단독주택,제2조근린생할시설,1
02000,공동주택,원룸형주택12세대,1
18000,창고시설,축사차양,1
01000,단독주택,가스보관창고,1
22000,분뇨.쓰레기처리시설,여과실동,1
17000,공장,nec,1
04000,제2종근린생활시설,농가,1
22000,분뇨.쓰레기처리시설,고물적재창고,1
20000,자동차관련시설,폐기물처리시설,1
04000,제2종근린생활시설,찬경루,1
25000,발전시설,재활용물자,1
20000,자동차관련시설,사장,1
03000,제1종근린생활시설,단추및,1
22000,분뇨.쓰레기처리시설,독성감시시설,1
12000,수련시설,화장실시설,1
22000,분뇨.쓰레기처리시설,저온저장고,1
05000,문화및집회시설,경의당,1
17000,공장,가스정압동,1
22000,분뇨.쓰레기처리시설,변전실동,1
10000,교육연구시설,가정,1
20000,자동차관련시설,장비차고,1
22000,분뇨.쓰레기처리시설,국가공공시설물,1
Z3000,근린생활시설,판매장,1
22000,분뇨.쓰레기처리시설,폐수시설,1
22000,분뇨.쓰레기처리시설,하수장,1
05000,문화및집회시설,집회시실,1
04000,제2종근린생활시설,미용소,1
18000,창고시설,선별실,1
22000,분뇨.쓰레기처리시설,폐기물운반차량차고지,1
04000,제2종근린생활시설,근린생활시설제2종,1
20000,자동차관련시설,주유시설,1
13000,운동시설,대중음식점및,1
01000,단독주택,92농촌주택개량대상자,1
17000,공장,제1공구실,1
01000,단독주택,담장,1
03000,제1종근린생활시설,송풍기실동,1
13000,운동시설,관리사5,1
03000,제1종근린생활시설,옥시효자각,1
03000,제1종근린생활시설,점포다방,1
03000,제1종근린생활시설,마을호관,1
Z8000,교육연구및복지시설,다가구주택,1
03000,제1종근린생활시설,참봉실,1
03000,제1종근린생활시설,네일아트점,1
03000,제1종근린생활시설,철근,1
11000,노유자시설,심리치료및상담실,1
02000,공동주택,원룸12,1
03000,제1종근린생활시설,점포및근린생활시설및사무실,1
04000,제2종근린생활시설,관리관련시설,1
03000,제1종근린생활시설,농업용생산시설,1
03000,제1종근린생활시설,근린공공기관,1
17000,공장,원목적치장,1
04000,제2종근린생활시설,공동연립주택,1
03000,제1종근린생활시설,야생화체험,1
04000,제2종근린생활시설,부조묘,1
04000,제2종근린생활시설,요사체및창고,1
04000,제2종근린생활시설,공사현장사무실,1
04000,제2종근린생활시설,충현각,1
04000,제2종근린생활시설,농림수산물가공시설,1
04000,제2종근린생활시설,제2종근린생활시설및1용도,1
04000,제2종근린생활시설,불교집회장,1
04000,제2종근린생활시설,삼소정,1
04000,제2종근린생활시설,시멘트제품가공공장,1
04000,제2종근린생활시설,기계정비소,1
10000,교육연구시설,농기계교육관,1
04000,제2종근린생활시설,한과제조시설,1
04000,제2종근린생활시설,난계사당,1
18000,창고시설,차류가공업,1
06000,종교시설,외사,1
06000,종교시설,교회및교육연구및복지시설,1
05000,문화및집회시설,회의실및사무실,1
03000,제1종근린생활시설,군량3리,1
04000,제2종근린생활시설,제2종근린및생활시설및다중주택,1
04000,제2종근린생활시설,제조업소및체험학습장,1
01000,단독주택,95농촌,1
06000,종교시설,예비실,1
04000,제2종근린생활시설,출고사무실,1
04000,제2종근린생활시설,하수중계펌프장,1
01000,단독주택,다가구9세대,1
06000,종교시설,빨래터,1
17000,공장,41,1
03000,제1종근린생활시설,제2종근린생활시설조,1
18000,창고시설,97마을공동,1
04000,제2종근린생활시설,소화약제실,1
17000,공장,paymeter실,1
01000,단독주택,제1종근린새왈시설,1
04000,제2종근린생활시설,전자제품제조업소,1
04000,제2종근린생활시설,절임배추,1
04000,제2종근린생활시설,석공예,1
03000,제1종근린생활시설,점포1층,1
11000,노유자시설,노인정리사무실,1
,,기타시설,1
03000,제1종근린생활시설,다용도관,1
04000,제2종근린생활시설,석성동헌,1
17000,공장,수변전설,1
06000,종교시설,점포및교회,1
17000,공장,ebr,1
06000,종교시설,화장실및욕실,1
07000,판매시설,옥내수영장,1
04000,제2종근린생활시설,주택및매점,1
04000,제2종근린생활시설,우체국사무실,1
15000,숙박시설,영업소겸,1
03000,제1종근린생활시설,용기보관창고,1
04000,제2종근린생활시설,사설강습소및근린생활시설,1
17000,공장,고무및플라스틱성형기제조업,1
18000,창고시설,가설건축물,1
04000,제2종근린생활시설,생굴작업장,1
04000,제2종근린생활시설,종근린생활시설외1,1
08000,운수시설,부속사무실,1
14000,업무시설,가스창고,1
26000,묘지관련시설,방송실,1
04000,제2종근린생활시설,실외낚시터,1
04000,제2종근린생활시설,음반음식점,1
04000,제2종근린생활시설,중계소막사,1
04000,제2종근린생활시설,즉석판매제조가공업소,1
04000,제2종근린생활시설,상점및식당부지조성,1
04000,제2종근린생활시설,국궁장관리사,1
04000,제2종근린생활시설,점포및당구장,1
10000,교육연구시설,모듈하우스,1
Z3000,근린생활시설,취사용가스판매장,1
21000,동물및식물관련시설,기계,1
06000,종교시설,중실,1
04000,제2종근린생활시설,제과작업장,1
04000,제2종근린생활시설,근린생활및교육연구시설,1
02000,공동주택,전력실,1
04000,제2종근린생활시설,근린생활시설및일반숙박시설,1
17000,공장,수산가공공장,1
04000,제2종근린생활시설,음식물제조,1
04000,제2종근린생활시설,잠종제조장,1
02000,공동주택,지하저수조및전기실,1
21000,동물및식물관련시설,양축,1
21000,동물및식물관련시설,묘목관리장,1
01000,단독주택,세멘브럭조세멘와즙,1
02000,공동주택,비영리,1
01000,단독주택,농가주택부속농업생산지,1
01000,단독주택,단독주택택,1
03000,제1종근린생활시설,영유아원,1
03000,제1종근린생활시설,포장실,1
18000,창고시설,사과저장고및창고,1
18000,창고시설,비인단위농업협동조합,1
21000,동물및식물관련시설,공동하치장,1
21000,동물및식물관련시설,관사창고,1
21000,동물및식물관련시설,동물및식물및식물관련시설,1
18000,창고시설,농기계경납고,1
17000,공장,계분창고,1
18000,창고시설,연주공장,1
02000,공동주택,28실,1
18000,창고시설,농산물포장자재보관창고,1
17000,공장,15동,1
18000,창고시설,농업용다목적,1
21000,동물및식물관련시설,농산물건조저장고,1
21000,동물및식물관련시설,삼림경영관리사,1
02000,공동주택,수처리,1
18000,창고시설,토란탈피작업장,1
18000,창고시설,세차시설,1
18000,창고시설,냉장공장,1
01000,단독주택,주택외용도1,1
01000,단독주택,근린생활시설및예능계학원및2층주택,1
18000,창고시설,벼저장,1
18000,창고시설,농대창고,1
18000,창고시설,승강기타워,1
18000,창고시설,화장실및헛간,1
06000,종교시설,녕릉,1
01000,단독주택,지열히트펌프실,1
21000,동물및식물관련시설,동물및식물관련시철,1
03000,제1종근린생활시설,장옥및,1
01000,단독주택,수산물보관저온창고,1
21000,동물및식물관련시설,부락공동시설농기계보관창고,1
21000,동물및식물관련시설,축가,1
18000,창고시설,시정,1
23000,교정및군사시설,유압정비고,1
,,타이어대리점,1
27000,관광휴게시설,오수정화시설,1
18000,창고시설,구매과,1
01000,단독주택,주택2급,1
10000,교육연구시설,일본인학교,1
02000,공동주택,지하주차장107동,1
21000,동물및식물관련시설,건초저장고,1
21000,동물및식물관련시설,가축조련,1
18000,창고시설,농업증산,1
01000,단독주택,주택스라브,1
01000,단독주택,구관사,1
21000,동물및식물관련시설,돈분발효건조장,1
02000,공동주택,0927,1
18000,창고시설,농기계연습장,1
16000,위락시설,일반공장,1
03000,제1종근린생활시설,사료판매시설,1
04000,제2종근린생활시설,감물염색장,1
01000,단독주택,교직원주택관리실,1
18000,창고시설,농작물집하장,1
21000,동물및식물관련시설,양어장창고,1
18000,창고시설,양곡저장실험실,1
01000,단독주택,다가구주택및주택,1
21000,동물및식물관련시설,보일러설비실,1
18000,창고시설,과일일반저장고,1
01000,단독주택,베란다,1
18000,창고시설,축분저장창고,1
18000,창고시설,농업용벼건조장,1
04000,제2종근린생활시설,스케이트장,1
21000,동물및식물관련시설,계류장및사무실,1
18000,창고시설,적사함,1
02000,공동주택,공동주택8세대,1
03000,제1종근린생활시설,제연실,1
03000,제1종근린생활시설,간이휴게시설,1
17000,공장,지대동,1
18000,창고시설,농어업용찰고및품질관리실,1
17000,공장,4유틸리티,1
18000,창고시설,5가구,1
18000,창고시설,가설작업장,1
18000,창고시설,저장저장고,1
18000,창고시설,객주,1
18000,창고시설,농기계수선보관창고,1
18000,창고시설,이재물창고,1
19000,위험물저장및처리시설,위험물저장및처리소,1
17000,공장,29동,1
01000,단독주택,근린생활시설및주택및위락시설,1
03000,제1종근린생활시설,실내놀이터,1
21000,동물및식물관련시설,산림해충천적사육실,1
03000,제1종근린생활시설,정구장숙소,1
18000,창고시설,농업창고및제조업소,1
27000,관광휴게시설,전시관,1
01000,단독주택,유류취급창고,1
17000,공장,휴게실및창고,1
01000,단독주택,관광주택,1
04000,제2종근린생활시설,창고기설,1
Z3000,근린생활시설,헬스클럽,1
18000,창고시설,물품저장용,1
03000,제1종근린생활시설,목욕탕및업소,1
Z5000,문화및집회시설,나한전,1
21000,동물및식물관련시설,곰사육장,1
18000,창고시설,농산물보관장고,1
11000,노유자시설,영화관,1
03000,제1종근린생활시설,사무실구판장,1
14000,업무시설,22,1
03000,제1종근린생활시설,제2종근린생활시설및제1종근린생활시설,1
03000,제1종근린생활시설,공공재활용선별장,1
03000,제1종근린생활시설,5냉연공장,1
17000,공장,데큐헤라실,1
Z3000,근린생활시설,농특산물판매장,1
18000,창고시설,농기구농산물보관창고,1
10000,교육연구시설,조리장,1
12000,수련시설,골프연습장,1
03000,제1종근린생활시설,급배수관련시설,1
01000,단독주택,근린생활시설및농업생산시설,1
03000,제1종근린생활시설,민방공통제소,1
03000,제1종근린생활시설,슈퍼및주택,1
33000,"국방,군사시설",골프장부속사,1
11000,노유자시설,노유자시설및관람집회시설,1
01000,단독주택,창고및보일라실,1
10000,교육연구시설,학생체육관,1
03000,제1종근린생활시설,자동전화기보전실,1
03000,제1종근린생활시설,마제1종근린생활시설,1
03000,제1종근린생활시설,목욕탕사무실다방주택,1
17000,공장,오락실및사무실,1
02000,공동주택,주민창고,1
03000,제1종근린생활시설,한증막업,1
03000,제1종근린생활시설,부락간이공동목욕탕,1
03000,제1종근린생활시설,동사무소및근린생활시설,1
17000,공장,트림kd창고,1
03000,제1종근린생활시설,외삼문,1
19000,위험물저장및처리시설,n20stor,1
03000,제1종근린생활시설,화장실및휴게소,1
03000,제1종근린생활시설,식당및소매점,1
03000,제1종근린생활시설,부락공동농기계창고,1
03000,제1종근린생활시설,마을회간,1
11000,노유자시설,지적장애인시설,1
17000,공장,제5공구실,1
03000,제1종근린생활시설,매,1
19000,위험물저장및처리시설,유류저장,1
03000,제1종근린생활시설,제근린생활시설,1
04000,제2종근린생활시설,간이주차장,1
10000,교육연구시설,중교사,1
03000,제1종근린생활시설,점포및연립주택,1
03000,제1종근린생활시설,청녕각,1
30000,자원순환관련시설,pent,1
31000,야영장시설,대피실,1
22000,분뇨.쓰레기처리시설,가스,1
11000,노유자시설,경노당및회의실,1
03000,제1종근린생활시설,근린시설및업무시설,1
03000,제1종근린생활시설,관정보호시설,1
03000,제1종근린생활시설,공단검문소,1
11000,노유자시설,야영장시설,1
17000,공장,lpg전기,1
03000,제1종근린생활시설,상점및제조업소,1
03000,제1종근린생활시설,선거관리사무소,1
03000,제1종근린생활시설,근생및농산물직판장,1
03000,제1종근린생활시설,전화국기계실사무실,1
01000,단독주택,공작물,1
22000,분뇨.쓰레기처리시설,탈수기,1
11000,노유자시설,관광농원,1
17000,공장,간이전기실,1
17000,공장,필터프레스셀타,1
17000,공장,일반공징,1
14000,업무시설,도로관리사업시설,1
17000,공장,폐기장,1
01000,단독주택,기거실및,1
17000,공장,옥외크링카저장고,1
17000,공장,종합기계실,1
17000,공장,탈사및도장,1
18000,창고시설,저온저장창,1
17000,공장,옥외실험실,1
17000,공장,일반공장외1건,1
03000,제1종근린생활시설,농림수산업용시설,1
15000,숙박시설,근린생활시설및보일러실,1
02000,공동주택,원룸형15세대및다세대1세대,1
17000,공장,선별처리장,1
17000,공장,퇴비제조,1
18000,창고시설,토정공장,1
17000,공장,가스저장탱크실,1
17000,공장,1호정제공장,1
15000,숙박시설,외2용도,1
17000,공장,자동차부푸제조업,1
17000,공장,공공구점검구,1
15000,숙박시설,106,1
01000,단독주택,저창고,1
14000,업무시설,18가구,1
17000,공장,신뢰성시험실,1
17000,공장,식품저장고,1
17000,공장,변전탑지붕,1
17000,공장,ash류저장고,1
06000,종교시설,내산문,1
06000,종교시설,외산문,1
17000,공장,에어콤퓨레샤셀타,1
17000,공장,기계부속실,1
17000,공장,목재상자제조,1
17000,공장,물품보관장,1
17000,공장,보안센터,1
17000,공장,물품취급장비제조공장,1
10000,교육연구시설,처마,1
14000,업무시설,제1종근린시설,1
17000,공장,발파공및광기구수리실,1
17000,공장,섬유가공공장,1
17000,공장,해양블라스팅숍,1
17000,공장,쌀가공공장,1
17000,공장,목재가구가공업,1
02000,공동주택,대피소및주차장,1
19000,위험물저장및처리시설,의원,1
17000,공장,쓰레기분리장및소각장,1
04000,제2종근린생활시설,부속탈의실,1
17000,공장,유자가공처리장,1
17000,공장,진동실험실,1
04000,제2종근린생활시설,보선반,1
06000,종교시설,서고,1
17000,공장,내수상차장,1
17000,공장,대피소공장휴게실,1
,,밸브및유사장치,1
04000,제2종근린생활시설,근생음식점,1
10000,교육연구시설,기숙사시설,1
24000,방송통신시설,동헌2,1
17000,공장,yard,1
15000,숙박시설,정수장,1
18000,창고시설,72,1
17000,공장,버섯,1
17000,공장,희석재공장,1
17000,공장,메탄압축기동,1
17000,공장,화물적재대,1
17000,공장,타일집하동,1
11000,노유자시설,묵정경로당,1
07000,판매시설,우수조점검층,1
02000,공동주택,승강기동,1
23000,교정및군사시설,차량호2,1
17000,공장,전기실및조정실,1
19000,위험물저장및처리시설,폐수저장실,1
05000,문화및집회시설,건국전,1
14000,업무시설,303동,1
01000,단독주택,주택및농기구보관소,1
21000,동물및식물관련시설,농기계관리창고,1
17000,공장,유산공장콤프렛샤실,1
06000,종교시설,교육연구및연구시설,1
17000,공장,펄프창고,1
17000,공장,인천공작창단야공장,1
17000,공장,트럭샤시수정장,1
17000,공장,석재가공업,1
17000,공장,콤프레샤셀타,1
25000,발전시설,상부지계측소,1
17000,공장,울금가공공장,1
05000,문화및집회시설,순릉정자각,1
17000,공장,흡수식냉동실,1
17000,공장,소방차고및경비실,1
03000,제1종근린생활시설,액화가스충전소,1
17000,공장,bpa용해설비동,1
17000,공장,질소저장실,1
,,곡물저장싸이로,1
17000,공장,지대가공공장,1
15000,숙박시설,용원,1
17000,공장,자동차전시장,1
04000,제2종근린생활시설,그린시설,1
17000,공장,토기공장,1
18000,창고시설,옥외하역장,1
09000,의료시설,재활훈련실,1
17000,공장,공작및측정실,1
11000,노유자시설,감시실,1
17000,공장,운전동,1
17000,공장,식당외1,1
17000,공장,경비초소3,1
02000,공동주택,어린이버스승하차장,1
17000,공장,실험실보전사무실,1
21000,동물및식물관련시설,97축산경쟁력제고사업,1
17000,공장,시멘트포장공장,1
17000,공장,석재공예,1
17000,공장,의무소,1
17000,공장,농기계정비공장,1
19000,위험물저장및처리시설,설치,1
17000,공장,고추장공장및절임센타,1
21000,동물및식물관련시설,관상조류사육장,1
17000,공장,방카초소,1
17000,공장,원료선별창고,1
17000,공장,사무실및전시장,1
17000,공장,도시락공장,1
21000,동물및식물관련시설,굼뱅이,1
17000,공장,석회석예비혼합창고,1
17000,공장,경비실게이트,1
17000,공장,가스가버너실,1
17000,공장,이동식부두관제실,1
04000,제2종근린생활시설,농산물절임공장,1
03000,제1종근린생활시설,보육실,1
17000,공장,맥분저장고,1
17000,공장,요소창고,1
19000,위험물저장및처리시설,부잔처리소,1
20000,자동차관련시설,학교,1
04000,제2종근린생활시설,휴게동,1
17000,공장,연마유처리실,1
17000,공장,콤베아공장,1
17000,공장,elev실험실,1
17000,공장,골재치장창고,1
15000,숙박시설,콘휴양콘도미니엄,1
17000,공장,골재저장고1,1
17000,공장,저광사근무자대기실,1
14000,업무시설,실내체육관,1
20000,자동차관련시설,대형차주차장,1
17000,공장,공장신축공사,1
17000,공장,도정공판,1
04000,제2종근린생활시설,필로티주차장,1
17000,공장,수지정비동,1
01000,단독주택,간이찜질방,1
17000,공장,양곡공장,1
17000,공장,벨트콘벤아산정초소,1
17000,공장,콤퓨레샤동,1
17000,공장,옥분공장,1
17000,공장,변압기거치대,1
17000,공장,산소공장냉각수펌프실,1
17000,공장,도랑하,1
19000,위험물저장및처리시설,가스탱크관리실,1
01000,단독주택,위험물취급및저장시설,1
17000,공장,개발실험실,1
07000,판매시설,주택및,1
17000,공장,비가림창고,1
17000,공장,피이살수펌프실,1
04000,제2종근린생활시설,사목,1
17000,공장,중합동공장,1
17000,공장,건조창고,1
05000,문화및집회시설,안내부스1,1
25000,발전시설,수위실,1
17000,공장,전기변전시설,1
17000,공장,물품보관저온저장창고,1
03000,제1종근린생활시설,특산물직판장,1
18000,창고시설,버쳐플린트,1
21000,동물및식물관련시설,대상건축물,1
17000,공장,재생처리시설,1
04000,제2종근린생활시설,어구,1
17000,공장,저림공장,1
04000,제2종근린생활시설,95농촌주택,1
17000,공장,광업에부수되는시설,1
17000,공장,4폐수원폐수펌프실,1
17000,공장,물품가공,1
18000,창고시설,월동자재보관창고,1
17000,공장,2고로미분탄저장조,1
19000,위험물저장및처리시설,제1류,1
17000,공장,대두하치장,1
17000,공장,수유처리장,1
17000,공장,6출유장,1
17000,공장,기계사상실,1
17000,공장,제공적재장,1
17000,공장,블럭양생실,1
20000,자동차관련시설,검차시설,1
17000,공장,생산1과사무실,1
17000,공장,호스저장셀타,1
17000,공장,2프레스공장,1
17000,공장,폐기물수집장,1
17000,공장,산화아연투입설비,1
17000,공장,공장선별동,1
17000,공장,방사선실,1
17000,공장,파이프적재대,1
17000,공장,2차가공공장,1
17000,공장,석재공장및부속,1
01000,단독주택,별장c,1
Z8000,교육연구및복지시설,사택2,1
17000,공장,부원료투입구,1
17000,공장,미강실,1
02000,공동주택,ups실,1
17000,공장,제1부두질소보관소,1
18000,창고시설,벌크하하장,1
06000,종교시설,전법회관,1
17000,공장,필터룸,1
17000,공장,액위조정소,1
17000,공장,연료보관,1
17000,공장,면약일시유치고,1
17000,공장,음식폐기물처리실,1
04000,제2종근린생활시설,면장실,1
Z3000,근린생활시설,4세대,1
11000,노유자시설,유료전문노인요양시설,1
04000,제2종근린생활시설,떡방앗간공장,1
17000,공장,임수산물가공공장,1
04000,제2종근린생활시설,지하도관리소,1
17000,공장,파렛트보관창고,1
17000,공장,망루1,1
17000,공장,훈제공장,1
17000,공장,탈수처리실,1
17000,공장,후처리공실,1
17000,공장,정비숍,1
04000,제2종근린생활시설,맥아제조장,1
02000,공동주택,변전소,1
17000,공장,저포표백장,1
17000,공장,제품저장실,1
21000,동물및식물관련시설,부속펌프실,1
17000,공장,공장관리사무실,1
01000,단독주택,경운기수리,1
17000,공장,탈수기룸,1
13000,운동시설,공공청사,1
17000,공장,골재하차장,1
17000,공장,범퍼하치장,1
17000,공장,공장전기실,1
17000,공장,약품투입실,1
17000,공장,임시폐기물저장소,1
17000,공장,제2여과실,1
17000,공장,조정실및실험실,1
Z3000,근린생활시설,창고및변소,1
17000,공장,창고및통로,1
17000,공장,제1경비실,1
17000,공장,관리사및원료보관창고,1
18000,창고시설,t,1
17000,공장,펌프실및발전기실,1
17000,공장,세척동,1
07000,판매시설,eps실,1
18000,창고시설,엌,1
18000,창고시설,사랑채,1
19000,위험물저장및처리시설,창고및변소,1
02000,공동주택,263,1
Z3000,근린생활시설,대기실,1
04000,제2종근린생활시설,농공단지관리사,1
17000,공장,육지동물고기가공,1
03000,제1종근린생활시설,화훼판매점,1
03000,제1종근린생활시설,위락시설외,1
18000,창고시설,단층공장,1
11000,노유자시설,노인의료복지지설,1
17000,공장,htm판넬실,1
05000,문화및집회시설,연결통로1,1
22000,분뇨.쓰레기처리시설,약품보관창고,1
02000,공동주택,209대,1
04000,제2종근린생활시설,물품저장시설,1
07000,판매시설,제2종근린생활시서,1
04000,제2종근린생활시설,사진제판업,1
10000,교육연구시설,체육편의시설,1
17000,공장,기타작업장,1
01000,단독주택,96농촌주거환경개선사업,1
01000,단독주택,수봉정,1
09000,의료시설,주차장관리실,1
04000,제2종근린생활시설,철판판매업,1
14000,업무시설,201동,1
20000,자동차관련시설,도금,1
,,농산물저온저장창고,1
02000,공동주택,휴게정원,1
01000,단독주택,농기계격납고,1
10000,교육연구시설,관리사무실급숙소,1
21000,동물및식물관련시설,식품공장,1
02000,공동주택,지상층계단실,1
21000,동물및식물관련시설,분쇄실,1
21000,동물및식물관련시설,103,1
10000,교육연구시설,농구창고,1
17000,공장,5변전소,1
03000,제1종근린생활시설,제제소,1
21000,동물및식물관련시설,사료창고및사료배합시설,1
01000,단독주택,대피실보일러실,1
20000,자동차관련시설,기타,1
21000,동물및식물관련시설,사분장,1
03000,제1종근린생활시설,공공청소시설,1
17000,공장,수산물보관,1
18000,창고시설,현북면사무소,1
27000,관광휴게시설,관광지시설,1
17000,공장,약품공급실,1
03000,제1종근린생활시설,연료창고,1
17000,공장,배쳐프랜드,1
17000,공장,계분비료공장,1
,,97정주생활권개발사업,1
18000,창고시설,농기계창고및사무실,1
03007,마을공동시설,마을공동시설,1
27000,관광휴게시설,차양막,1
17000,공장,폐자재저장창고,1
03000,제1종근린생활시설,40호,1
01000,단독주택,농촌주거환경개선사업농가주택임,1
08000,운수시설,폐기물창고,1
01000,단독주택,물품저장창고,1
17000,공장,해조류가공및저장처리업,1
27000,관광휴게시설,축각정,1
01000,단독주택,한약품,1
17000,공장,직원휴게시설,1
17000,공장,종합연수원,1
21000,동물및식물관련시설,육묘용온실,1
18000,창고시설,농기계창고및관리실,1
18000,창고시설,납옥,1
18000,창고시설,창고물품보관소,1
18000,창고시설,건조창고및축사,1
18000,창고시설,농업용작업장,1
14000,업무시설,황지3동청사,1
21000,동물및식물관련시설,육상어류축양장및생산업,1
01000,단독주택,주택및사무실및점포및제2종근린생활시설,1
18000,창고시설,수산물작업장,1
18000,창고시설,식물관련시설9창고,1
17000,공장,2호키른전기집진기실,1
,,c,1
01000,단독주택,공동농기계창고,1
01000,단독주택,다가구주택제1종근린생활시설,1
01000,단독주택,단층축사,1
10000,교육연구시설,과녁대,1
01000,단독주택,다기구용단독주택,1
02000,공동주택,영,1
01000,단독주택,기자재보관고,1
20000,자동차관련시설,리프검사장,1
18000,창고시설,재난물품보관창고,1
18000,창고시설,부속냉동창고,1
21000,동물및식물관련시설,양계용관리사,1
01000,단독주택,유류판매조,1
01000,단독주택,부속2호물치,1
21000,동물및식물관련시설,조직배양실저장고,1
01000,단독주택,차고및대문,1
01000,단독주택,2호주택,1
21000,동물및식물관련시설,대인소독시설,1
21000,동물및식물관련시설,농장관리실,1
,,부대시설,1
01000,단독주택,농가활동,1
04000,제2종근린생활시설,서예공방,1
01000,단독주택,다용도작업장,1
18000,창고시설,농산물건조기창고,1
18000,창고시설,농업기자재창고,1
21000,동물및식물관련시설,미역종문실,1
17000,공장,스래그밀빌딩,1
04000,제2종근린생활시설,성황사,1
18000,창고시설,폐기물수거창고,1
21000,동물및식물관련시설,우사및우분처리장,1
21000,동물및식물관련시설,축사분뇨건조장,1
01000,단독주택,다빙실,1
01000,단독주택,다가구주용,1
21000,동물및식물관련시설,새마을정미소,1
18000,창고시설,보안시설,1
01000,단독주택,주택및과일저장고,1
18000,창고시설,농축산물보관창고,1
10000,교육연구시설,영육아보육시설,1
01000,단독주택,창고및유리온실,1
18000,창고시설,조촌공동창고,1
11000,노유자시설,부엌,1
01000,단독주택,변소및퇴비사,1
02000,공동주택,문고실,1
18000,창고시설,버섯냉동저온창고,1
15000,숙박시설,주택1가구,1
01000,단독주택,농업용저장창고,1
10000,교육연구시설,기재실,1
21000,동물및식물관련시설,관리사및우분장,1
01000,단독주택,유흥음식점및주택,1
21000,동물및식물관련시설,퇴비가,1
18000,창고시설,곶감덕장,1
18000,창고시설,리창고,1
01000,단독주택,농가주태,1
20000,자동차관련시설,정비공장및,1
04000,제2종근린생활시설,가공제조공장,1
04000,제2종근린생활시설,기존건축물,1
21000,동물및식물관련시설,건포건조장,1
17000,공장,디이엠공장,1
01000,단독주택,1동주택,1
01000,단독주택,여가주택,1
17000,공장,펄프멀칭,1
17000,공장,유사마루덮개제조업,1
02000,공동주택,옥상,1
02000,공동주택,단지형11세대,1
03000,제1종근린생활시설,피복창고,1
03000,제1종근린생활시설,수정반사,1
21000,동물및식물관련시설,분재실,1
01000,단독주택,운남면장관사,1
18000,창고시설,동회창고,1
21000,동물및식물관련시설,전기육성연구사,1
21000,동물및식물관련시설,어패류축양장,1
17000,공장,비내화모르타르제조업0,1
01000,단독주택,잡화소매점,1
18000,창고시설,정수약품창고,1
01000,단독주택,농업용저온저장고,1
03000,제1종근린생활시설,계근장,1
Z3000,근린생활시설,모레근조,1
18000,창고시설,부속보일러실,1
01000,단독주택,농가냉동창고,1
01000,단독주택,오일득,1
18000,창고시설,종자연구실,1
18000,창고시설,재활용품분리장,1
18000,창고시설,견저고,1
03000,제1종근린생활시설,동진지서,1
21000,동물및식물관련시설,가공작업장,1
17000,공장,가공반,1
01000,단독주택,제실부속사,1
01000,단독주택,우마차집,1
01000,단독주택,정자동,1
06000,종교시설,전주최씨종실,1
01000,단독주택,주택및식품가공공장,1
21000,동물및식물관련시설,해태건조장,1
07000,판매시설,구장옥,1
21000,동물및식물관련시설,수산종묘장,1
18000,창고시설,곶감건조실,1
21000,동물및식물관련시설,동물관련련시설,1
10000,교육연구시설,4호공학관,1
18000,창고시설,농가형소형저온저장고,1
18000,창고시설,다목적마을공동창고,1
18000,창고시설,부락창고,1
17000,공장,휴식실,1
01000,단독주택,주택11가구및근린생활시설,1
01000,단독주택,액화가스저장고,1
21000,동물및식물관련시설,축산업무시설,1
21000,동물및식물관련시설,분뇨저장고,1
17000,공장,ii,1
21000,동물및식물관련시설,건잠실,1
17000,공장,설치용,1
17000,공장,석재제조업,1
17000,공장,절단부,1
01000,단독주택,농기계수리실및주택,1
04000,제2종근린생활시설,웅진전,1
18000,창고시설,농막사,1
18000,창고시설,농수산물보관창고및주택,1
06000,종교시설,무량수각,1
03000,제1종근린생활시설,농업용자재판매점,1
18000,창고시설,성암리마을공동농기계보관창고,1
21000,동물및식물관련시설,미역배양시설,1
18000,창고시설,생활도자기보관창고,1
04000,제2종근린생활시설,창고및저온창고,1
10000,교육연구시설,석공예실,1
21000,동물및식물관련시설,원예육종연구실,1
01000,단독주택,주택및액화가스판매소,1
01000,단독주택,창고및다가구주택,1
01000,단독주택,휴게찜질방,1
20000,자동차관련시설,화공약품저장창고,1
18000,창고시설,농업용전온창고,1
01000,단독주택,종업원숙소2호,1
18000,창고시설,크링커저장고,1
21000,동물및식물관련시설,메추리사육,1
18000,창고시설,농산물집하장창고,1
30000,자원순환관련시설,직원휴게실,1
05000,문화및집회시설,근린운동시설,1
18000,창고시설,수분실,1
01000,단독주택,합숙실,1
21000,동물및식물관련시설,사체처리실,1
18000,창고시설,임항지구항만시설,1
01000,단독주택,와즙,1
21000,동물및식물관련시설,양묘장관리사,1
18000,창고시설,활성탄저장동,1
01000,단독주택,농춘문화주택,1
18000,창고시설,다시마보관창고,1
01000,단독주택,농가층고,1
01000,단독주택,교감사택,1
21000,동물및식물관련시설,g식물관련시설,1
18000,창고시설,제5드럼창고,1
21000,동물및식물관련시설,분뇨및폐기물처리시설,1
18000,창고시설,헛간방,1
26000,묘지관련시설,유적복원,1
01000,단독주택,학원주택,1
04000,제2종근린생활시설,중고입시,1
05000,문화및집회시설,일장각,1
01000,단독주택,근린생활시설및단독주택4,1
01000,단독주택,랏지민박,1
01000,단독주택,주택및점포및다용도실,1
01000,단독주택,교직원공동사택,1
18000,창고시설,과수저온저창고,1
01000,단독주택,부택및근린생활시설,1
10000,교육연구시설,농업공작실,1
22000,분뇨.쓰레기처리시설,폐수처리시설동,1
18000,창고시설,율진1구창고,1
21000,동물및식물관련시설,동물관련축사,1
01000,단독주택,갈포제조장,1
18000,창고시설,농산물창고및농기계보관창고,1
01000,단독주택,민박형농촌주택,1
20000,자동차관련시설,펌프실및물탱크실,1
01000,단독주택,가정보육시설및주택,1
21000,동물및식물관련시설,축사동물및식물관련시설,1
18000,창고시설,폐수처리기계실,1
04000,제2종근린생활시설,농기구제작소,1
17000,공장,고무및플라스틱제품,1
02000,공동주택,사원용,1
17000,공장,신154kv변전실,1
01000,단독주택,점푸,1
17000,공장,기타건축물,1
04000,제2종근린생활시설,사진실,1
04000,제2종근린생활시설,조기실처소,1
02000,공동주택,1004동1층피로티,1
01000,단독주택,창고및공장,1
04000,제2종근린생활시설,물품제조업,1
17000,공장,판지상자,1
17000,공장,압연a공장,1
04000,제2종근린생활시설,태니스코트장,1
17000,공장,검수창고,1
04000,제2종근린생활시설,와이너리,1
10000,교육연구시설,안전성시험동,1
04000,제2종근린생활시설,월사,1
04000,제2종근린생활시설,수산물수집소,1
01000,단독주택,근힌생활,1
06000,종교시설,2종근리생활시설,1
01000,단독주택,삼성각,1
10000,교육연구시설,능곡초등학교,1
04000,제2종근린생활시설,서삼릉재실,1
18000,창고시설,일반목재가구제조업,1
04000,제2종근린생활시설,욕실및식당,1
17000,공장,휴게공간,1
04000,제2종근린생활시설,다목적개량공간,1
04000,제2종근린생활시설,수리점및소매점,1
03000,제1종근린생활시설,위험물저장및처리시설외,1
21000,동물및식물관련시설,검역실,1
04000,제2종근린생활시설,근린생활시설및대중음식점,1
04000,제2종근린생활시설,청소년회관,1
18000,창고시설,공산물창고,1
17000,공장,recovery,1
04000,제2종근린생활시설,솟을대문,1
17000,공장,도료보관실,1
03000,제1종근린생활시설,가스공급설비,1
04000,제2종근린생활시설,제2종근린생활싯설,1
10000,교육연구시설,미성년자대상,1
02000,공동주택,용역직원휴게실,1
04000,제2종근린생활시설,게임시설제공업,1
04000,제2종근린생활시설,제2종근린생활시설3,1
04000,제2종근린생활시설,다방업,1
04000,제2종근린생활시설,배수지사무실,1
06000,종교시설,최씨종실,1
04000,제2종근린생활시설,충성관,1
04000,제2종근린생활시설,대서소,1
04000,제2종근린생활시설,사무실및강당,1
04000,제2종근린생활시설,제2종근린생활시서및단독주택,1
03000,제1종근린생활시설,농지개량조합,1
04000,제2종근린생활시설,일반주택및근린생활시설,1
10000,교육연구시설,지하저수조,1
06000,종교시설,사찰포교장,1
11000,노유자시설,마을공동작업장,1
15000,숙박시설,연관,1
10000,교육연구시설,수위실5동,1
04000,제2종근린생활시설,점포및도서실,1
04000,제2종근린생활시설,게이트볼장관리실,1
06000,종교시설,식당및다목적실,1
04000,제2종근린생활시설,수리점및사무소,1
18000,창고시설,특산단지,1
06000,종교시설,제,1
04000,제2종근린생활시설,천주교회당,1
04000,제2종근린생활시설,사무소및교회,1
03000,제1종근린생활시설,메주가공공장,1
04000,제2종근린생활시설,해태화입처리장,1
04000,제2종근린생활시설,용,1
04000,제2종근린생활시설,보일라실및식당,1
04000,제2종근린생활시설,수산물처리시설,1
17000,공장,공장작업실,1
04000,제2종근린생활시설,부속창고및화장실,1
21000,동물및식물관련시설,가축분뇨시설,1
02000,공동주택,주차장e,1
,,농기계간이수리점,1
04000,제2종근린생활시설,근린생활시설및의료시설,1
04000,제2종근린생활시설,영농체험시설,1
02000,공동주택,창작문화공방,1
04000,제2종근린생활시설,농원체험장,1
06000,종교시설,기계식부설주차장,1
06000,종교시설,관리자숙소,1
04000,제2종근린생활시설,청소년의게임제공시설,1
04000,제2종근린생활시설,임반음식점,1
04000,제2종근린생활시설,우랍,1
06000,종교시설,관람편의시설,1
04000,제2종근린생활시설,문회집회시설,1
06000,종교시설,종교센타,1
04000,제2종근린생활시설,종교집회장및창고,1
04000,제2종근린생활시설,근린생화시설및주택,1
06000,종교시설,성당사택,1
02000,공동주택,2303동하부,1
04000,제2종근린생활시설,동북교회,1
10000,교육연구시설,방,1
01000,단독주택,제2근린생활시설및,1
04000,제2종근린생활시설,위생물수건공장,1
06000,종교시설,골프연습장,1
06000,종교시설,종중회관,1
Z8000,교육연구및복지시설,교수회관,1
10000,교육연구시설,보관,1
18000,창고시설,공원기숙사,1
04000,제2종근린생활시설,창고및2종근생,1
17000,공장,고압살균실,1
01000,단독주택,8가구용주택,1
11000,노유자시설,노유지,1
04000,제2종근린생활시설,최씨제각,1
17000,공장,타일기와벽돌블록제조업,1
20000,자동차관련시설,홀,1
04000,제2종근린생활시설,검도장,1
02000,공동주택,개스저장실,1
04000,제2종근린생활시설,렌탈하우스,1
02000,공동주택,조,1
02000,공동주택,오피스텔4호,1
02000,공동주택,deck,1
04000,제2종근린생활시설,홍삼가공시설,1
05000,문화및집회시설,태조,1
04000,제2종근린생활시설,근린생활시설제조장,1
04000,제2종근린생활시설,곡물도정공장,1
04000,제2종근린생활시설,제1종및제2종근생,1
,,시설관리사,1
04000,제2종근린생활시설,건축용재품제조업,1
04000,제2종근린생활시설,다세대주택외1건,1
04000,제2종근린생활시설,기계실및관리사,1
04000,제2종근린생활시설,마을문고,1
06000,종교시설,옥외세탁장,1
21000,동물및식물관련시설,도낭하,1
09000,의료시설,의료가스동,1
04000,제2종근린생활시설,제2종근생외2,1
04000,제2종근린생활시설,제2종및1종근린생활시설,1
17000,공장,수배전반,1
Z8000,교육연구및복지시설,3층,1
13000,운동시설,양궁장부대시설,1
04000,제2종근린생활시설,전자오락실및주택,1
04000,제2종근린생활시설,근생시설2종,1
06000,종교시설,목회자,1
04000,제2종근린생활시설,아파트단지내상가,1
01000,단독주택,다가구주택3가구용,1
04000,제2종근린생활시설,사무실점포,1
06000,종교시설,감로정,1
04000,제2종근린생활시설,연탄제조실,1
07000,판매시설,숙소,1
04000,제2종근린생활시설,자재저장창고,1
04000,제2종근린생활시설,지대미공장,1
06000,종교시설,조상선실,1
01000,단독주택,침구및관련제품제조업,1
04000,제2종근린생활시설,장의사사무실,1
04000,제2종근린생활시설,지붕pit,1
21000,동물및식물관련시설,방역물품창고,1
14000,업무시설,2종근린생활설,1
04000,제2종근린생활시설,주민편의시설,1
04000,제2종근린생활시설,2종근린생활및단독주택,1
06000,종교시설,신부사제관,1
04000,제2종근린생활시설,계측실,1
01000,단독주택,근린생활시설의학원,1
04000,제2종근린생활시설,보일러실및,1
13000,운동시설,정자각,1
06000,종교시설,만월전,1
04000,제2종근린생활시설,마을공동농산어촌체험시설부속정자,1
10000,교육연구시설,수세식화장실,1
04000,제2종근린생활시설,에비군기동중대사무실,1
04000,제2종근린생활시설,특산품판매장,1
04000,제2종근린생활시설,매표소및관리실,1
20000,자동차관련시설,세차장및정비업,1
21000,동물및식물관련시설,사설,1
21000,동물및식물관련시설,1종근린생활시설,1
03000,제1종근린생활시설,염소투입장,1
03000,제1종근린생활시설,옥상계단실,1
17000,공장,임가공에,1
01000,단독주택,교육연구및복지,1
19000,위험물저장및처리시설,근무자,1
01000,단독주택,도매업,1
15000,숙박시설,노인복지시설,1
19000,위험물저장및처리시설,내부세차코너,1
19000,위험물저장및처리시설,석유가스판매소,1
08000,운수시설,주차홈터미날,1
17000,공장,bt방재창고,1
03000,제1종근린생활시설,농산가공,1
03000,제1종근린생활시설,제1종근린생활외,1
10000,교육연구시설,1층구내식당,1
01000,단독주택,65년,1
04000,제2종근린생활시설,교회유년부실,1
04000,제2종근린생활시설,어린이방,1
17000,공장,페기물보관창고,1
04000,제2종근린생활시설,수처리실,1
,,식품공장,1
22000,분뇨.쓰레기처리시설,오수및폐수처리시설,1
05000,문화및집회시설,세오녀뜰,1
10000,교육연구시설,자동차보관소,1
08000,운수시설,역시설,1
09000,의료시설,근린생활시설및의료시설,1
10000,교육연구시설,교육연구및복지시설및주택,1
04000,제2종근린생활시설,주거생활,1
02000,공동주택,원룸29,1
10000,교육연구시설,사범대학부속고등학교,1
09000,의료시설,영업장,1
01000,단독주택,주유소및근린생활시설,1
10000,교육연구시설,남자화장실,1
10000,교육연구시설,종교수련시설,1
21000,동물및식물관련시설,지하수펌푸실,1
14000,업무시설,일반상업,1
21000,동물및식물관련시설,말운동시설,1
02000,공동주택,미디어센타,1
04000,제2종근린생활시설,제사당,1
10000,교육연구시설,비행시험,1
10000,교육연구시설,기타복리시설,1
04000,제2종근린생활시설,처리시설주유소,1
10000,교육연구시설,급식실창고,1
09000,의료시설,파고라휴게소,1
01000,단독주택,이미용실,1
04200,종교집회장,2종근린생활시설,1
09000,의료시설,정신요양병원,1
17000,공장,견본전시실,1
Z3000,근린생활시설,간이식당,1
08000,운수시설,철도전기분소,1
22000,분뇨.쓰레기처리시설,분뇨저장조,1
10000,교육연구시설,급식실연결통로,1
10000,교육연구시설,검정우사,1
04000,제2종근린생활시설,제조지설,1
10000,교육연구시설,기자재보관실,1
01000,단독주택,농촌주거환경개선사업대상자,1
10000,교육연구시설,기숙사및급식실,1
10000,교육연구시설,저수조펌프실,1
03000,제1종근린생활시설,157,1
03000,제1종근린생활시설,76,1
10000,교육연구시설,창고및펌프실,1
01000,단독주택,다방및주택,1
17000,공장,비공해목재가구제조업,1
18000,창고시설,임산물전시장,1
10000,교육연구시설,가금사육실습실,1
10000,교육연구시설,염수로시험소,1
02000,공동주택,분뇨,1
17000,공장,제습창고,1
10000,교육연구시설,제1의학관,1
03000,제1종근린생활시설,장독대,1
04001,일반음식점,주택,1
08000,운수시설,예미역홈대합실,1
17000,공장,장비보관,1
17000,공장,지붕판넬,1
11000,노유자시설,노유자시설및근린생활,1
21000,동물및식물관련시설,해태미역,1
04000,제2종근린생활시설,메주,1
12000,수련시설,수련시실,1
09000,의료시설,부속시설,1
08000,운수시설,독신자숙소,1
04000,제2종근린생활시설,제2종근린생활시살,1
07000,판매시설,사무동,1
22000,분뇨.쓰레기처리시설,제1수전실,1
02000,공동주택,맘그라운지,1
17000,공장,부분정비업수리점,1
10000,교육연구시설,전기온수기실,1
10000,교육연구시설,문화관,1
04000,제2종근린생활시설,부품조립업,1
04000,제2종근린생활시설,농축산물직판장,1
17000,공장,소규모위험물저장소,1
10000,교육연구시설,급식실및유치원실,1
10000,교육연구시설,방역차량차고,1
22000,분뇨.쓰레기처리시설,수질tms측정실,1
10000,교육연구시설,급식식당,1
13000,운동시설,체련단련장,1
Z3000,근린생활시설,철문제조장,1
10000,교육연구시설,실내훈련장,1
,,선과장,1
01000,단독주택,제2종근린3생활시설,1
10000,교육연구시설,육종연구시설,1
10000,교육연구시설,수의학과실험실,1
09000,의료시설,한방병원및근린생활시설,1
02000,공동주택,ㄱ,1
10000,교육연구시설,발전시설,1
10000,교육연구시설,건축환경실험동,1
09000,의료시설,공작물승용엘리베이터,1
18000,창고시설,농구실,1
10000,교육연구시설,양궁준비실,1
12000,수련시설,해양창고,1
10000,교육연구시설,실외창고,1
04000,제2종근린생활시설,제2종일반근생,1
08000,운수시설,국제선여객터미널출구캐노피,1
10000,교육연구시설,펌프실b,1
04000,제2종근린생활시설,농산물제조,1
17000,공장,96번동,1
03000,제1종근린생활시설,인진쑥가공,1
17000,공장,n03,1
Z5000,문화및집회시설,문중정자,1
02000,공동주택,2종근린생활시설및도시형생활주택,1
13000,운동시설,체육회,1
03000,제1종근린생활시설,계절음식점,1
18000,창고시설,양계장,1
17000,공장,콘트롤빌딩,1
14000,업무시설,방범순찰대,1
17000,공장,sts,1
Z8000,교육연구및복지시설,엔진연구실,1
23000,교정및군사시설,저장고1,1
Z8000,교육연구및복지시설,기숙사및근린생활시설,1
14000,업무시설,생활폐기물,1
06000,종교시설,주,1
13000,운동시설,트레이닝장,1
01000,단독주택,소가,1
05000,문화및집회시설,현관,1
27000,관광휴게시설,제2관리사,1
02000,공동주택,다세구주택,1
01000,단독주택,농업용부속사,1
02000,공동주택,도시형생활주택24세대,1
13000,운동시설,건천운동장,1
16000,위락시설,한증탕,1
02000,공동주택,주민운동시설1,1
25000,발전시설,scr증발기동1,1
17000,공장,공장내사무실,1
01000,단독주택,농산물건조기,1
18000,창고시설,사랑방,1
21000,동물및식물관련시설,인공사육장,1
02000,공동주택,동배전반,1
21000,동물및식물관련시설,축사93,1
04000,제2종근린생활시설,더덕엑기스,1
03000,제1종근린생활시설,샤워시설,1
17000,공장,건축용목재품제조업,1
Z8000,교육연구및복지시설,관리실1,1
03000,제1종근린생활시설,양수기창고,1
Z5000,문화및집회시설,부강서당,1
04000,제2종근린생활시설,사무소10호,1
03000,제1종근린생활시설,장옥2,1
27000,관광휴게시설,공중위생변소,1
04000,제2종근린생활시설,의약품판매소및창고,1
11000,노유자시설,영유보육시설,1
01000,단독주택,건조장및창고,1
01000,단독주택,제1종근린생활시실,1
13000,운동시설,화장실및휴게실,1
17000,공장,경비실2,1
17000,공장,합성섬유,1
04000,제2종근린생활시설,제1종근린새활시설,1
21000,동물및식물관련시설,부산물창고,1
21000,동물및식물관련시설,축산가공실,1
01000,단독주택,아동시설및주택,1
05000,문화및집회시설,공원시설,1
13000,운동시설,예지물처리동,1
02000,공동주택,소형주택아파트,1
18000,창고시설,수도작업장,1
03000,제1종근린생활시설,낚시용구점,1
02000,공동주택,리코셋,1
17000,공장,상차장비가림,1
21000,동물및식물관련시설,주택및동,1
02000,공동주택,통신교환실,1
04000,제2종근린생활시설,elev,1
02000,공동주택,755,1
02000,공동주택,청년편의시설,1
14000,업무시설,3세대,1
03000,제1종근린생활시설,수리파출소,1
04000,제2종근린생활시설,자반가공,1
17000,공장,소모품저장소,1
17000,공장,ash저장조,1
01000,단독주택,일용품판매장,1
14000,업무시설,제2종근린,1
05000,문화및집회시설,미술관부속실,1
18000,창고시설,о桓,1
03000,제1종근린생활시설,의용소방대숙직실,1
17000,공장,소방펌프창고,1
15000,숙박시설,다용도실사워실,1
13000,운동시설,기사휴게실,1
11000,노유자시설,단독주택제2종근린생활시설,1
Z5000,문화및집회시설,전시관,1
04000,제2종근린생활시설,이동파출소,1
07000,판매시설,일반점포,1
07000,판매시설,종합점포,1
18000,창고시설,회관경노당,1
13000,운동시설,별관,1
03000,제1종근린생활시설,특수차고,1
21000,동물및식물관련시설,새우양어장,1
01000,단독주택,위험물저장및판매시설,1
19000,위험물저장및처리시설,가스저장탱크기계실,1
Z8000,교육연구및복지시설,후동교사,1
03000,제1종근린생활시설,복지및,1
02000,공동주택,공공기여시설,1
03000,제1종근린생활시설,제조장및점포,1
10000,교육연구시설,상도중,1
Z6000,판매및영업시설,등대,1
17000,공장,회전기기제조업,1
,,동력실,1
02000,공동주택,공동주택9세대,1
18000,창고시설,버섯저온저장고,1
13000,운동시설,유류창고,1
11000,노유자시설,장애인단기보호시설,1
13000,운동시설,포니마사,1
02000,공동주택,창고및복도,1
Z3000,근린생활시설,근생및다가구주택,1
13000,운동시설,동물및식물관련시설,1
02000,공동주택,349,1
03000,제1종근린생활시설,교육연구시설및제1,1
04000,제2종근린생활시설,요가원,1
04000,제2종근린생활시설,방성교회,1
03000,제1종근린생활시설,생활용수펌프실,1
10000,교육연구시설,합숙소및창고,1
23000,교정및군사시설,가스창고,1
17000,공장,스판덱스,1
26000,묘지관련시설,행상집,1
07000,판매시설,일반목욕장,1
23000,교정및군사시설,견인화포정비고,1
21000,동물및식물관련시설,배지생산작업장,1
03000,제1종근린생활시설,수위실1,1
19000,위험물저장및처리시설,19동,1
23000,교정및군사시설,실내체육관,1
02000,공동주택,it카페,1
03000,제1종근린생활시설,창고형,1
02000,공동주택,공용주차장,1
17000,공장,드럼로링쉘타,1
03000,제1종근린생활시설,화산1동사무소,1
01000,단독주택,동물및식물관련시설및방,1
04000,제2종근린생활시설,공양채,1
05000,문화및집회시설,정비소,1
02000,공동주택,전기실4,1
04000,제2종근린생활시설,김건조가공제조업,1
02000,공동주택,분산상가동,1
17000,공장,사무실및샤워실,1
17000,공장,안전교육실습장,1
02000,공동주택,종업원기숙사,1
27000,관광휴게시설,관광휴게시시설,1
02000,공동주택,근린생활판매시설,1
04000,제2종근린생활시설,개사육장,1
02000,공동주택,아파트복지상가,1
17000,공장,후처리펌프실,1
02000,공동주택,제1종근린생활및도시형생활주택원룸형,1
02000,공동주택,피난공간,1
18000,창고시설,대표실,1
02000,공동주택,부속경비실,1
02000,공동주택,쓸레기집하시설5,1
02000,공동주택,관리실및부속건물,1
04000,제2종근린생활시설,매매업,1
02000,공동주택,탑라이트1,1
18000,창고시설,장기보관고,1
26000,묘지관련시설,공청,1
03000,제1종근린생활시설,1종근생및,1
20000,자동차관련시설,여객자동차운수사업법에,1
01001,단독주택,창고시설,1
13000,운동시설,주택및점포,1
02000,공동주택,웰컴하우스,1
10000,교육연구시설,지하,1
15000,숙박시설,침실,1
06000,종교시설,어린이예배실,1
02000,공동주택,다세대주택및교육및연구복지시설,1
02000,공동주택,공동주택및2종근생,1
02000,공동주택,지상코아,1
02000,공동주택,탑라이트6,1
02000,공동주택,주민회의실2,1
02000,공동주택,190대형주차장,1
02000,공동주택,지하수조펌프실,1
02000,공동주택,기타운동시설,1
02000,공동주택,공동주택1,1
02000,공동주택,2종근생및도시형생활주택,1
02000,공동주택,음식물수거장,1
02000,공동주택,재활용선별창고1,1
02000,공동주택,경비원미화원,1
04000,제2종근린생활시설,메주제조시설,1
30000,자원순환관련시설,채광창,1
02000,공동주택,휴게공간3,1
04000,제2종근린생활시설,민속주,1
03000,제1종근린생활시설,유흥장,1
10000,교육연구시설,금린생활시설,1
16000,위락시설,기타위락시설,1
02000,공동주택,전자통신제어실,1
17000,공장,vsa전기실캐노피,1
21000,동물및식물관련시설,297,1
02000,공동주택,관광휴게시설,1
02000,공동주택,다세대주택및1종근생,1
02000,공동주택,게스트하우스4,1
21000,동물및식물관련시설,거점소독,1
02000,공동주택,펫라운지,1
24000,방송통신시설,통신기계수용,1
05000,문화및집회시설,숭인문,1
11000,노유자시설,시립어린이집,1
10000,교육연구시설,eb고고교사,1
02000,공동주택,온실카페,1
01000,단독주택,단독주택및상가,1
02000,공동주택,경비실13동,1
03000,제1종근린생활시설,도서실및점포,1
02000,공동주택,대여창고,1
13000,운동시설,문화회관,1
03000,제1종근린생활시설,해수공급시설,1
24000,방송통신시설,전량,1
21000,동물및식물관련시설,관리사및보일러실,1
17000,공장,폐자재하차장,1
17000,공장,제당실험실,1
02000,공동주택,입주자창고,1
02000,공동주택,사회복지회관,1
30000,자원순환관련시설,스컴박스,1
02000,공동주택,필로티상시개방형주차장,1
02000,공동주택,기숙사및사무실,1
17000,공장,1조쇄실,1
31000,야영장시설,일반창고,1
30000,자원순환관련시설,출하실,1
17000,공장,육지동물고기가공저장업,1
01000,단독주택,사정휴게실,1
20000,자동차관련시설,주차설비,1
02000,공동주택,어울터,1
02000,공동주택,벤처오피스,1
02000,공동주택,일반사무소,1
02000,공동주택,생활편익구매의료,1
06000,종교시설,선불당,1
02000,공동주택,변전실1,1
04000,제2종근린생활시설,97,1
02000,공동주택,온수탱크실,1
01000,단독주택,협동관,1
17000,공장,식당및경비실,1
03000,제1종근린생활시설,다중음식점,1
03000,제1종근린생활시설,일반음시점,1
02000,공동주택,여자기숙사d동,1
24000,방송통신시설,청주문화방송학산tv중계소,1
19000,위험물저장및처리시설,사무실및숙직실,1
18000,창고시설,기준공,1
19000,위험물저장및처리시설,액화가스보관소,1
,,예미보선분소창고,1
25000,발전시설,폐기물보관동,1
19000,위험물저장및처리시설,근린생활시설및주택,1
06000,종교시설,식당및매점,1
,,교회체육관,1
18000,창고시설,가작,1
02000,공동주택,주차관련,1
11000,노유자시설,입소자숙소,1
04000,제2종근린생활시설,문리계,1
,,농어가시설,1
04000,제2종근린생활시설,도시형식품공장,1
19000,위험물저장및처리시설,가스판매취급소,1
19000,위험물저장및처리시설,자동식세차장,1
27000,관광휴게시설,교육및연구복지시설,1
17000,공장,wwt여과실및창고,1
04000,제2종근린생활시설,중개사무소,1
19000,위험물저장및처리시설,위험울처리저장시설,1
20000,자동차관련시설,기사휴게실,1
13000,운동시설,사설강습소,1
19009,석유판매소,석유판매소,1
19000,위험물저장및처리시설,주유원대기소,1
06000,종교시설,슈퍼마켓,1
,,감자저장고,1
01000,단독주택,구,1
01000,단독주택,성전,1
03000,제1종근린생활시설,1종근린생활시섦및,1
13000,운동시설,pri교장,1
,,사무동,1
19000,위험물저장및처리시설,도시가스실,1
13000,운동시설,실내테니스장3면,1
Z3000,근린생활시설,주유소및,1
04000,제2종근린생활시설,침구류제조,1
03000,제1종근린생활시설,2종근림생활시설,1
15000,숙박시설,109호,1
06000,종교시설,율주실,1
19000,위험물저장및처리시설,유황실,1
21000,동물및식물관련시설,지렁이축사,1
03000,제1종근린생활시설,삼산파출소,1
07000,판매시설,차량통제실,1
01000,단독주택,농촌야외체험장,1
08000,운수시설,주유동,1
27000,관광휴게시설,판매소,1
,,선탄과,1
04000,제2종근린생활시설,01,1
03000,제1종근린생활시설,다로리회관,1
19000,위험물저장및처리시설,액화석유가스판매소및고압가스판매소,1
19000,위험물저장및처리시설,가스계량실,1
10000,교육연구시설,기술실,1
03000,제1종근린생활시설,권역센터,1
15000,숙박시설,이용실,1
17000,공장,어리굴젓공장,1
04000,제2종근린생활시설,유용미생물배양장,1
02000,공동주택,지역공동체,1
17000,공장,burner,1
02000,공동주택,유류탱크,1
02000,공동주택,2311동하부,1
01000,단독주택,지력,1
,,일반공자,1
17000,공장,냉연본공장pcm,1
,,심정보호건물,1
19000,위험물저장및처리시설,간이폐유저장시설,1
13000,운동시설,세탁실,1
18000,창고시설,가스주입대,1
04000,제2종근린생활시설,저탄장,1
17000,공장,제조소및사무소,1
10000,교육연구시설,기화실,1
,,사슴축사,1
,,우형사,1
07000,판매시설,하역장및작업장,1
18000,창고시설,전자부품조립공장,1
18000,창고시설,농산물저장및건조,1
19000,위험물저장및처리시설,산소탱크실,1
11000,노유자시설,제2종근생시설,1
19000,위험물저장및처리시설,충전대기소,1
05000,문화및집회시설,문화및집회지설,1
33000,"국방,군사시설",식당,1
,,97농가주택,1
11000,노유자시설,보건진료소,1
21000,동물및식물관련시설,식룸관련시설,1
19000,위험물저장및처리시설,위험물보관소,1
07000,판매시설,농산물집판장,1
01000,단독주택,밤가루,1
01000,단독주택,다종주택,1
01000,단독주택,주택문간,1
,,노인대학,1
17000,공장,사무실창고휴게실,1
19000,위험물저장및처리시설,가스공급실,1
17000,공장,공정사무실,1
,,경비실2,1
17000,공장,참식품,1
27000,관광휴게시설,숲속수련장,1
17000,공장,약품,1
03000,제1종근린생활시설,회화관,1
17000,공장,중대본부,1
10000,교육연구시설,지역훈련소,1
17000,공장,건축자재보관창고,1
19000,위험물저장및처리시설,광산유류고,1
19000,위험물저장및처리시설,위험물처리및저장외1용도,1
,,가스저장창고,1
26000,묘지관련시설,파고라,1
17000,공장,농기구수리,1
01000,단독주택,공동생활시설,1
19000,위험물저장및처리시설,off,1
,,일반목재가구,1
21000,동물및식물관련시설,구축물,1
21000,동물및식물관련시설,작업,1
03000,제1종근린생활시설,물리장,1
18000,창고시설,일반자재,1
24000,방송통신시설,촬영장,1
Z5000,문화및집회시설,주차장,1
03000,제1종근린생활시설,유락시설및,1
06000,종교시설,종교시설및제1,1
21000,동물및식물관련시설,보일러공,1
12000,수련시설,수련소,1
16000,위락시설,일반유흥음식점시설및,1
08000,운수시설,우천통로,1
17000,공장,내의류제조업,1
11000,노유자시설,ㅣ제1종근린생활시설,1
,,생활관,1
17000,공장,유압공장,1
20000,자동차관련시설,자동차관련시설차고,1
03000,제1종근린생활시설,위병면회실,1
21000,동물및식물관련시설,사료제조실,1
02000,공동주택,생활편익시설및유치원,1
29000,장례시설,일반창고,1
02000,공동주택,부대시설기계실,1
30000,자원순환관련시설,액비화조,1
13000,운동시설,총기수리소및전시실,1
17000,공장,축전기제조업,1
03000,제1종근린생활시설,차양,1
29000,장례시설,기계실,1
02000,공동주택,사원임대용연립주택,1
02000,공동주택,아이키움,1
04000,제2종근린생활시설,그룹홈,1
17000,공장,중화동,1
02000,공동주택,농산물야적장,1
08000,운수시설,휴게음식점,1
11000,노유자시설,체력단련시설,1
17000,공장,154kv변전소,1
03000,제1종근린생활시설,부녀노인회,1
01000,단독주택,축사및대문,1
30000,자원순환관련시설,총인처리기계실,1
04000,제2종근린생활시설,신호소,1
02000,공동주택,저장조,1
02000,공동주택,태양열기계실,1
02000,공동주택,연립주태,1
02000,공동주택,맘스스테이션1,1
04000,제2종근린생활시설,자동차관련시설중,1
17000,공장,어상자제조업,1
21000,동물및식물관련시설,사료실관리사,1
02000,공동주택,지하주차장9,1
04000,제2종근린생활시설,법무부,1
17000,공장,약방,1
02000,공동주택,집회노인정,1
30000,자원순환관련시설,오폐수종말처리시설,1
02000,공동주택,지하진입계단실,1
02000,공동주택,기숙소,1
27000,관광휴게시설,공공하수처리시설,1
03000,제1종근린생활시설,점포및부속사,1
03000,제1종근린생활시설,지례면민복지회관,1
03000,제1종근린생활시설,농산물판매장및저온창고,1
03000,제1종근린생활시설,근생및단독주택2가구,1
03000,제1종근린생활시설,대두라경찰출장소,1
21000,동물및식물관련시설,임시퇴비저장고,1
01000,단독주택,농사용창고및,1
03000,제1종근린생활시설,월현1배수장,1
15000,숙박시설,제2종생활시설,1
03000,제1종근린생활시설,전자제품조립공장,1
02000,공동주택,48포함,1
03000,제1종근린생활시설,마을공동농어촌체험장,1
03000,제1종근린생활시설,비인시장,1
03000,제1종근린생활시설,폐수종말처리시설,1
23000,교정및군사시설,탈의실,1
11000,노유자시설,농작업휴식실,1
11000,노유자시설,마을공동노인정,1
18000,창고시설,제12동,1
03000,제1종근린생활시설,풍물연습장,1
03000,제1종근린생활시설,영업소및점포,1
03000,제1종근린생활시설,회관화장실,1
03000,제1종근린생활시설,사동육동경로당,1
03000,제1종근린생활시설,내로마을경로당,1
03000,제1종근린생활시설,마을회관및점포,1
03000,제1종근린생활시설,세탁장하우스,1
15000,숙박시설,제1종근린생할시설,1
03000,제1종근린생활시설,마을회노인정,1
03000,제1종근린생활시설,배수품실용,1
33000,"국방,군사시설",일반창고,1
33000,"국방,군사시설",군악대,1
03000,제1종근린생활시설,어협위판장,1
11000,노유자시설,농가용창고,1
17000,공장,bagging,1
20000,자동차관련시설,폐기물보관소,1
03000,제1종근린생활시설,청년창업,1
03000,제1종근린생활시설,창주청사,1
03000,제1종근린생활시설,공공사업소,1
03000,제1종근린생활시설,골재판매점,1
03000,제1종근린생활시설,칠송정,1
03000,제1종근린생활시설,서장대,1
19000,위험물저장및처리시설,주유소휴게실,1
15000,숙박시설,총포판매사,1
03000,제1종근린생활시설,농기계수리썬타,1
03000,제1종근린생활시설,옥외휴게소,1
03000,제1종근린생활시설,방송중계소,1
03000,제1종근린생활시설,가나다라마바사,1
19000,위험물저장및처리시설,자동차간이정비시설,1
03000,제1종근린생활시설,소배수지관리동,1
04000,제2종근린생활시설,플라스틱제품제조업,1
18000,창고시설,압축기실,1
03000,제1종근린생활시설,청과물공판장,1
03000,제1종근린생활시설,철도건널목초소,1
08000,운수시설,관제실,1
21000,동물및식물관련시설,계분처리시설,1
03000,제1종근린생활시설,단독주택및근린,1
03000,제1종근린생활시설,기마경찰대,1
17000,공장,기숙실,1
Z5000,문화및집회시설,교육원,1
03000,제1종근린생활시설,농협농산물집하장,1
03000,제1종근린생활시설,근린생활시설및업무시설및근린운동시설,1
03000,제1종근린생활시설,병원및점포,1
03000,제1종근린생활시설,궁방,1
03000,제1종근린생활시설,주택및다방,1
05000,문화및집회시설,휘릉정자각,1
04000,제2종근린생활시설,주차시설판매,1
02000,공동주택,작은식물원,1
11000,노유자시설,육아보육시설,1
06000,종교시설,묘심사,1
03000,제1종근린생활시설,마을공동농산물간이집하장,1
11000,노유자시설,관리시설,1
03000,제1종근린생활시설,오존접촉지동,1
11000,노유자시설,교육연구및복지시설ㆍ단독주택,1
13000,운동시설,유지보수창고,1
03000,제1종근린생활시설,옹기가마체험장,1
03000,제1종근린생활시설,예비군면대,1
18000,창고시설,여직원휴게실,1
01000,단독주택,회당,1
21000,동물및식물관련시설,암롤탱크실,1
17000,공장,전기실px,1
03000,제1종근린생활시설,제1종근린생활시설공원관리사,1
27000,관광휴게시설,메모리얼,1
03000,제1종근린생활시설,근린판매시설,1
01000,단독주택,다중주택및제1,1
03000,제1종근린생활시설,기항지대기실,1
15000,숙박시설,a형,1
05000,문화및집회시설,행사장,1
23000,교정및군사시설,사격통제기,1
03000,제1종근린생활시설,주택및위락시설,1
03000,제1종근린생활시설,장안마을회관,1
01000,단독주택,구택,1
03000,제1종근린생활시설,농업생산기술,1
18000,창고시설,북측환기동,1
03000,제1종근린생활시설,경보실,1
20000,자동차관련시설,통제실1,1
03000,제1종근린생활시설,망향정,1
11000,노유자시설,영우아보육시설,1
03000,제1종근린생활시설,관광안내센터,1
Z5000,문화및집회시설,교회유아원,1
03000,제1종근린생활시설,연락초소,1
21000,동물및식물관련시설,가내공장,1
14000,업무시설,업무시설및제1,1
03000,제1종근린생활시설,약품창고,1
03000,제1종근린생활시설,국립공원관리사무실,1
14000,업무시설,종친회관,1
03000,제1종근린생활시설,관리사옥,1
03000,제1종근린생활시설,동민공회관,1
03000,제1종근린생활시설,환경오염방지시설,1
17000,공장,침전탱크,1
11000,노유자시설,노유자및,1
18000,창고시설,우사및,1
27000,관광휴게시설,야외샤워장,1
11000,노유자시설,기타교육연구및복지시설,1
03000,제1종근린생활시설,미술품제작소,1
03000,제1종근린생활시설,아을회관,1
04000,제2종근린생활시설,일용소매점,1
03000,제1종근린생활시설,농업기술센타,1
03000,제1종근린생활시설,경찰관출장소및숙소,1
03000,제1종근린생활시설,부곡마을회관,1
11000,노유자시설,간이양노시설,1
01000,단독주택,침구관련,1
01000,단독주택,국민,1
02000,공동주택,건조실,1
04000,제2종근린생활시설,종교짐회장,1
11000,노유자시설,노인복지시설및마을회관,1
03000,제1종근린생활시설,상수도취수장관리사,1
07000,판매시설,정비동,1
03000,제1종근린생활시설,조명제어실,1
03000,제1종근린생활시설,소매점및음식점,1
03000,제1종근린생활시설,가내수공업,1
03000,제1종근린생활시설,전지전화분기국,1
03000,제1종근린생활시설,석동새마을회관,1
17000,공장,조각실,1
03000,제1종근린생활시설,흥전2리마을회관,1
03000,제1종근린생활시설,배수지전기판넬실,1
11000,노유자시설,노유지사설,1
02000,공동주택,단체운동실,1
03000,제1종근린생활시설,마을모정및회관,1
03000,제1종근린생활시설,근린생활시설총괄,1
03000,제1종근린생활시설,잡화판매장,1
18000,창고시설,농산무보관창고,1
17000,공장,제10분석기실,1
06000,종교시설,근린시설,1
03000,제1종근린생활시설,마을공동샤워장,1
18000,창고시설,정유실,1
03000,제1종근린생활시설,부전3파출소,1
17000,공장,블럭실험실,1
01000,단독주택,및음식점,1
17000,공장,2고로냉각수펌프실,1
03000,제1종근린생활시설,농기계수리쎈타,1
03000,제1종근린생활시설,전화자동기기보전실,1
04000,제2종근린생활시설,일반유원시설업,1
03000,제1종근린생활시설,저수리,1
11000,노유자시설,고아교실,1
11000,노유자시설,불우자수용소,1
03000,제1종근린생활시설,유지관리실,1
03000,제1종근린생활시설,다세대주택외2,1
03000,제1종근린생활시설,새마을회관및화수회관,1
13000,운동시설,화장실및창고,1
17000,공장,제3운전자실,1
03000,제1종근린생활시설,제1종근린싱활시설,1
04000,제2종근린생활시설,검조소,1
03000,제1종근린생활시설,4검문소,1
03000,제1종근린생활시설,채소집하장,1
11000,노유자시설,종합복지관,1
03000,제1종근린생활시설,자치단체청사,1
03000,제1종근린생활시설,양수장및주택,1
03000,제1종근린생활시설,톨게이트및영업시설,1
03000,제1종근린생활시설,상수도급수장,1
03000,제1종근린생활시설,집중전기실,1
03000,제1종근린생활시설,자연휴양림,1
11000,노유자시설,지역교류센타,1
03000,제1종근린생활시설,병원및의료시설,1
06000,종교시설,학생부실,1
03000,제1종근린생활시설,대방동사무소,1
18000,창고시설,과수원,1
03000,제1종근린생활시설,소매점및창고시설,1
33000,"국방,군사시설",낙하산정비고,1
17000,공장,공원숙소,1
03000,제1종근린생활시설,및대피소,1
04000,제2종근린생활시설,계분건조장,1
03000,제1종근린생활시설,단산마을여자경로당,1
03000,제1종근린생활시설,기숙사및근린생활시설,1
03000,제1종근린생활시설,우체국및관사,1
11000,노유자시설,양로원회관,1
03000,제1종근린생활시설,판매시설및관리실,1
03000,제1종근린생활시설,제1종근린생활시설및공동주택,1
03000,제1종근린생활시설,마을회관및공부방,1
03000,제1종근린생활시설,근린생활숙박시설,1
17000,공장,철골표면처리장,1
11000,노유자시설,장애인유아보육시설,1
03000,제1종근린생활시설,청산면해양보호구역방문자센터,1
20000,자동차관련시설,농기계보관창고,1
03000,제1종근린생활시설,축산위생연구소,1
03000,제1종근린생활시설,농협구판장및사무소,1
11000,노유자시설,교육연구및복지시설및장애인복지시설,1
03000,제1종근린생활시설,유아원및노인정,1
03000,제1종근린생활시설,마곡회관,1
02000,공동주택,공동체지원센터,1
03000,제1종근린생활시설,온실및창고,1
19000,위험물저장및처리시설,농가주택,1
01000,단독주택,화훼사,1
01000,단독주택,한우사,1
,,다목적교실,1
06000,종교시설,자전거보관소,1
03000,제1종근린생활시설,화장실및부속창고,1
01000,단독주택,침례장,1
03000,제1종근린생활시설,제1종근린생활시섧,1
03000,제1종근린생활시설,간이상수도시설,1
02000,공동주택,연립9세대,1
26000,묘지관련시설,소매점,1
18000,창고시설,임업기계보관소,1
14000,업무시설,소개업소,1
21000,동물및식물관련시설,견학실,1
01000,단독주택,근린및단독,1
Z8000,교육연구및복지시설,보육실,1
22000,분뇨.쓰레기처리시설,사여과지,1
04000,제2종근린생활시설,일반대중음식점및,1
04000,제2종근린생활시설,물품취급장비제조업,1
19000,위험물저장및처리시설,v저장및처리시설,1
14000,업무시설,서점,1
30000,자원순환관련시설,임목폐기물보관창고,1
04000,제2종근린생활시설,임산물가공장,1
05000,문화및집회시설,장외발매소,1
17000,공장,전복,1
17000,공장,덧집,1
20000,자동차관련시설,스팀세차장,1
22000,분뇨.쓰레기처리시설,야외화장실동,1
20000,자동차관련시설,유조차고,1
01000,단독주택,주택및창고외,1
01000,단독주택,97불량주택개량사업,1
22000,분뇨.쓰레기처리시설,페기물소각장,1
11000,노유자시설,경로당및회의실,1
04000,제2종근린생활시설,옥외,1
22000,분뇨.쓰레기처리시설,사여과지동,1
04000,제2종근린생활시설,한가구,1
06000,종교시설,321,1
Z3000,근린생활시설,식당및주택,1
21000,동물및식물관련시설,퇴비발효실,1
33000,"국방,군사시설",교육사열대,1
10000,교육연구시설,스탠드1,1
03000,제1종근린생활시설,전시공간,1
Z8000,교육연구및복지시설,기타학교,1
18000,창고시설,계전실,1
20000,자동차관련시설,주민개방형주차장,1
02000,공동주택,손님방,1
07000,판매시설,소비자보호실,1
20000,자동차관련시설,검차장사무실,1
11000,노유자시설,사무,1
03000,제1종근린생활시설,농가주택및점포,1
01000,단독주택,소메점,1
02000,공동주택,960,1
17000,공장,부품제조,1
,,및창고,1
02000,공동주택,기숙사b동,1
01000,단독주택,다가주주택및2종근린생활시설,1
03000,제1종근린생활시설,부동산소개업소,1
22000,분뇨.쓰레기처리시설,케이호퍼,1
05000,문화및집회시설,의한,1
20000,자동차관련시설,가스저장소,1
19000,위험물저장및처리시설,서고,1
20000,자동차관련시설,사설강습소,1
10000,교육연구시설,인문중,1
01000,단독주택,개선사업에,1
,,공공업무시설,1
05000,문화및집회시설,주민공동이용시설,1
17000,공장,부산물창고,1
01000,단독주택,상수도배수지,1
01000,단독주택,16가구주택,1
31000,야영장시설,야영장시설외1,1
17000,공장,정비지원센터,1
17000,공장,스트랩장,1
24000,방송통신시설,생활창고,1
21000,동물및식물관련시설,사료출고장,1
01000,단독주택,근생소매점,1
Z3000,근린생활시설,유리제품,1
22000,분뇨.쓰레기처리시설,a형,1
Z3000,근린생활시설,운동,1
17000,공장,해조류제조,1
17000,공장,옥외주물저장소,1
03000,제1종근린생활시설,농기구창고,1
30000,자원순환관련시설,종합폐수,1
04000,제2종근린생활시설,메주등,1
17000,공장,재생재료가공업,1
04000,제2종근린생활시설,wnxor,1
01000,단독주택,한복학원,1
05000,문화및집회시설,1종근생,1
14000,업무시설,관람집회실,1
10000,교육연구시설,매점동,1
04400,사무소,사무소,1
02000,공동주택,주방및,1
17000,공장,전시설,1
03000,제1종근린생활시설,유리가공제조업,1
02000,공동주택,소방관대기실,1
02000,공동주택,배기,1
17000,공장,만두,1
03000,제1종근린생활시설,간이급수용,1
04000,제2종근린생활시설,미산지소,1
17000,공장,용기충전실,1
08000,운수시설,지원시설,1
04000,제2종근린생활시설,원룸형18세대,1
17000,공장,cr계기계실,1
17000,공장,용품창고,1
01000,단독주택,대증음식점,1
03000,제1종근린생활시설,농산물집하장및근,1
18000,창고시설,설치용창고,1
14000,업무시설,은,1
17000,공장,에스공장,1
11000,노유자시설,제2종근린새활시설,1
,,창고및보일러실,1
18000,창고시설,하우스,1
04000,제2종근린생활시설,마을공동게이트볼장,1
17000,공장,압축기전기실,1
03000,제1종근린생활시설,용신동주민센터,1
18000,창고시설,달리분류되지않은인쇄관련서비스업,1
01000,단독주택,지상2층,1
18000,창고시설,공산품저장,1
17000,공장,관광숙박시설,1
01000,단독주택,수선방,1
17000,공장,혼합대,1
17000,공장,공장위험물,1
17000,공장,사용인숙소,1
17000,공장,도덕항안전등실,1
17000,공장,수위실및물류사무실,1
08000,운수시설,운전분소,1
,,지붕,1
17000,공장,roller,1
17000,공장,석회공장,1
05000,문화및집회시설,촉각,1
27000,관광휴게시설,지하주차장,1
04000,제2종근린생활시설,건축자재창고,1
07000,판매시설,자재점포,1
17000,공장,피막장,1
24000,방송통신시설,6mm안테나,1
03000,제1종근린생활시설,배수펌프시설,1
10000,교육연구시설,청사용,1
04000,제2종근린생활시설,재첩가공시설,1
19000,위험물저장및처리시설,위험물저장및철리시설,1
04000,제2종근린생활시설,협,1
21000,동물및식물관련시설,축사관리,1
19000,위험물저장및처리시설,영선반,1
,,봉사,1
17000,공장,400,1
05000,문화및집회시설,건천유적지,1
02000,공동주택,우수관리실1,1
01000,단독주택,연무관도장,1
18000,창고시설,밀감저장고,1
Z3000,근린생활시설,운수시설,1
13000,운동시설,그늘집5,1
01000,단독주택,28,1
21000,동물및식물관련시설,선별처리장,1
18000,창고시설,농사물창고,1
14000,업무시설,업무시설단독주택,1
17000,공장,pvc계근대출하장,1
,,옥간정,1
01000,단독주택,용기보관,1
04000,제2종근린생활시설,금고실,1
04000,제2종근린생활시설,공장용,1
,,축가,1
21000,동물및식물관련시설,부화장시설,1
03000,제1종근린생활시설,근린공공및,1
02000,공동주택,24h헬프케어센터,1
02000,공동주택,조리실,1
01000,단독주택,연초장,1
,,석재공장,1
19000,위험물저장및처리시설,특수위험물판매소,1
21000,동물및식물관련시설,지목변경및용도변경불가,1
,,동뭉및식물관련시설,1
07000,판매시설,부속사,1
07000,판매시설,판매및영업시설외5,1
01000,단독주택,배양실,1
19000,위험물저장및처리시설,폐유저장고,1
18000,창고시설,무허가축사,1
03000,제1종근린생활시설,위탁장,1
21000,동물및식물관련시설,수족관,1
14000,업무시설,정수장,1
03000,제1종근린생활시설,피부미용업,1
24000,방송통신시설,전지실,1
19000,위험물저장및처리시설,평가건주유소,1
19000,위험물저장및처리시설,위험물저장및처리시설외3용도,1
21000,동물및식물관련시설,농업생산시설2동,1
14000,업무시설,다세대주택18세대,1
18000,창고시설,여인숙,1
02000,공동주택,철근콘크리트구조,1
02000,공동주택,여성친화공간10,1
01000,단독주택,판내시설,1
02000,공동주택,여가문화시설,1
17000,공장,현물보관창고,1
02000,공동주택,아파트지하출입구,1
02000,공동주택,커뮤니티프라자,1
10000,교육연구시설,폐유저장소,1
14000,업무시설,유기장,1
05000,문화및집회시설,노인회관,1
06000,종교시설,아미타전,1
02000,공동주택,방과후아카데미,1
02000,공동주택,생활자원보관소,1
02000,공동주택,기계관리실,1
02000,공동주택,국민숙사,1
18000,창고시설,단층,1
21000,동물및식물관련시설,256,1
01000,단독주택,94년분,1
17000,공장,품질관리,1
04000,제2종근린생활시설,농산물도정공장,1
04000,제2종근린생활시설,단위조합연쇄점,1
02000,공동주택,구조물,1
14000,업무시설,마을공동구판장,1
17000,공장,예비,1
17000,공장,풀품보관창고,1
02000,공동주택,가스기화기실,1
30000,자원순환관련시설,오폐수처리장관리동,1
03000,제1종근린생활시설,복지주택,1
04000,제2종근린생활시설,농산물자재,1
02000,공동주택,커뮤니티웰컴센터,1
02000,공동주택,청소년커뮤니티시설,1
02000,공동주택,정화조외부계단,1
17000,공장,고객쉼터,1
17000,공장,침출동,1
30000,자원순환관련시설,자원관련시설,1
02000,공동주택,다이닝카페테리아,1
02000,공동주택,어린이집승하차장,1
02000,공동주택,다세택주택,1
02000,공동주택,청년지원실,1
17000,공장,내항부두,1
03000,제1종근린생활시설,근린생활시설및은행,1
04000,제2종근린생활시설,근린생활시설및업무시설및,1
04000,제2종근린생활시설,수산물가공제조업소,1
02000,공동주택,정화조점검실,1
02000,공동주택,정보문화교실,1
06000,종교시설,세덕사,1
01000,단독주택,라동,1
Z8000,교육연구및복지시설,독서실,1
02000,공동주택,워크스페이스,1
10000,교육연구시설,저온저장창고,1
02000,공동주택,맘스스테이션카페,1
19000,위험물저장및처리시설,부탄가스보관실,1
10000,교육연구시설,주택및교육연구시설,1
02000,공동주택,기계전기실등,1
02000,공동주택,bike,1
02000,공동주택,건강케어센터,1
17000,공장,1지구발파대피소,1
11000,노유자시설,제1종린생활시설,1
17000,공장,공장공작실,1
01000,단독주택,부건2호,1
11000,노유자시설,교욱연구,1
17000,공장,혼합설비대,1
01000,단독주택,연소,1
10000,교육연구시설,예능기술학원,1
05000,문화및집회시설,효자비,1
06000,종교시설,묘적암,1
17000,공장,위허물저장고,1
04000,제2종근린생활시설,화공실,1
21000,동물및식물관련시설,칭고,1
01000,단독주택,건조곡간,1
17000,공장,오징어세척공장,1
04000,제2종근린생활시설,도시형제조공장,1
17000,공장,재활용보관장,1
17000,공장,융설데크기계실,1
18000,창고시설,폐가전집하장,1
17000,공장,주행검사장캐노피,1
17000,공장,목공예가공작업장,1
17000,공장,카톤팩압착장,1
19000,위험물저장및처리시설,액회석유가스,1
01000,단독주택,주택5가구용,1
17000,공장,출하장쉘터,1
17000,공장,회약류저장소,1
17000,공장,출고세차장,1
18000,창고시설,농작물건조,1
17000,공장,대한주물공장,1
10000,교육연구시설,보관창고,1
17000,공장,체험학습장,1
06000,종교시설,교육연구실,1
17000,공장,박스창고,1
17000,공장,주행시험장,1
17000,공장,판금작업장,1
17000,공장,폐수처리시설조작실,1
17000,공장,셀러유니트실,1
17000,공장,실습공장,1
17000,공장,콤파운드실,1
17000,공장,가압부상조,1
03000,제1종근린생활시설,목곡,1
17000,공장,05,1
,,회관및경로당,1
20000,자동차관련시설,수리공장,1
23000,교정및군사시설,데크주차장,1
27000,관광휴게시설,정수시설,1
05000,문화및집회시설,한남루,1
01000,단독주택,농업시설물,1
21000,동물및식물관련시설,번식사외5동,1
03000,제1종근린생활시설,성두마을회관,1
02000,공동주택,evel,1
17000,공장,순환압축장치실,1
03000,제1종근린생활시설,경노원,1
18000,창고시설,어류축양장,1
01000,단독주택,영유아,1
17000,공장,히팅룸,1
01000,단독주택,유류판매시설,1
03000,제1종근린생활시설,농업인공동생활편익및이용시설,1
18000,창고시설,대문,1
01000,단독주택,간독공장,1
17000,공장,c제1차플라스틱가공제조업,1
23000,교정및군사시설,정수장,1
09000,의료시설,간호원실,1
04000,제2종근린생활시설,제2근린생횔시설,1
03000,제1종근린생활시설,면대본부,1
13000,운동시설,카트실,1
04000,제2종근린생활시설,윈치실,1
17000,공장,재순환,1
17000,공장,22펌프실,1
03000,제1종근린생활시설,도자기전시관,1
23000,교정및군사시설,초소2,1
03000,제1종근린생활시설,특산물판매점,1
21000,동물및식물관련시설,유돈실,1
19000,위험물저장및처리시설,자동차용,1
03000,제1종근린생활시설,후생주택,1
04000,제2종근린생활시설,종교교집회장,1
19000,위험물저장및처리시설,엘피지충전소,1
24000,방송통신시설,v,1
10000,교육연구시설,부산배화학교,1
09000,의료시설,문화,1
19000,위험물저장및처리시설,경비소,1
23000,교정및군사시설,그늘집,1
17000,공장,물품창고및휴게실,1
11000,노유자시설,직업보도소,1
15000,숙박시설,저온저장고,1
23000,교정및군사시설,취사용가스보관소,1
17000,공장,사무실및외부계단,1
23000,교정및군사시설,훈련통제본부,1
03000,제1종근린생활시설,입시계학원,1
10000,교육연구시설,연구실험동,1
17000,공장,공장주조,1
20000,자동차관련시설,폐기물저장소,1
04000,제2종근린생활시설,제과점및사무실,1
11000,노유자시설,비석경로당,1
24000,방송통신시설,경유탱크,1
Z8000,교육연구및복지시설,엔더슨기념관,1
17000,공장,712v,1
17000,공장,소화기보관대,1
05000,문화및집회시설,구내매점,1
17000,공장,2nd,1
25000,발전시설,재난대응센터,1
17000,공장,재생플라스틱제조업,1
17000,공장,분철집하장,1
01000,단독주택,유천중사택,1
21000,동물및식물관련시설,당동배수지,1
01000,단독주택,포도막사,1
01000,단독주택,주택및농업시설,1
01000,단독주택,사업장,1
10000,교육연구시설,음식제조판매,1
19000,위험물저장및처리시설,운행제한차량단속검문소,1
04000,제2종근린생활시설,별묘,1
23000,교정및군사시설,조종시뮬레이터시설,1
JY,,일반음식점,1
21000,동물및식물관련시설,되비사,1
21000,동물및식물관련시설,가축분발효시설,1
01000,단독주택,교회용,1
01000,단독주택,제1종및제2종,1
05000,문화및집회시설,검차장,1
04000,제2종근린생활시설,선거관리위원회,1
05000,문화및집회시설,종로홍보관,1
01000,단독주택,창고및개량건조장,1
05000,문화및집회시설,믄화및집회시설,1
17000,공장,켄버스제품제조업,1
30000,자원순환관련시설,자원재활용시설,1
17000,공장,양근장,1
21000,동물및식물관련시설,소독실2,1
15000,숙박시설,6가구,1
19000,위험물저장및처리시설,일반제품,1
09000,의료시설,주택건설기준등에관한규정에,1
30000,자원순환관련시설,자재적치장,1
04000,제2종근린생활시설,사스주입구,1
13000,운동시설,수영장합숙소,1
01000,단독주택,우마,1
13000,운동시설,양어관리사,1
01000,단독주택,복지시설및주택,1
22000,분뇨.쓰레기처리시설,돈,1
02000,공동주택,수영장펌프실,1
13000,운동시설,테니스장대기실,1
13000,운동시설,근린체육시설,1
03000,제1종근린생활시설,주체험관,1
10000,교육연구시설,전자도서관,1
06000,종교시설,주2,1
03000,제1종근린생활시설,전시업무,1
05000,문화및집회시설,면양집,1
05000,문화및집회시설,면앙정,1
09000,의료시설,정신요양소,1
03000,제1종근린생활시설,새마을공동,1
17000,공장,3변전소,1
03000,제1종근린생활시설,식품제조가공업소,1
21000,동물및식물관련시설,벼발아실,1
03000,제1종근린생활시설,모전동회관,1
13000,운동시설,근린생할시설,1
14000,업무시설,387호,1
30000,자원순환관련시설,재활용선별실,1
33000,"국방,군사시설",군사시시설,1
02000,공동주택,통학버스,1
02000,공동주택,탑승대기소,1
02000,공동주택,단지형연립주택공동주택,1
10000,교육연구시설,어린이영어학원,1
03000,제1종근린생활시설,단란주전,1
Z8000,교육연구및복지시설,교육연구시설및노유자시설,1
13000,운동시설,공공운동시설,1
10000,교육연구시설,부속체육동,1
10000,교육연구시설,근린생활시설및학원,1
20000,자동차관련시설,유류창고,1
03000,제1종근린생활시설,후문,1
19000,위험물저장및처리시설,위험물저장처리및처리시설,1
31000,야영장시설,복도,1
03000,제1종근린생활시설,변사,1
04000,제2종근린생활시설,동물미용업소,1
21000,동물및식물관련시설,곡간,1
Z5000,문화및집회시설,종교시설및일반주택,1
30000,자원순환관련시설,가성소다약품실,1
20000,자동차관련시설,관린실,1
17000,공장,필터세척실,1
17000,공장,숙직실및수위실,1
10000,교육연구시설,연구및실험실,1
03000,제1종근린생활시설,활어장,1
10000,교육연구시설,가금사,1
10000,교육연구시설,실내체육시설,1
10000,교육연구시설,소각장창고,1
10000,교육연구시설,식자재창고,1
10000,교육연구시설,자연대2호관,1
Z5000,문화및집회시설,동제,1
Z5000,문화및집회시설,서제,1
08000,운수시설,발전시설,1
21000,동물및식물관련시설,육가공장,1
10000,교육연구시설,무빙쉘터,1
01000,단독주택,1종근린생활시설및다가구,1
06000,종교시설,문화재보호전각,1
03000,제1종근린생활시설,공중화장실및샤워장,1
17000,공장,안전장비,1
09000,의료시설,근린,1
10000,교육연구시설,산성분교,1
02000,공동주택,원품형,1
02000,공동주택,비즈니스룸,1
15000,숙박시설,주택외,1
08000,운수시설,지하도로,1
10000,교육연구시설,인문사회과학관,1
17000,공장,rundown,1
18000,창고시설,기사휴게실,1
17000,공장,pcl,1
04000,제2종근린생활시설,지하유조탱크,1
08000,운수시설,레이다송신소,1
06000,종교시설,동식물관련시설,1
03000,제1종근린생활시설,신정,1
03000,제1종근린생활시설,항운노조회관,1
10000,교육연구시설,기관학관,1
17000,공장,특장차정비,1
10000,교육연구시설,쓰레기집적소,1
03000,제1종근린생활시설,제1종긘린생활시설,1
08000,운수시설,집표소,1
02000,공동주택,접견실,1
08000,운수시설,종교시설,1
09000,의료시설,강당연결통로1,1
12000,수련시설,음식나눔공방,1
10000,교육연구시설,다목적실및급식소,1
10000,교육연구시설,ess실,1
17000,공장,벽돌공장관리실,1
20000,자동차관련시설,주차장및근생,1
14000,업무시설,78세대,1
10000,교육연구시설,탈염장,1
10000,교육연구시설,샤워실및휴게실,1
12000,수련시설,해가림막,1
04000,제2종근린생활시설,운동장본부석,1
17000,공장,축산물가공시설,1
18000,창고시설,폐수처리조,1
10000,교육연구시설,폐기물수거함,1
10000,교육연구시설,실내골프연습장,1
10000,교육연구시설,매점2,1
,,약품,1
17000,공장,컴퓨터및주변기기제조업,1
10000,교육연구시설,워험물저장소,1
04000,제2종근린생활시설,일반음시점및,1
02000,공동주택,펌퍼실,1
10000,교육연구시설,연구시험실,1
10000,교육연구시설,통신,1
18000,창고시설,버섯재배관리사,1
02000,공동주택,노인장,1
05000,문화및집회시설,동물월동사육장,1
05000,문화및집회시설,수처리시설,1
18000,창고시설,교육실,1
17000,공장,모터보관창고,1
17000,공장,작업,1
18000,창고시설,장식용목제품제조,1
01000,단독주택,주택및다가구주택,1
20000,자동차관련시설,세차장및카센타,1
17000,공장,용선예비처리,1
21000,동물및식물관련시설,가축사육운동장,1
16000,위락시설,전자오락,1
01000,단독주택,제1종근린생활시셜,1
05000,문화및집회시설,공작새장,1
01000,단독주택,다중주택10실,1
18000,창고시설,농업기계임대사업소,1
01000,단독주택,주택1가구및부속사,1
27000,관광휴게시설,다목적체험장,1
06000,종교시설,대기실,1
,,대상건축물,1
03000,제1종근린생활시설,농예사업장,1
16000,위락시설,처리시설,1
17000,공장,탱크및가공저장용기,1
04000,제2종근린생활시설,비내화모르타르,1
15000,숙박시설,외부통로,1
18000,창고시설,6호,1
01000,단독주택,가축사육,1
15000,숙박시설,보행자통로,1
08000,운수시설,운항관리시설,1
01000,단독주택,주택개량지원,1
15000,숙박시설,여인숙외3용도,1
10000,교육연구시설,목공교실,1
25000,발전시설,파고라1,1
04000,제2종근린생활시설,시외버스정류장,1
17000,공장,압착식용유제조장,1
21000,동물및식물관련시설,곰집,1
04000,제2종근린생활시설,주유업사무실,1
03000,제1종근린생활시설,경상북도,1
17000,공장,qc기계실,1
04000,제2종근린생활시설,잠사,1
15000,숙박시설,여관및근린생활시설및사무실,1
03000,제1종근린생활시설,2종근린생활시설주택,1
14000,업무시설,오피스텔13실,1
03000,제1종근린생활시설,입시계시설,1
17000,공장,202공장,1
Z8000,교육연구및복지시설,및자동차관련시설,1
17000,공장,정수지,1
01000,단독주택,주거및우사,1
01000,단독주택,및다중주택,1
17000,공장,제2종근린시설,1
02000,공동주택,아동가족상담센터,1
02000,공동주택,p3,1
14000,업무시설,후생센타,1
05000,문화및집회시설,계승전,1
01000,단독주택,기타부속사,1
19000,위험물저장및처리시설,주유기지붕,1
01000,단독주택,근린활시설,1
03000,제1종근린생활시설,연인숙,1
19000,위험물저장및처리시설,충전취급소,1
11000,노유자시설,다회의실,1
02000,공동주택,치료실,1
02000,공동주택,직장어린이집,1
15000,숙박시설,기숙사및창고,1
04000,제2종근린생활시설,장갑제조공장,1
03000,제1종근린생활시설,배누장,1
07000,판매시설,활어작업장,1
04000,제2종근린생활시설,소배점,1
30000,자원순환관련시설,전처리동,1
02000,공동주택,대피소3,1
05000,문화및집회시설,예능강습소,1
15000,숙박시설,1층,1
21000,동물및식물관련시설,개사용,1
17000,공장,내장가구제조,1
25000,발전시설,폐수처리동,1
21000,동물및식물관련시설,계사브루와실,1
20000,자동차관련시설,측정소,1
07000,판매시설,창고및통로,1
,,송풍실,1
21000,동물및식물관련시설,움막,1
19000,위험물저장및처리시설,샤프트제어실,1
26000,묘지관련시설,조경묘제실,1
04000,제2종근린생활시설,종종회관,1
27000,관광휴게시설,영월정,1
17000,공장,공기예열기,1
04000,제2종근린생활시설,서류창고,1
14000,업무시설,오봉역,1
11000,노유자시설,장애자,1
20000,자동차관련시설,가축관리사,1
03000,제1종근린생활시설,농기구수리실,1
08000,운수시설,철도감시초소,1
17000,공장,표구및표구제품제조업,1
14000,업무시설,관리사택,1
21000,동물및식물관련시설,미생물배양사,1
14000,업무시설,부속식당및사무실,1
17000,공장,rto구조물,1
07000,판매시설,간이경매장,1
17000,공장,집진기모터룸,1
04000,제2종근린생활시설,철물관련제작업,1
17000,공장,통조림실,1
17000,공장,31103,1
17000,공장,제공품창고,1
20000,자동차관련시설,자동차수리,1
01000,단독주택,4세대가구,1
14000,업무시설,사무소외1,1
22000,분뇨.쓰레기처리시설,에너지화시설,1
14000,업무시설,우수처리펌프실,1
17000,공장,프레스금형,1
14000,업무시설,84호,1
07000,판매시설,요양병원,1
17000,공장,gb103압축기계실,1
17000,공장,so2,1
01000,단독주택,보신각,1
04000,제2종근린생활시설,임,1
14000,업무시설,우수저수조관리층,1
04000,제2종근린생활시설,요사철,1
14000,업무시설,사무실및회의실,1
18000,창고시설,단순포장처리시설,1
30000,자원순환관련시설,물품보관실,1
30000,자원순환관련시설,전기,1
,,노천,1
03000,제1종근린생활시설,정통일식전문점,1
17000,공장,sige,1
,,재황용창고,1
02000,공동주택,온수공급실,1
02000,공동주택,경,1
02000,공동주택,비,1
14000,업무시설,도시형생활주택및업무시설,1
18000,창고시설,창고농가용창고,1
14000,업무시설,오수처리시설기계실,1
05000,문화및집회시설,어촌복지회관,1
04000,제2종근린생활시설,일반목욕탕,1
Z3000,근린생활시설,소매점외1용도,1
10000,교육연구시설,농촌주택,1
15000,숙박시설,주택및일용소매점,1
02000,공동주택,18동경비실,1
05000,문화및집회시설,도장막사집1,1
17000,공장,용기및,1
14000,업무시설,바이브레이션스크린,1
22000,분뇨.쓰레기처리시설,제조업,1
17000,공장,깨스가마,1
17000,공장,운동실,1
17000,공장,acf,1
Z5000,문화및집회시설,전시실,1
02000,공동주택,개인독서실,1
27000,관광휴게시설,투막집,1
04000,제2종근린생활시설,보광루,1
02000,공동주택,지하펌퍼실,1
18000,창고시설,챙,1
03000,제1종근린생활시설,노인공회당,1
17000,공장,냉각수시설,1
18000,창고시설,홀,1
19000,위험물저장및처리시설,loading,1
27000,관광휴게시설,노변휴게소,1
18000,창고시설,태양광전기실,1
10000,교육연구시설,연수실,1
,,수위실및,1
16000,위락시설,정비실,1
22000,분뇨.쓰레기처리시설,활성탄및,1
17000,공장,2fcc13,1
21000,동물및식물관련시설,시험연구실,1
10000,교육연구시설,정비실습동,1
21000,동물및식물관련시설,주2동연결증축,1
23000,교정및군사시설,예비군훈련장식당,1
17000,공장,pmi,1
03000,제1종근린생활시설,간이처리장,1
05000,문화및집회시설,교육연구및,1
03000,제1종근린생활시설,주촉법,1
02000,공동주택,단지형공동주택,1
02000,공동주택,프리미엄오피스,1
02000,공동주택,주민센터,1
18000,창고시설,다동,1
21000,동물및식물관련시설,약재창고,1
17000,공장,육가공장,1
03000,제1종근린생활시설,근린공원관리사,1
03000,제1종근린생활시설,심천면민회관,1
03000,제1종근린생활시설,농산물공동구판장,1
03000,제1종근린생활시설,창고시설외1,1
03000,제1종근린생활시설,제1종근린근린생활시설,1
03000,제1종근린생활시설,보선사무실,1
03000,제1종근린생활시설,4냉연공장,1
03000,제1종근린생활시설,수처리장,1
12000,수련시설,수련원본동,1
03000,제1종근린생활시설,마을공동복지센터,1
21000,동물및식물관련시설,염산탱크,1
11000,노유자시설,교육원및기숙사,1
03000,제1종근린생활시설,한암노인정,1
03000,제1종근린생활시설,농수산물집하장,1
03000,제1종근린생활시설,수질개선장치,1
02000,공동주택,다이닝키친,1
03000,제1종근린생활시설,재난관리수방자재시주민공동이용시설,1
03000,제1종근린생활시설,농기구센타,1
03000,제1종근린생활시설,공중화정실,1
09000,의료시설,6,1
17000,공장,식품제조가공시설,1
06000,종교시설,시자실,1
03000,제1종근린생활시설,예미회관,1
20000,자동차관련시설,교사,1
03000,제1종근린생활시설,용성2리경노당,1
32000,교정시설,학생식당,1
04000,제2종근린생활시설,근린생활시설및근린생활시설,1
03000,제1종근린생활시설,종업원후생복지시설,1
03000,제1종근린생활시설,온산역사,1
01000,단독주택,다중주택5호,1
03000,제1종근린생활시설,그린벨트초소,1
03000,제1종근린생활시설,점포부속사,1
04000,제2종근린생활시설,기계실및,1
03000,제1종근린생활시설,제1종근린생활시설및다중주택,1
17000,공장,수전시설,1
15000,숙박시설,기계시설,1
03000,제1종근린생활시설,달천파출소,1
17000,공장,쿨링워터시스템,1
14000,업무시설,비즈니스센터,1
04000,제2종근린생활시설,금속관련제품제조업,1
04000,제2종근린생활시설,환경관리원쉼터,1
03000,제1종근린생활시설,농가용냉장창고,1
03000,제1종근린생활시설,부락동청,1
11000,노유자시설,갱의실,1
03000,제1종근린생활시설,새아믈회관,1
05000,문화및집회시설,본전,1
03000,제1종근린생활시설,경비및숙직실,1
03000,제1종근린생활시설,공용변소,1
03000,제1종근린생활시설,근린시설및창고,1
27000,관광휴게시설,간이화장실,1
01000,단독주택,규모,1
20000,자동차관련시설,농기계창고,1
03000,제1종근린생활시설,소방의용대청사,1
17000,공장,목재기구재조,1
02000,공동주택,고용복지센터,1
04000,제2종근린생활시설,창고및방풍실,1
03000,제1종근린생활시설,내당노인회관,1
04000,제2종근린생활시설,농작물,1
Z9000,공공용시설,정수장관리사,1
03000,제1종근린생활시설,점포및차고,1
03000,제1종근린생활시설,자동교환기계실,1
03000,제1종근린생활시설,어선신관,1
03000,제1종근린생활시설,지하탱크,1
11000,노유자시설,연구및복지시설,1
11000,노유자시설,부대복리,1
03000,제1종근린생활시설,소매점및단란주점,1
03000,제1종근린생활시설,금리생활시설,1
03000,제1종근린생활시설,영업소주택,1
03000,제1종근린생활시설,제1종근린생활시설외숙박시설,1
03000,제1종근린생활시설,불가마사우나,1
24000,방송통신시설,한국통신,1
19000,위험물저장및처리시설,고,1
03000,제1종근린생활시설,근근공공시설,1
03000,제1종근린생활시설,모래보관창고,1
03000,제1종근린생활시설,부송사,1
03000,제1종근린생활시설,제1종근린생활시설1외,1
03000,제1종근린생활시설,휴게소b,1
11000,노유자시설,어린이종합보육지원센터,1
03000,제1종근린생활시설,치유센터,1
26000,묘지관련시설,오수처리시설,1
10000,교육연구시설,여자상업고교,1
03000,제1종근린생활시설,창고시설외3,1
03000,제1종근린생활시설,집선장치실,1
03000,제1종근린생활시설,농산물품질관리원,1
04000,제2종근린생활시설,소승사,1
11000,노유자시설,교육연구및복지시설외2건,1
01000,단독주택,단독주택및제2종근,1
03000,제1종근린생활시설,범어사쇼핑센타,1
04000,제2종근린생활시설,단독추택,1
03000,제1종근린생활시설,소매점외1용도,1
09000,의료시설,구관,1
30000,자원순환관련시설,오염수처리시설,1
Z3000,근린생활시설,가스실,1
11000,노유자시설,장애인시설,1
11000,노유자시설,제2종근린생활,1
33000,"국방,군사시설",안내사무실,1
03000,제1종근린생활시설,용연휴게소,1
03000,제1종근린생활시설,친환경농산물판매장,1
03000,제1종근린생활시설,창고시설및제1종근린생활시설,1
16000,위락시설,위락시설소매점,1
11000,노유자시설,장애인지역사회재활시설,1
03000,제1종근린생활시설,묵은지사업,1
17000,공장,분철저장고,1
03000,제1종근린생활시설,농업인회관,1
03000,제1종근린생활시설,서림리의용소방대사무실,1
03000,제1종근린생활시설,대공분실,1
03000,제1종근린생활시설,주택및근린,1
04000,제2종근린생활시설,지역아동쎈터,1
03000,제1종근린생활시설,어촌계위판장,1
03000,제1종근린생활시설,인부대기실,1
21000,동물및식물관련시설,어촌공동작업장,1
17000,공장,전기온수,1
03000,제1종근린생활시설,을지로3가파출소,1
03000,제1종근린생활시설,노인정및사무실,1
03000,제1종근린생활시설,서비스시설,1
11000,노유자시설,군경원호회관,1
10000,교육연구시설,광차교장,1
10000,교육연구시설,675,1
17000,공장,1급저장소,1
03000,제1종근린생활시설,상수도수원지실험실,1
21000,동물및식물관련시설,제조실,1
03000,제1종근린생활시설,미역건조장,1
17000,공장,판매장비세척보관창고,1
03000,제1종근린생활시설,두평1양수장,1
03000,제1종근린생활시설,공동창고및마을회관,1
03000,제1종근린생활시설,어업인대기소,1
03000,제1종근린생활시설,석공예가공,1
03000,제1종근린생활시설,인쇄상가,1
03000,제1종근린생활시설,마을회모정,1
03000,제1종근린생활시설,급수기술원처소,1
03000,제1종근린생활시설,선방,1
03000,제1종근린생활시설,광원복지시설,1
03000,제1종근린생활시설,종로6가파출소,1
02000,공동주택,수거,1
05000,문화및집회시설,복원유적,1
02000,공동주택,멀티프로그림실,1
03000,제1종근린생활시설,삿갓마을농산물공동창고,1
15000,숙박시설,및주택,1
21000,동물및식물관련시설,사슴사육장및관리사,1
11000,노유자시설,새마을회노인당,1
17000,공장,제2제품부두,1
03000,제1종근린생활시설,단독주택및근생,1
03000,제1종근린생활시설,송포농공단지공동이용시설,1
03000,제1종근린생활시설,활선어위판장,1
03000,제1종근린생활시설,운동장변소,1
03000,제1종근린생활시설,담수장,1
02000,공동주택,노인정외기타시설,1
11000,노유자시설,구매및생활시설,1
02000,공동주택,선별창고,1
02000,공동주택,주민북카페,1
11000,노유자시설,정자건립,1
04000,제2종근린생활시설,악세사리용품,1
33000,"국방,군사시설",비상출동차고,1
20000,자동차관련시설,주차관리실및,1
03000,제1종근린생활시설,군자정,1
03000,제1종근린생활시설,국민관광안내소,1
03000,제1종근린생활시설,불당,1
03000,제1종근린생활시설,평당회관,1
03000,제1종근린생활시설,하절기선방,1
03000,제1종근린생활시설,농산물제조장,1
03000,제1종근린생활시설,공동정호,1
03000,제1종근린생활시설,선박입출항신고서,1
06104,기도원,기도원,1
03000,제1종근린생활시설,근린생활시설및유흥주점,1
11000,노유자시설,장애인용리프트,1
01000,단독주택,내삼문,1
11000,노유자시설,하동경로당,1
03000,제1종근린생활시설,분수기계실,1
03000,제1종근린생활시설,집합소,1
03000,제1종근린생활시설,스러지케익저장시설,1
03000,제1종근린생활시설,근린공공생활,1
11000,노유자시설,노인재가복지시설,1
17000,공장,원료하차장,1
10000,교육연구시설,학생화장실,1
04000,제2종근린생활시설,부품센타,1
20000,자동차관련시설,제1조의2규정에,1
04000,제2종근린생활시설,근린생활시설및캐노피,1
04000,제2종근린생활시설,1997,1
01000,단독주택,일부근생,1
19000,위험물저장및처리시설,소각로,1
04000,제2종근린생활시설,양어장관사,1
03000,제1종근린생활시설,검수구실a동,1
17000,공장,다가구,1
04000,제2종근린생활시설,근린생활및위락시설주택,1
02000,공동주택,멀티라운지,1
21000,동물및식물관련시설,농산물간이저장고,1
03000,제1종근린생활시설,2죵근린생활시설,1
03000,제1종근린생활시설,외사,1
02000,공동주택,44,1
17000,공장,23,1
04000,제2종근린생활시설,사천왕문,1
04000,제2종근린생활시설,조리장,1
04000,제2종근린생활시설,수위관측기기실,1
18000,창고시설,정부양곡보관,1
04000,제2종근린생활시설,제2종근린생활시설종,1
04000,제2종근린생활시설,고객주차대기실,1
04000,제2종근린생활시설,백양사농협,1
04000,제2종근린생활시설,제2종일반음식점및단독주택,1
02000,공동주택,음악학원,1
21000,동물및식물관련시설,도계짱,1
04000,제2종근린생활시설,종교시설및노유자시설,1
17000,공장,크링카바켓엘리베이터,1
11000,노유자시설,요양,1
18000,창고시설,하론저장창고,1
17000,공장,수지,1
04000,제2종근린생활시설,토시형공장,1
06000,종교시설,교회당및사택,1
04000,제2종근린생활시설,농업기계수리점,1
04000,제2종근린생활시설,법륜사,1
04000,제2종근린생활시설,근린생활시설및학원,1
17000,공장,제7호,1
17000,공장,도색작업장,1
04000,제2종근린생활시설,문화집회장,1
15000,숙박시설,일반음식,1
04000,제2종근린생활시설,공장정미소,1
17000,공장,안전환경실,1
04000,제2종근린생활시설,채수장,1
04000,제2종근린생활시설,근린생활시설점,1
06000,종교시설,신도숙소,1
17000,공장,tame,1
04000,제2종근린생활시설,근린생활시설및삿슈제조,1
01000,단독주택,주택및건자재판매시설,1
14000,업무시설,나,1
01000,단독주택,근린생홀시설,1
04000,제2종근린생활시설,공무동,1
14000,업무시설,생활,1
02000,공동주택,원룸형18,1
02000,공동주택,소방감시실,1
02000,공동주택,222,1
04000,제2종근린생활시설,철물제작소,1
17000,공장,지하실대피소,1
04000,제2종근린생활시설,사무소및체력단련장,1
06000,종교시설,화장실1,1
04000,제2종근린생활시설,부동산소개소,1
13000,운동시설,후생관,1
06000,종교시설,당산각,1
04000,제2종근린생활시설,상사사무실,1
04000,제2종근린생활시설,농기구수리센터및주택,1
06000,종교시설,제2종근린샐활시설,1
01000,단독주택,주택및부속시설,1
04000,제2종근린생활시설,비각설치,1
04000,제2종근린생활시설,사무소및고시원,1
03000,제1종근린생활시설,공공업무시설및,1
30000,자원순환관련시설,재염소투입시설,1
04000,제2종근린생활시설,휴게쉼터,1
06000,종교시설,성당교육관,1
08000,운수시설,2종근린생활시설및운수시설,1
04000,제2종근린생활시설,식당및전시관,1
17000,공장,아빈드럼창고,1
10000,교육연구시설,학생회실,1
04000,제2종근린생활시설,축전기,1
21000,동물및식물관련시설,합숙소,1
09000,의료시설,성모병원,1
01000,단독주택,해태공장,1
05000,문화및집회시설,연오랑세오녀전시관,1
02000,공동주택,인터넷카페,1
27000,관광휴게시설,보일러및화장실,1
03000,제1종근린생활시설,국수제조공장,1
17000,공장,제재실,1
01000,단독주택,97주택개량사업,1
17000,공장,액체및기체여와청정기제조업,1
18000,창고시설,및관리사,1
27000,관광휴게시설,괸광휴게시설,1
18000,창고시설,농작업,1
01000,단독주택,주택개량사업임,1
08000,운수시설,영업소,1
27000,관광휴게시설,치안센터,1
01000,단독주택,급식실,1
,,탁구장,1
03000,제1종근린생활시설,노외주차장,1
03000,제1종근린생활시설,휴게대기실,1
19000,위험물저장및처리시설,냉각탑,1
21000,동물및식물관련시설,18동,1
11000,노유자시설,식당동,1
17000,공장,21출하장,1
23000,교정및군사시설,초소4,1
20000,자동차관련시설,제1종및제2종,1
26000,묘지관련시설,향사,1
10000,교육연구시설,창고및소각장,1
,,주민복지시설,1
02000,공동주택,주거시설기숙사,1
02000,공동주택,근린및다가구주택,1
03000,제1종근린생활시설,공공편의시설,1
17000,공장,건축물장식,1
03000,제1종근린생활시설,재활용,1
02000,공동주택,재활용폐기물보관,1
02000,공동주택,외국인공동주택,1
,,공회당,1
11000,노유자시설,음식점,1
03000,제1종근린생활시설,봉암양수정실,1
01000,단독주택,면회실,1
02000,공동주택,부출입구경비실,1
21000,동물및식물관련시설,위험물취급소,1
03000,제1종근린생활시설,교육연구실,1
01000,단독주택,가작,1
01000,단독주택,다가구주택19,1
06000,종교시설,사창,1
02000,공동주택,2동상가,1
03000,제1종근린생활시설,식육소매점,1
02000,공동주택,지하주차장7,1
02000,공동주택,타워주차,1
02000,공동주택,학교생활관,1
17000,공장,윤활제저장소,1
11000,노유자시설,장애인관련시설,1
02000,공동주택,쓸레기집하시설6,1
21000,동물및식물관련시설,톱밥토양여과시설,1
02000,공동주택,외부코아,1
14000,업무시설,관리소및,1
01000,단독주택,수산업창고주택,1
02000,공동주택,키오스크,1
02000,공동주택,우수저류조2,1
02000,공동주택,현관,1
02000,공동주택,위병소,1
02000,공동주택,탑라이트5,1
17000,공장,싸이로2기,1
19000,위험물저장및처리시설,저유탱크2,1
09000,의료시설,독신자숙소,1
03000,제1종근린생활시설,농업용배수펌프시설,1
Z9000,공공용시설,변전소,1
02000,공동주택,9실,1
20000,자동차관련시설,565,1
18000,창고시설,산소가스창고,1
01000,단독주택,전사청,1
01000,단독주택,청풍사,1
05000,문화및집회시설,문화및집회시설e,1
17000,공장,평량기실,1
02000,공동주택,주택아파트,1
02000,공동주택,회랑겔러리,1
,,자수제품,1
02000,공동주택,서브전기실,1
02000,공동주택,제2차다세대주택,1
02000,공동주택,휘트니센타,1
02000,공동주택,도시형생활다세대주택원룸,1
02000,공동주택,계절창고2,1
02000,공동주택,휴게공간2,1
02000,공동주택,요금정산소,1
02000,공동주택,여성친화공간9,1
02000,공동주택,351,1
02000,공동주택,제2종근린생활시설외2건,1
02000,공동주택,문화체험교실,1
02000,공동주택,노유자시설및학원,1
02000,공동주택,통학차량대기실,1
01000,단독주택,교육연구및단독주택,1
17000,공장,waste보관소,1
02000,공동주택,후생복지관,1
02000,공동주택,유기농카페,1
18000,창고시설,정부양곡수매,1
18000,창고시설,원제품창고,1
17000,공장,화물용엘리베이터,1
02000,공동주택,중앙기계실1,1
05000,문화및집회시설,수북정,1
30000,자원순환관련시설,재활용선별창고,1
01000,단독주택,화원,1
06000,종교시설,방요사,1
27000,관광휴게시설,이용객편익시설,1
06000,종교시설,교육관및단독주택,1
20000,자동차관련시설,여객자동차터미날,1
18000,창고시설,시멘트유통기지,1
02000,공동주택,기타계단실,1
02000,공동주택,상가그린시설,1
02000,공동주택,예냉시설,1
01000,단독주택,실내휴게실,1
01000,단독주택,직물제조,1
02000,공동주택,정수펌프실,1
10000,교육연구시설,도서관및교육관,1
18000,창고시설,수산물보관저온창고,1
06000,종교시설,수양원,1
17000,공장,실내주차장,1
02000,공동주택,근링생활시설및다세대주택,1
18000,창고시설,상여,1
30000,자원순환관련시설,저장소,1
03000,제1종근린생활시설,목재건구제조장,1
18000,창고시설,기계실창고,1
02000,공동주택,노인당,1
18000,창고시설,1종2종근생,1
17000,공장,3호키론예열실,1
02000,공동주택,근로자주택,1
13000,운동시설,노인정,1
30000,자원순환관련시설,일차침전지동,1
18000,창고시설,면,1
10000,교육연구시설,제1생활관,1
17000,공장,팔레트창고,1
07000,판매시설,교육원,1
22000,분뇨.쓰레기처리시설,톱밥,1
17000,공장,가스정압소,1
02000,공동주택,기계실동,1
02000,공동주택,주차장경비실,1
01000,단독주택,일반목재가구제조,1
02000,공동주택,7등관사,1
01000,단독주택,다가구3세대용,1
30000,자원순환관련시설,전기및설비동,1
05000,문화및집회시설,남행각1,1
02000,공동주택,재택근무실,1
02000,공동주택,도시행생활주택원룸형,1
18000,창고시설,수도실,1
22000,분뇨.쓰레기처리시설,오니펌프실동,1
JY,,변전소,1
17000,공장,워,1
21000,동물및식물관련시설,수유방,1
05000,문화및집회시설,관린인주택,1
10000,교육연구시설,성남,1
02000,공동주택,옥외공용엘리베이터,1
17000,공장,식당및숙직실,1
08000,운수시설,화물터미널사무실,1
02000,공동주택,세멘벽돌조,1
04000,제2종근린생활시설,상황실,1
02000,공동주택,셀커뮤니티,1
02000,공동주택,옥외계단실2,1
02000,공동주택,강남다함께키움센터,1
02000,공동주택,1종근린생활및공동주택,1
02000,공동주택,옥외주차장,1
07000,판매시설,공동구판장,1
17000,공장,종합휴게실,1
17000,공장,페기물처리장,1
01000,단독주택,및근린생활시,1
17000,공장,p제품창고1,1
21000,동물및식물관련시설,에누에,1
18000,창고시설,고등학교,1
02000,공동주택,162대형주차장,1
15000,숙박시설,식당및점포,1
02000,공동주택,판매시설298호,1
02000,공동주택,통합계단실,1
01000,단독주택,식용유제조,1
02000,공동주택,주민복지회관,1
04000,제2종근린생활시설,간이야구장,1
10000,교육연구시설,예배실,1
02000,공동주택,문화아지트,1
10000,교육연구시설,교통공학실험용발전기실,1
04000,제2종근린생활시설,부흥원,1
02000,공동주택,버스대기소,1
02000,공동주택,행복카페,1
02000,공동주택,연립주택및체육시설,1
02000,공동주택,유아돌봄쉼터,1
02000,공동주택,업무및도시형생활주택,1
02000,공동주택,생활편익시설및마을회관,1
02000,공동주택,근생펌프실,1
02000,공동주택,24호,1
02000,공동주택,전망계단,1
20000,자동차관련시설,외부구조,1
,,약초가공시설,1
30000,자원순환관련시설,폐기물재황용시설,1
03000,제1종근린생활시설,제1종및제2종근,1
17000,공장,농기구수리소,1
03000,제1종근린생활시설,연료전지,1
02000,공동주택,초과대피면적,1
30000,자원순환관련시설,폐기물중간재활용업,1
03000,제1종근린생활시설,건축자재상,1
04999,기타제2종근린생활시설,학원,1
02000,공동주택,주차장데크,1
30000,자원순환관련시설,페유창고,1
14000,업무시설,기전기실,1
02000,공동주택,가족상영관,1
02000,공동주택,공동이용시설,1
18000,창고시설,농산시설창고,1
01000,단독주택,와가부속,1
01000,단독주택,다가구주택용단독주택,1
01000,단독주택,다세대주댁,1
01000,단독주택,외삼문및화장실,1
18000,창고시설,개량정장고,1
18000,창고시설,계근대,1
01000,단독주택,주택및점포간이음식점,1
21000,동물및식물관련시설,동물및식물관렬시설,1
01000,단독주택,정자및주방,1
,,농기계공동,1
21000,동물및식물관련시설,동물및식식물관련시설,1
21000,동물및식물관련시설,액비정장소,1
Z3000,근린생활시설,안마원,1
04000,제2종근린생활시설,철가공업,1
18000,창고시설,사과저장고및근린생활시설,1
17000,공장,성형,1
04000,제2종근린생활시설,철문제품제조업,1
21000,동물및식물관련시설,농약기계실,1
17000,공장,재생재료,1
18000,창고시설,농산물창고및저온저장고,1
18000,창고시설,모래적재장,1
05000,문화및집회시설,창고탑,1
18000,창고시설,수산냉동창고,1
25000,발전시설,주제어동,1
18000,창고시설,창고및전시장,1
13000,운동시설,야외스탠드,1
14000,업무시설,비주거용오피스텔,1
21000,동물및식물관련시설,콩나물재배관리실,1
18000,창고시설,창고보관용,1
01000,단독주택,염소간,1
21000,동물및식물관련시설,화훼선별처리장,1
17000,공장,posm,1
17000,공장,bapp,1
18000,창고시설,솜공장,1
01000,단독주택,조택,1
18000,창고시설,농기계부품창고,1
21000,동물및식물관련시설,우유저장실,1
14000,업무시설,창고및식당,1
18000,창고시설,농산물관련창고,1
18000,창고시설,레미컨공장,1
10000,교육연구시설,고압가스저장소,1
21000,동물및식물관련시설,무허가축사양성화건축물,1
Z9000,공공용시설,간이,1
01000,단독주택,단독주택및영유아보육시설,1
02000,공동주택,경로당21,1
02000,공동주택,재택근무용비즈니스센터,1
Z6000,판매및영업시설,탁구장,1
18000,창고시설,한진새마을공동창고,1
07000,판매시설,과자점,1
01000,단독주택,행락,1
18000,창고시설,농작업장,1
01000,단독주택,제1종근린생활시설외3종,1
18000,창고시설,저온저장창고및창고,1
18000,창고시설,약초보관창고,1
15000,숙박시설,132,1
01000,단독주택,물치주택,1
02000,공동주택,업무용오피스텔,1
02000,공동주택,부녀자취미교실,1
02000,공동주택,2302동하부,1
01000,단독주택,보물각,1
18000,창고시설,축분저장고,1
05000,문화및집회시설,부속주차장,1
04000,제2종근린생활시설,미곡생산장,1
01000,단독주택,의약품취급소,1
01000,단독주택,창고및샤워장,1
18000,창고시설,가스판매,1
21000,동물및식물관련시설,수산물건조장,1
18000,창고시설,제품출하장,1
18000,창고시설,버섯보관,1
08000,운수시설,경항공기격납고,1
21000,동물및식물관련시설,액비저장기계실,1
10000,교육연구시설,다목적체육장,1
17000,공장,냉동처리장,1
17000,공장,주조정실및본동,1
21000,동물및식물관련시설,관리사및버섯재배사,1
18000,창고시설,관리보관실,1
21000,동물및식물관련시설,조류사육관리,1
18000,창고시설,승마장관리사,1
08000,운수시설,모래저장고,1
04000,제2종근린생활시설,lpg용기보관소,1
18000,창고시설,공사용가건물,1
18000,창고시설,임가공도정공장,1
04000,제2종근린생활시설,기타복리시설,1
01000,단독주택,다가구주댁및근생,1
18000,창고시설,해태건조장및수산물보관창고,1
01000,단독주택,개인주택,1
18000,창고시설,이륜차보관및캐노피대용,1
01000,단독주택,욕장및변소,1
21000,동물및식물관련시설,톱밥축사및퇴비사,1
18000,창고시설,농산물건조보관창고,1
24000,방송통신시설,부속건축물,1
17000,공장,부타디엔,1
,,04,1
18000,창고시설,자재및기계보관창고,1
01000,단독주택,단도주택외1,1
17000,공장,개인,1
17000,공장,사무실및식당및기숙사,1
21000,동물및식물관련시설,개별비료화,1
01000,단독주택,다용도주택,1
18000,창고시설,일반저온창고,1
18000,창고시설,농촌주거환경개선사업분,1
21000,동물및식물관련시설,버섯저온창고,1
18000,창고시설,야외스탠드,1
23000,교정및군사시설,경비소대생활관,1
03000,제1종근린생활시설,면출장소,1
10000,교육연구시설,야탑초교,1
19000,위험물저장및처리시설,비상대기조,1
18000,창고시설,단도구잭,1
10000,교육연구시설,전경휴게실,1
Z3000,근린생활시설,근린생,1
17000,공장,자재물류센터,1
26000,묘지관련시설,극락전,1
19000,위험물저장및처리시설,다가구주택,1
22000,분뇨.쓰레기처리시설,수질,1
16000,위락시설,다중주택,1
01000,단독주택,별관,1
18000,창고시설,애완견사육장,1
04000,제2종근린생활시설,정구장관리실,1
10000,교육연구시설,학생연구실,1
03000,제1종근린생활시설,생활및,1
01000,단독주택,과수창고,1
01000,단독주택,제2종근린생할시설및다가구주택,1
Z3000,근린생활시설,대중음식점및점포,1
04000,제2종근린생활시설,된장숙성실,1
03000,제1종근린생활시설,소방안전센타,1
17000,공장,san사무실,1
07000,판매시설,헬스크럽,1
10000,교육연구시설,실험주택1,1
02000,공동주택,교육실2,1
02000,공동주택,다목적실4,1
04000,제2종근린생활시설,부속교육실,1
22000,분뇨.쓰레기처리시설,다세대주택,1
13000,운동시설,장재장및진료소,1
18000,창고시설,짚보관창고,1
17000,공장,lif,1
02000,공동주택,유아도서관,1
17000,공장,냉매공급장치장,1
04000,제2종근린생활시설,소작장,1
01000,단독주택,건조기보관창고,1
08000,운수시설,7검문소,1
01000,단독주택,제2ㅈ근린생활시설,1
02000,공동주택,실습실,1
01000,단독주택,가스판매점,1
06000,종교시설,불상,1
24000,방송통신시설,제2종공공시설,1
02000,공동주택,정화조점점구,1
06000,종교시설,제각및,1
17000,공장,가정용전열기기제조업,1
17000,공장,상업인쇄업,1
01000,단독주택,5다가구주택,1
18000,창고시설,꿩사육장,1
03000,제1종근린생활시설,동성마을,1
14000,업무시설,110호,1
04000,제2종근린생활시설,세멘벽돌,1
04000,제2종근린생활시설,수행관,1
17000,공장,어선건조장,1
04000,제2종근린생활시설,적하장,1
,,생산물저장창고,1
,,c동,1
02000,공동주택,경비실4동,1
22000,분뇨.쓰레기처리시설,염소투입실,1
14000,업무시설,15가구,1
04000,제2종근린생활시설,종교교육시설,1
22000,분뇨.쓰레기처리시설,생활자원회수센터,1
01000,단독주택,수용실,1
03000,제1종근린생활시설,기숙사창고,1
18000,창고시설,제2자동창고,1
19000,위험물저장및처리시설,구측물,1
19000,위험물저장및처리시설,위훔물저장및처리시설,1
17000,공장,암모니아저장고,1
08000,운수시설,매표실,1
08000,운수시설,안내실,1
17000,공장,근생기숙사,1
21000,동물및식물관련시설,사료창고및방역실,1
17000,공장,열차정비고,1
17000,공장,r동,1
06000,종교시설,진영각,1
19000,위험물저장및처리시설,위험물옥내보관소,1
10000,교육연구시설,강진에코팜,1
18000,창고시설,건초사,1
17000,공장,콩나물,1
06000,종교시설,심우신,1
01000,단독주택,a동주택,1
10000,교육연구시설,교육연구및복지서설,1
21000,동물및식물관련시설,위생동,1
03000,제1종근린생활시설,상여보관실,1
03000,제1종근린생활시설,새마을경로정,1
,,합숙소,1
17000,공장,살수탱크,1
25000,발전시설,암모니아환원제저장동,1
15000,숙박시설,하숙업,1
25000,발전시설,발전동,1
03000,제1종근린생활시설,검표소,1
17000,공장,옥외폐유저장창고,1
20000,자동차관련시설,운전자휴게실,1
03000,제1종근린생활시설,하금,1
04000,제2종근린생활시설,블럭조,1
31000,야영장시설,유아화장실,1
17000,공장,멸치액젖,1
21000,동물및식물관련시설,프,1
22000,분뇨.쓰레기처리시설,분뇨폐기물,1
25000,발전시설,석탄동,1
21000,동물및식물관련시설,수변전시설,1
33000,"국방,군사시설",통합교육관,1
25000,발전시설,근린공공시설,1
17000,공장,bf,1
03000,제1종근린생활시설,안임,1
03000,제1종근린생활시설,원룸형54세대,1
17000,공장,방사능창고,1
04000,제2종근린생활시설,체능계,1
01000,단독주택,화장실포함,1
18000,창고시설,동포마을회,1
18000,창고시설,비품실,1
15000,숙박시설,사우나탕,1
21000,동물및식물관련시설,궁뱅이,1
02000,공동주택,마을주말장터,1
15000,숙박시설,관광숙박시설4,1
07000,판매시설,이,1
02000,공동주택,104동1층에,1
02000,공동주택,가스바나실,1
17000,공장,기술동,1
11000,노유자시설,주간보호센타,1
10000,교육연구시설,제2공학관,1
07000,판매시설,승강장,1
Z5000,문화및집회시설,뮨화및집회시설,1
17000,공장,50ton부스터팬,1
17000,공장,의약품제조,1
17000,공장,집진기및전기실,1
07000,판매시설,부산물시장,1
01000,단독주택,2021년,1
Z8000,교육연구및복지시설,교수연구실,1
02000,공동주택,예비부모교육실,1
10000,교육연구시설,다목초등학교,1
02000,공동주택,리프트,1
17000,공장,705b,1
17000,공장,개폐소3,1
03000,제1종근린생활시설,2종근린생활시실,1
17000,공장,보번선별실,1
02000,공동주택,청소년문화원,1
10000,교육연구시설,elev,1
03000,제1종근린생활시설,1종근린새활시설,1
18000,창고시설,농생창고,1
03000,제1종근린생활시설,가구용품소매점,1
02000,공동주택,38,1
10000,교육연구시설,파워플랜트기계실,1
20000,자동차관련시설,검차장및,1
17000,공장,유선통신방비제조업,1
23000,교정및군사시설,사업장폐기물보관시설,1
02000,공동주택,239,1
01000,단독주택,주거환경융자주택,1
23000,교정및군사시설,교징및군사시설,1
03000,제1종근린생활시설,수해주택,1
04000,제2종근린생활시설,콘크리트제품제조업,1
07000,판매시설,일반유흥음식점,1
05000,문화및집회시설,기타문화,1
23000,교정및군사시설,장비호,1
17000,공장,농기계부품가공,1
14000,업무시설,105세대,1
21000,동물및식물관련시설,농업인주택,1
04000,제2종근린생활시설,및제2종근생,1
08000,운수시설,톨게이트,1
19000,위험물저장및처리시설,유류탱크저장소,1
18000,창고시설,창고ㆍ관리사,1
14000,업무시설,물품창고,1
07000,판매시설,빵제조장,1
02000,공동주택,저류조펌프,1
03000,제1종근린생활시설,아영장,1
18000,창고시설,축산물창고,1
04000,제2종근린생활시설,망원경,1
17000,공장,시계조립공장,1
17000,공장,rw동,1
20000,자동차관련시설,광장,1
03001,소매점,및,1
Z3000,근린생활시설,종합상가,1
Z3000,근린생활시설,전화국,1
17000,공장,통,1
17000,공장,정비안전동,1
01000,단독주택,객사,1
01000,단독주택,부석건물,1
07000,판매시설,람집회시설,1
03000,제1종근린생활시설,비디오,1
01000,단독주택,화장실면적포함,1
14000,업무시설,금융업판매시설,1
17000,공장,탄약류저장소,1
04000,제2종근린생활시설,목재건구제조소,1
01000,단독주택,노유자사실,1
17000,공장,제2분쇄실,1
17000,공장,수처리탈수기동,1
07000,판매시설,영업지역,1
01000,단독주택,부소갓,1
18000,창고시설,제2정근린생활시설,1
,,양어장수조,1
04000,제2종근린생활시설,지역특산물가공판매점,1
04000,제2종근린생활시설,수산물식품저림공장,1
01000,단독주택,회의실및,1
03000,제1종근린생활시설,기구판매점,1
,,수련장,1
07000,판매시설,위험물판매소,1
04000,제2종근린생활시설,중식,1
01000,단독주택,물치장및,1
19000,위험물저장및처리시설,캐노비,1
07000,판매시설,어물전,1
22000,분뇨.쓰레기처리시설,케익홉퍼동,1
05000,문화및집회시설,청년센터,1
19000,위험물저장및처리시설,계근전산실,1
02000,공동주택,어린이서가,1
19000,위험물저장및처리시설,가스브로와동,1
19000,위험물저장및처리시설,위험물처리시설및창고,1
,,사회복지관,1
10000,교육연구시설,의대교사,1
03000,제1종근린생활시설,근린생활사설,1
04000,제2종근린생활시설,연수실,1
,,급수펌프실,1
03000,제1종근린생활시설,염소,1
19000,위험물저장및처리시설,유고,1
04000,제2종근린생활시설,재첩가공,1
04000,제2종근린생활시설,단란주점호프,1
19000,위험물저장및처리시설,위험물취급소외1건,1
17000,공장,특수가스저장소,1
03000,제1종근린생활시설,교육연구및노유자시설,1
17000,공장,농업및임업용기계제조공장,1
03000,제1종근린생활시설,읍사무소창고,1
07000,판매시설,일반게임업소,1
06000,종교시설,제1근린생활시설,1
17000,공장,험,1
07000,판매시설,농산물시장,1
17000,공장,기타화학제품,1
15000,숙박시설,간이숙박,1
,,과수원관리사,1
19000,위험물저장및처리시설,위험물출하시설대,1
10000,교육연구시설,교수관,1
18000,창고시설,씨아이에스동,1
17000,공장,강당및식당,1
05000,문화및집회시설,모,1
01000,단독주택,해태가공공장,1
18000,창고시설,5,1
04000,제2종근린생활시설,2종근린생활시설및단독,1
20000,자동차관련시설,전동차,1
17000,공장,축사및숙사,1
10000,교육연구시설,교사및관사,1
07000,판매시설,지역아동센터,1
01000,단독주택,다가구용7가구,1
07000,판매시설,농수산물판매시설,1
19000,위험물저장및처리시설,가스보일러실,1
07000,판매시설,경비동,1
02000,공동주택,아이사랑꿈터,1
07000,판매시설,노유자,1
02000,공동주택,원룸형및다세대주택,1
02000,공동주택,아파트단지내,1
07000,판매시설,쓰레기보관소,1
,,특산물판매장,1
17000,공장,pfo분연이송펌프실,1
24000,방송통신시설,기도실,1
01000,단독주택,94농촌주거환경개선사업융자대상,1
,,통사,1
30000,자원순환관련시설,하수조말처리장,1
,,경은제실,1
17000,공장,벽돌공장사무소,1
27000,관광휴게시설,드라이브스루,1
Z3000,근린생활시설,연탄창고,1
19000,위험물저장및처리시설,주유기차양시설,1
17000,공장,bsgs동2,1
,,절간,1
,,동력펌프실,1
17000,공장,산업용플라스틱제조,1
,,사료보관창고및배합창고,1
04000,제2종근린생활시설,사무실및일반음식점,1
17000,공장,frp공장,1
24000,방송통신시설,교정및,1
19000,위험물저장및처리시설,사격통제실,1
19000,위험물저장및처리시설,세차기및기계실,1
17000,공장,미역건조공장및,1
01000,단독주택,유류저장소,1
15000,숙박시설,h,1
05000,문화및집회시설,곤충박물관,1
02000,공동주택,청송a,1
02000,공동주택,타동,1
04000,제2종근린생활시설,단조실,1
19000,위험물저장및처리시설,유류시험소,1
03000,제1종근린생활시설,관리노인정,1
03000,제1종근린생활시설,초촌면,1
10000,교육연구시설,가정관,1
19000,위험물저장및처리시설,위험물제조동,1
04000,제2종근린생활시설,휴게음시점,1
17000,공장,유류보관고,1
10000,교육연구시설,학생관용창고,1
01000,단독주택,26호,1
18000,창고시설,1999융자,1
17000,공장,제8호,1
04000,제2종근린생활시설,단독주택2가구,1
21000,동물및식물관련시설,계량대,1
19000,위험물저장및처리시설,위험저장물처리시설,1
10000,교육연구시설,부속실,1
,,우사및우분장,1
14000,업무시설,사무실회의실,1
17000,공장,인장시험실,1
01000,단독주택,상,1
04000,제2종근린생활시설,골판지,1
10000,교육연구시설,현재,1
07000,판매시설,농산물하치장및집하장,1
04000,제2종근린생활시설,건축창호,1
04000,제2종근린생활시설,보건지소및농촌지도소,1
03000,제1종근린생활시설,의용소방서,1
17000,공장,t043,1
22000,분뇨.쓰레기처리시설,공원,1
10000,교육연구시설,특수학급,1
19000,위험물저장및처리시설,fuel,1
10000,교육연구시설,및근린생활시설,1
07000,판매시설,약초판매장,1
19000,위험물저장및처리시설,간이유류탱크,1
04000,제2종근린생활시설,석재,1
Z3000,근린생활시설,후로크실,1
06000,종교시설,불교대학,1
14000,업무시설,공장및사무실,1
19000,위험물저장및처리시설,비위험물저장소,1
19000,위험물저장및처리시설,가스붐베실,1
19000,위험물저장및처리시설,유틸리티,1
17000,공장,제품도금공장,1
01000,단독주택,박원식씨,1
18000,창고시설,바케트엘리베이터대,1
19000,위험물저장및처리시설,종업원,1
02000,공동주택,테니스장휴게실,1
03000,제1종근린생활시설,코아,1
07000,판매시설,고추경매장동,1
17000,공장,18동,1
19000,위험물저장및처리시설,유해화학물질옥내보관소,1
17000,공장,전동카트주차실,1
01000,단독주택,12다가구,1
01000,단독주택,액화석유가스판매시설,1
07000,판매시설,법판매시설,1
20000,자동차관련시설,주차,1
19000,위험물저장및처리시설,방송통신시설,1
02000,공동주택,외부승강기홀,1
19000,위험물저장및처리시설,위형물저장및처리실,1
19000,위험물저장및처리시설,세차기기,1
,,조립식,1
20000,자동차관련시설,차고관련,1
05000,문화및집회시설,물탱크,1
21000,동물및식물관련시설,23,1
02000,공동주택,및관리소,1
19000,위험물저장및처리시설,질산염류취급소,1
17000,공장,포기장제조,1
08000,운수시설,보호막사,1
19000,위험물저장및처리시설,고무분쇄공장,1
19000,위험물저장및처리시설,유류저장및처리서설,1
19000,위험물저장및처리시설,가스충전장,1
10000,교육연구시설,ㅁ,1
19000,위험물저장및처리시설,가스제조소,1
02000,공동주택,종합방재센터,1
03000,제1종근린생활시설,포정사,1
17000,공장,유류판매소,1
01000,단독주택,냉장고,1
03000,제1종근린생활시설,두,1
22000,분뇨.쓰레기처리시설,분뇨쓰래기처리시설,1
10000,교육연구시설,진리관,1
19000,위험물저장및처리시설,수소차,1
17000,공장,전선실,1
22000,분뇨.쓰레기처리시설,위생매립장,1
01000,단독주택,교사용사택,1
20000,자동차관련시설,위험물저장시설,1
14000,업무시설,근생시설노유자시설,1
20000,자동차관련시설,차량주차고,1
10000,교육연구시설,관리실및교실,1
03000,제1종근린생활시설,엘피지위험물취급소,1
17000,공장,팽창기,1
10000,교육연구시설,대학교실험실습동,1
01000,단독주택,제2종근린생활지역,1
06000,종교시설,범당,1
04000,제2종근린생활시설,창고및정미소,1
17000,공장,라이타제품제조,1
22000,분뇨.쓰레기처리시설,일반폐기물적환장,1
17000,공장,자동제어및제어장치제조업,1
01000,단독주택,분양불가함,1
02000,공동주택,부대공용,1
26000,묘지관련시설,피우시설,1
20000,자동차관련시설,열차검사원실,1
02000,공동주택,방재관리실,1
01000,단독주택,군,1
19000,위험물저장및처리시설,zn창고,1
17000,공장,황상,1
22000,분뇨.쓰레기처리시설,재활용처리시설,1
11000,노유자시설,외4,1
17000,공장,현장분석실n07,1
10000,교육연구시설,교사및실습,1
04000,제2종근린생활시설,종교잡회장,1
17000,공장,화학제품공장,1
08000,운수시설,물류센터,1
18000,창고시설,소방펌프,1
21000,동물및식물관련시설,c동,1
22000,분뇨.쓰레기처리시설,오수여과실,1
04000,제2종근린생활시설,간이매점경정비업,1
06000,종교시설,친교관,1
17000,공장,115가스콤프레샤실,1
22000,분뇨.쓰레기처리시설,부화실,1
02000,공동주택,단지형다세대주택5,1
22000,분뇨.쓰레기처리시설,빗물펌프장,1
20000,자동차관련시설,주차차고,1
02000,공동주택,키즈앤맘스카페,1
03000,제1종근린생활시설,sk텔레콤무인통신국사,1
22000,분뇨.쓰레기처리시설,적출물소각장,1
10000,교육연구시설,합숙시설,1
13000,운동시설,다용도실,1
11000,노유자시설,태권도장,1
04000,제2종근린생활시설,통운사무실,1
17000,공장,굴박싱장,1
03000,제1종근린생활시설,운전원대기실,1
10000,교육연구시설,음악강습소,1
08000,운수시설,배기휀실,1
10000,교육연구시설,주거용,1
01000,단독주택,농수용창고,1
10000,교육연구시설,교육연구시설및사회복지시설,1
17000,공장,공기압축기실1,1
10000,교육연구시설,시약보관소,1
02000,공동주택,1bl,1
10000,교육연구시설,제1교육관,1
18000,창고시설,97농촌주거환경개선사업,1
01000,단독주택,제1종제2종근생및다가구주택,1
13000,운동시설,full,1
22000,분뇨.쓰레기처리시설,비산방지시설,1
01000,단독주택,단층,1
08000,운수시설,컨테이너검사장,1
09000,의료시설,의료시설및노유자시설,1
14000,업무시설,인쇄공장,1
12000,수련시설,원두막,1
10000,교육연구시설,옥외체육실,1
01000,단독주택,미싱자수학원,1
09000,의료시설,부속병원,1
07000,판매시설,12세대,1
10000,교육연구시설,모험장비창고,1
17000,공장,pm실,1
17000,공장,주방및식탁용목제품제조,1
10000,교육연구시설,의료가스저장소,1
10000,교육연구시설,숙식질,1
21000,동물및식물관련시설,시험장관리사무실,1
14000,업무시설,농기계야외실습장,1
17000,공장,자전차고,1
10000,교육연구시설,대학휴양소,1
22000,분뇨.쓰레기처리시설,분툐,1
10000,교육연구시설,묘지관련시설,1
10000,교육연구시설,교직원통합관사,1
15000,숙박시설,숙박소,1
04000,제2종근린생활시설,서무실,1
01000,단독주택,종회소,1
10000,교육연구시설,종합복지회관,1
04000,제2종근린생활시설,우형기실,1
01000,단독주택,식품창고,1
23000,교정및군사시설,위험물보관시설,1
26000,묘지관련시설,유리온실,1
20000,자동차관련시설,미용실,1
01000,단독주택,치장벽돌,1
17000,공장,수성공장a,1
01000,단독주택,선교원,1
01000,단독주택,조사당,1
04000,제2종근린생활시설,교육연구및복지시설및,1
04000,제2종근린생활시설,발전소,1
10000,교육연구시설,목적실,1
03000,제1종근린생활시설,현장의장센타,1
02000,공동주택,연구실,1
01000,단독주택,부분정비업,1
01000,단독주택,주택및근린생화시설,1
29000,장례시설,사진관,1
03000,제1종근린생활시설,정수장배수지,1
18000,창고시설,농기계및곡물보관창고,1
26000,묘지관련시설,초지관리사,1
11000,노유자시설,동남경로당,1
19000,위험물저장및처리시설,차양대,1
14000,업무시설,양생,1
10000,교육연구시설,어학생활관,1
21000,동물및식물관련시설,굼벵이사육시설,1
10000,교육연구시설,보일러및샤워실,1
03000,제1종근린생활시설,에에로빅장,1
23000,교정및군사시설,실내방음사격장,1
03000,제1종근린생활시설,원전마을회관,1
19000,위험물저장및처리시설,feed,1
,,이,1
,,미,1
23000,교정및군사시설,사제관,1
04000,제2종근린생활시설,근린시설옥탑,1
04000,제2종근린생활시설,거북공원관리사,1
01000,단독주택,기타판넬지붕,1
10000,교육연구시설,운동부시설,1
01000,단독주택,체험관,1
02000,공동주택,장비반입통로,1
02000,공동주택,기공대기실,1
02000,공동주택,옥외테라스,1
01000,단독주택,관사물치,1
23000,교정및군사시설,기무부대장관사차고,1
17000,공장,보일러기자재보관소,1
Z8000,교육연구및복지시설,낙동동부초등학교,1
23000,교정및군사시설,차량운영중대,1
17000,공장,이산화탄소저장쉘타2,1
21000,동물및식물관련시설,버섯재재배사,1
04000,제2종근린생활시설,가상현실체험제공업소,1
18000,창고시설,딸기선별장,1
19000,위험물저장및처리시설,차양,1
17000,공장,dryice공장,1
18000,창고시설,택배물류터미널,1
04000,제2종근린생활시설,재가노인복지시설,1
16000,위락시설,휴계실,1
17000,공장,오수처리실,1
04000,제2종근린생활시설,종교칩회장,1
04000,제2종근린생활시설,사텍,1
30000,자원순환관련시설,직원숙소,1
04000,제2종근린생활시설,은척파출소,1
17000,공장,5에스공장,1
17000,공장,운전기사대기실,1
03000,제1종근린생활시설,병원및,1
03000,제1종근린생활시설,삿슈제작소,1
23000,교정및군사시설,종합훈련장,1
03000,제1종근린생활시설,다원,1
14000,업무시설,세차장사무실,1
01000,단독주택,창고및행랑,1
04000,제2종근린생활시설,숯제조시설,1
17000,공장,펌프및보일러실,1
03000,제1종근린생활시설,실내낚시터,1
03000,제1종근린생활시설,및숙박시설,1
15000,숙박시설,오색마루,1
17000,공장,수소tank실,1
17000,공장,스포일러,1
04000,제2종근린생활시설,천은사,1
17000,공장,자재보관함,1
01000,단독주택,유흥업소,1
04000,제2종근린생활시설,산림각,1
18000,창고시설,공항시설,1
17000,공장,빈,1
,,2층창고,1
02000,공동주택,cs사무실,1
02000,공동주택,중앙감지실,1
15000,숙박시설,용인숙소,1
03000,제1종근린생활시설,장비창고,1
03000,제1종근린생활시설,고도정수처리시설,1
18000,창고시설,배전반실,1
03000,제1종근린생활시설,사무실및도서실,1
02000,공동주택,510동,1
04000,제2종근린생활시설,40,1
03000,제1종근린생활시설,10호,1
17000,공장,암모니아실,1
17000,공장,페창고,1
07000,판매시설,충전소,1
04000,제2종근린생활시설,연사제조,1
07000,판매시설,선,1
04000,제2종근린생활시설,동문회관,1
06108,사당,사당,1
03000,제1종근린생활시설,처리시설외,1
24000,방송통신시설,tv무인중계소,1
17000,공장,타이어재생업,1
01000,단독주택,농어가주택주거시설,1
04000,제2종근린생활시설,주류발효실,1
07000,판매시설,위험물취급소,1
04000,제2종근린생활시설,21세대,1
05000,문화및집회시설,부경,1
04000,제2종근린생활시설,훈제실,1
06000,종교시설,종문회제실,1
15000,숙박시설,취사시설,1
01000,단독주택,합기도도장,1
01000,단독주택,점포및환경위생시설,1
01000,단독주택,다방위락시설,1
17000,공장,엠시실,1
17000,공장,미니밀하이드로포밍,1
17000,공장,내화연화창고,1
04000,제2종근린생활시설,비디오카메라촬영학원,1
Z3000,근린생활시설,사무실및주택,1
15000,숙박시설,온천호텔,1
10000,교육연구시설,부속변전실및체육창고,1
17000,공장,탱크룸,1
13000,운동시설,기계전기실,1
10000,교육연구시설,교육연구시설및주택,1
17000,공장,샘플링,1
15000,숙박시설,어민복지회관,1
10000,교육연구시설,야간연구시설,1
04000,제2종근린생활시설,부분정비수리점,1
17000,공장,철재파이프조립작업장,1
15000,숙박시설,일용품,1
18000,창고시설,농사물,1
17000,공장,석회석창고,1
06000,종교시설,교육동,1
Z6000,판매및영업시설,건사실,1
20000,자동차관련시설,조합실,1
04200,종교집회장,근린생활시설,1
02000,공동주택,715,1
10000,교육연구시설,실험주택2,1
06000,종교시설,창고변소,1
03000,제1종근린생활시설,신풍,1
JY,,1,1
02000,공동주택,다용도룸,1
17000,공장,석회운전실,1
15000,숙박시설,부대복리시설,1
17000,공장,booster,1
26000,묘지관련시설,기원실,1
25000,발전시설,가스창고,1
15000,숙박시설,관광숙박시설7,1
21000,동물및식물관련시설,자연농업식,1
17000,공장,15m,1
16000,위락시설,숙박시설여관,1
27000,관광휴게시설,리프트승,1
01000,단독주택,목욕탕변소,1
13000,운동시설,5,1
03000,제1종근린생활시설,미용원및단독주택,1
01000,단독주택,102호,1
04000,제2종근린생활시설,음시점,1
21000,동물및식물관련시설,장광,1
05000,문화및집회시설,관란집회시설및위락시설,1
17000,공장,bag투입실,1
Z3000,근린생활시설,탐조등실,1
01000,단독주택,간이수리점,1
17000,공장,3기열연,1
01000,단독주택,공용화장실,1
11000,노유자시설,장애인쉼터,1
21000,동물및식물관련시설,출하대기실,1
01000,단독주택,주택상점,1
04000,제2종근린생활시설,노대,1
17000,공장,제품저장호퍼,1
17000,공장,비드하역장,1
04000,제2종근린생활시설,시계부품제조업,1
31000,야영장시설,창고동,1
Z8000,교육연구및복지시설,신체장애자용숙사,1
17000,공장,염수저장탱크,1
04000,제2종근린생활시설,선박주유소,1
18000,창고시설,사무실및화장실,1
Z3000,근린생활시설,표구제품제조업,1
12100,생활권수련시설,유수호스텔3종,1
17000,공장,108,1
03000,제1종근린생활시설,배터리실2,1
10000,교육연구시설,6층,1
01000,단독주택,mdf실,1
17000,공장,골재저장,1
01000,단독주택,b동부속동,1
13000,운동시설,게이트볼장사무실b,1
02000,공동주택,원룸형생활주택,1
01000,단독주택,분양불가주택임,1
17000,공장,원피가공업,1
27000,관광휴게시설,화장실3,1
18000,창고시설,품질검사실,1
03000,제1종근린생활시설,가업장,1
16000,위락시설,주거용,1
17000,공장,차량하역데크,1
27000,관광휴게시설,공원사무소,1
02000,공동주택,17호,1
02000,공동주택,아파트29세대,1
04000,제2종근린생활시설,제1종근힌생활시설,1
27000,관광휴게시설,여객가항지,1
04000,제2종근린생활시설,종교부대시설관리사,1
03000,제1종근린생활시설,국관리사,1
15000,숙박시설,13실,1
JY,,분뇨,1
20000,자동차관련시설,왕겨장,1
17000,공장,현장,1
17000,공장,수산물식품제조업,1
03000,제1종근린생활시설,관로,1
21005,온실,온실,1
02000,공동주택,전망용,1
02000,공동주택,생및오피스텔,1
17000,공장,직영사무실,1
21000,동물및식물관련시설,식물관련식설,1
03000,제1종근린생활시설,마을공회광,1
14000,업무시설,근린및,1
11000,노유자시설,제2근린생활시설,1
21000,동물및식물관련시설,격리장,1
21000,동물및식물관련시설,구물풀창고,1
03000,제1종근린생활시설,대곡경로당,1
27000,관광휴게시설,관광센타,1
04000,제2종근린생활시설,배,1
17000,공장,공정관리실,1
21000,동물및식물관련시설,농기계간이수리소,1
17000,공장,미역조미공장,1
04000,제2종근린생활시설,어촌계창고,1
14100,공공업무시설,청사,1
10000,교육연구시설,문세트시험,1
11000,노유자시설,창,1
18000,창고시설,부화장,1
10000,교육연구시설,기초,1
15000,숙박시설,일반음식전,1
17000,공장,관리및숙소,1
27000,관광휴게시설,삼문,1
17000,공장,슬래그처리장,1
02000,공동주택,305,1
17000,공장,일반유흥음식점,1
02000,공동주택,쿠킹룸,1
20000,자동차관련시설,2종근린생생활시설,1
02000,공동주택,테니스장사무실,1
08000,운수시설,소화물,1
23000,교정및군사시설,하치장,1
16000,위락시설,위락시설및단독주택,1
20000,자동차관련시설,자동차부품점,1
21000,동물및식물관련시설,민물양어장,1
17000,공장,가스정류기실,1
17000,공장,위험물제조및처리시설,1
03000,제1종근린생활시설,감압장,1
03000,제1종근린생활시설,주택및사무소,1
01000,단독주택,2종그린,1
04000,제2종근린생활시설,공장동,1
18000,창고시설,사업장,1
01000,단독주택,위험물저장유독물판매소부속사,1
04000,제2종근린생활시설,출하대,1
14000,업무시설,o,1
03000,제1종근린생활시설,최초,1
02000,공동주택,옥외da,1
17000,공장,분쇄,1
05000,문화및집회시설,반구정,1
,,상점,1
03000,제1종근린생활시설,기관차,1
04000,제2종근린생활시설,면양말,1
16000,위락시설,성인용전자유기장,1
27000,관광휴게시설,농민휴계소,1
04000,제2종근린생활시설,의류백화점,1
27000,관광휴게시설,관광명품관,1
04001,일반음식점,단독주택,1
15000,숙박시설,목욕창,1
17000,공장,의약품도매업,1
19000,위험물저장및처리시설,위혐물저장및,1
07000,판매시설,집하장,1
03020,체육도장,외1,1
27000,관광휴게시설,정화조전처리시설,1
02000,공동주택,이육사기념관,1
09000,의료시설,여관,1
27000,관광휴게시설,산소방,1
21000,동물및식물관련시설,다시마,1
03000,제1종근린생활시설,농수산물판매소,1
17000,공장,회의실및기숙사,1
06000,종교시설,보살처소,1
10000,교육연구시설,태권도,1
06000,종교시설,상의정,1
17000,공장,배관용접실,1
03000,제1종근린생활시설,후오존접촉,1
22000,분뇨.쓰레기처리시설,브로아실,1
04000,제2종근린생활시설,공사,1
14000,업무시설,유전자분석실,1
17000,공장,폐액탱크,1
04000,제2종근린생활시설,주차관리및,1
05000,문화및집회시설,통로,1
14000,업무시설,공공업무시실,1
17000,공장,도금공장,1
03000,제1종근린생활시설,주택및근린생활,1
19000,위험물저장및처리시설,다세대,1
03010,정수장,화장실,1
14000,업무시설,파견소대내무반,1
04000,제2종근린생활시설,헬스,1
04000,제2종근린생활시설,부속옥탑,1
01000,단독주택,창고부지,1
14000,업무시설,자동차학원,1
01000,단독주택,장자,1
01000,단독주택,예,1
10000,교육연구시설,남고,1
04000,제2종근린생활시설,요리체험장,1
17000,공장,48001,1
26000,묘지관련시설,기숙사,1
08000,운수시설,분리수거장,1
04000,제2종근린생활시설,해조류가공저장시설,1
17000,공장,수선동,1
04000,제2종근린생활시설,제조업소의,1
26000,묘지관련시설,위패봉안실,1
17000,공장,김가공건조장,1
20000,자동차관련시설,부설,1
23000,교정및군사시설,편의점,1
01000,단독주택,비상대기소,1
01000,단독주택,농업용건조기창고,1
Z8000,교육연구및복지시설,의대교사,1
23000,교정및군사시설,1호관사차고,1
04000,제2종근린생활시설,목재도구,1
17000,공장,조제,1
18000,창고시설,슬래그홉바,1
Z5000,문화및집회시설,조리실,1
10000,교육연구시설,항공직업학교,1
17000,공장,qa실험실,1
01000,단독주택,무인기지국,1
04000,제2종근린생활시설,영안실,1
04000,제2종근린생활시설,소록출장소,1
23000,교정및군사시설,기타관리실,1
07000,판매시설,문화시설,1
02000,공동주택,노인시설,1
02000,공동주택,할머니방,1
01000,단독주택,약창고,1
21000,동물및식물관련시설,전시판매,1
19000,위험물저장및처리시설,휴계소,1
26000,묘지관련시설,변전실,1
17000,공장,입가공,1
17000,공장,hp,1
17000,공장,팔각장,1
17000,공장,ess,1
04000,제2종근린생활시설,m,1
04000,제2종근린생활시설,f실,1
03000,제1종근린생활시설,172,1
04000,제2종근린생활시설,주택근생,1
17000,공장,오폐수병합처리장,1
04000,제2종근린생활시설,지상탱크및지상기계실,1
17000,공장,촉매활성설비동,1
03000,제1종근린생활시설,배양조실,1
18000,창고시설,수산물가공실,1
17000,공장,수산물창고,1
23000,교정및군사시설,차량차고시설,1
03000,제1종근린생활시설,온수탱크,1
04000,제2종근린생활시설,금고사무실,1
23000,교정및군사시설,미사일방어사령관공관,1
05000,문화및집회시설,수직사,1
04000,제2종근린생활시설,관란집회시설,1
15000,숙박시설,계단및물탱크,1
03000,제1종근린생활시설,대학2리,1
17000,공장,알루미늄주조공장,1
21000,동물및식물관련시설,그늘각,1
21000,동물및식물관련시설,비상절각장,1
03000,제1종근린생활시설,옥봉북동사무실,1
23000,교정및군사시설,식품검사실,1
02000,공동주택,전력감시실,1
01000,단독주택,밍,1
17000,공장,70ton메인팬모터,1
04000,제2종근린생활시설,기계제조,1
Z5000,문화및집회시설,모현정,1
01000,단독주택,최사장,1
11000,노유자시설,제2종근린생할시설,1
17000,공장,anode주조공장,1
06000,종교시설,대한불교조계종,1
17000,공장,상용prs도장수정장,1
03000,제1종근린생활시설,농민건강관리실,1
14000,업무시설,평생학습관,1
05000,문화및집회시설,사립미술관,1
Z8000,교육연구및복지시설,예배실,1
03000,제1종근린생활시설,94,1
18000,창고시설,농기계보관및건조창고,1
01000,단독주택,대중음식점0,1
02000,공동주택,방송국,1
18000,창고시설,영업시설,1
,,농기계수리센터,1
18000,창고시설,요트보관창고,1
01000,단독주택,내과의원,1
23000,교정및군사시설,펌프장,1
23000,교정및군사시설,통합내무생활관,1
10000,교육연구시설,조형학관,1
01000,단독주택,별장e,1
23000,교정및군사시설,부단장관사보일러실,1
03000,제1종근린생활시설,근린생활지구,1
17000,공장,가스실린더랙,1
23000,교정및군사시설,분리수거시설,1
05000,문화및집회시설,유관순열사,1
02000,공동주택,49,1
05000,문화및집회시설,광현당,1
04000,제2종근린생활시설,점포다방,1
17000,공장,농기계수리센터,1
17000,공장,시무실,1
20000,자동차관련시설,부동산중개사무소,1
26000,묘지관련시설,상여독,1
17000,공장,도자기공자,1
17000,공장,옥내위험물창고,1
04000,제2종근린생활시설,인쇄제조,1
25000,발전시설,외1,1
09000,의료시설,근,1
21000,동물및식물관련시설,엘크사육장,1
17000,공장,크라샤실,1
12000,수련시설,수련시설제,1
05000,문화및집회시설,한약재도매시장,1
03000,제1종근린생활시설,국가기관청사,1
20000,자동차관련시설,주차전용건물,1
23000,교정및군사시설,지하주차장램프,1
24000,방송통신시설,대피실,1
03000,제1종근린생활시설,공작실,1
,,위험물처리및저장시설,1
02000,공동주택,주민자치사무실,1
13000,운동시설,영리,1
02000,공동주택,ces,1
05000,문화및집회시설,종합문화센타,1
03000,제1종근린생활시설,이동전화무인기지국,1
03000,제1종근린생활시설,즉석판매제조업소,1
22000,분뇨.쓰레기처리시설,g,1
20000,자동차관련시설,385,1
26000,묘지관련시설,태극단묘지관리사,1
02000,공동주택,오수저류조,1
02000,공동주택,제1종근린생활시설및단지형다세대주택,1
02000,공동주택,초과지하주차장,1
02000,공동주택,독신자연립주택,1
03000,제1종근린생활시설,주차고,1
17000,공장,30동,1
01000,단독주택,주택사무실,1
03000,제1종근린생활시설,농약판매소,1
06000,종교시설,동종각,1
02000,공동주택,공공실버복지관,1
02000,공동주택,무빙워크,1
18000,창고시설,기내식제조,1
25000,발전시설,열원설비동,1
06000,종교시설,교회차고,1
01000,단독주택,부속된창고,1
02000,공동주택,2종근생및공동주택,1
02000,공동주택,용역창고,1
02000,공동주택,동산연립주택,1
02000,공동주택,공공보행엘리베이터,1
02000,공동주택,키즈파크,1
02000,공동주택,우수저수조점검실,1
02000,공동주택,세탁카페,1
02000,공동주택,인형제조장,1
Z5000,문화및집회시설,통로,1
17000,공장,수산물처리공장,1
02000,공동주택,오수정화시설출입문,1
Z8000,교육연구및복지시설,탄도분교,1
02000,공동주택,공공화장실,1
10000,교육연구시설,수련소,1
03000,제1종근린생활시설,마을공회당및구판장,1
08000,운수시설,급전구분소,1
17000,공장,방호센타,1
17000,공장,엔진검사실,1
10000,교육연구시설,방폭시험실,1
02000,공동주택,주동제연휀룸,1
10000,교육연구시설,ai기기응용학과실습장,1
11000,노유자시설,아동복지법인,1
02000,공동주택,부대시설구조물,1
17000,공장,자재보관,1
02000,공동주택,용원실2,1
17000,공장,벨트컨베이어2기,1
03000,제1종근린생활시설,식당국수제조공장,1
04000,제2종근린생활시설,성인전자오락실,1
01000,단독주택,농촌주택개량지원대상임,1
21000,동물및식물관련시설,발효돈사외,1
17000,공장,더덕구이,1
17000,공장,인쇄실,1
03000,제1종근린생활시설,마을공동작업시설,1
03000,제1종근린생활시설,의경숙소,1
01000,단독주택,79년도,1
14000,업무시설,제재소,1
26000,묘지관련시설,상가,1
22000,분뇨.쓰레기처리시설,세차정비시설,1
10000,교육연구시설,펜싱부연습장,1
11000,노유자시설,대문,1
03000,제1종근린생활시설,집수압기,1
15000,숙박시설,대피소및보일러실,1
03000,제1종근린생활시설,부녀회구판장,1
20000,자동차관련시설,종합검사장,1
03000,제1종근린생활시설,수행시설,1
03000,제1종근린생활시설,임북1구회관,1
03000,제1종근린생활시설,수산동파출소,1
03000,제1종근린생활시설,화촌마을회관,1
01000,단독주택,다가구사세대,1
03000,제1종근린생활시설,대전취수탑경비실,1
11000,노유자시설,마을노인회관,1
02000,공동주택,퍼팅룸,1
03000,제1종근린생활시설,백련배수펌프장,1
17000,공장,철골,1
Z3000,근린생활시설,통신용시설,1
11000,노유자시설,보훈시설,1
03000,제1종근린생활시설,점포및주거시설,1
03000,제1종근린생활시설,약수탕관리사무실,1
03000,제1종근린생활시설,천전가압장,1
03000,제1종근린생활시설,영농정,1
03000,제1종근린생활시설,이동통신무인기지국사,1
03000,제1종근린생활시설,어구작업장,1
03000,제1종근린생활시설,가정사,1
21000,동물및식물관련시설,과수선별장,1
03000,제1종근린생활시설,노무자건물,1
03000,제1종근린생활시설,간이판매장,1
,,d,1
04000,제2종근린생활시설,주택및점포및근린생활시설,1
04000,제2종근린생활시설,제종업소및창고,1
04000,제2종근린생활시설,해태재조공장,1
04000,제2종근린생활시설,창고및농기구수리소,1
04000,제2종근린생활시설,유고,1
04000,제2종근린생활시설,다가구주택및고시원,1
14000,업무시설,분석센터,1
11000,노유자시설,가정복지파견시설,1
06000,종교시설,유치관,1
04000,제2종근린생활시설,메주제조업소,1
04000,제2종근린생활시설,위조실,1
04000,제2종근린생활시설,녹차제조,1
08000,운수시설,의원,1
18000,창고시설,주유소캐노피,1
14000,업무시설,91호,1
01000,단독주택,5실,1
02000,공동주택,14동지하주차장,1
18000,창고시설,김종합처리장,1
04000,제2종근린생활시설,제각재래식화장실,1
18000,창고시설,저수조발전기실,1
04000,제2종근린생활시설,냉풍욕장,1
03000,제1종근린생활시설,공중욕장,1
06000,종교시설,인법당,1
02000,공동주택,엘리베이트홀,1
03000,제1종근린생활시설,승용장난감판매점,1
04000,제2종근린생활시설,합수소,1
10000,교육연구시설,상업고등학교,1
04000,제2종근린생활시설,교회및회관,1
17000,공장,스마트제조혁신센타,1
04000,제2종근린생활시설,수리점2동,1
04000,제2종근린생활시설,석공예작업장,1
04000,제2종근린생활시설,물놀이장부대시설,1
15000,숙박시설,2층,1
21000,동물및식물관련시설,애견사,1
04000,제2종근린생활시설,제ㅣ2종근린생활시설,1
24000,방송통신시설,한의원,1
05000,문화및집회시설,의소대차고,1
03000,제1종근린생활시설,두부제조업,1
13000,운동시설,안내소,1
04000,제2종근린생활시설,골프장관리실,1
06000,종교시설,휴계소,1
04000,제2종근린생활시설,자동차수리시설,1
04000,제2종근린생활시설,흑염소탕,1
04000,제2종근린생활시설,중문채,1
06000,종교시설,순천박씨재각,1
Z9000,공공용시설,잡유창고,1
04000,제2종근린생활시설,농기계제작수리점,1
04000,제2종근린생활시설,동회사무실,1
10000,교육연구시설,테니스관람실,1
04000,제2종근린생활시설,농업용생산시설,1
04000,제2종근린생활시설,식품위생업소,1
17000,공장,호퍼동,1
04000,제2종근린생활시설,통신기계시설,1
01000,단독주택,부속건문,1
09000,의료시설,탱크실,1
18000,창고시설,꽃저온저장창고,1
04000,제2종근린생활시설,교습소및점포,1
03000,제1종근린생활시설,daf,1
02000,공동주택,비주거시설,1
04000,제2종근린생활시설,제거식변소,1
04000,제2종근린생활시설,사무소및연쇄점및창고,1
13000,운동시설,유흥주점장,1
17000,공장,한지부업단지,1
06000,종교시설,제각및납골당,1
17000,공장,게이트,1
06000,종교시설,선당,1
04000,제2종근린생활시설,출입항신고서,1
03000,제1종근린생활시설,곡물건조장,1
04000,제2종근린생활시설,제조업소내,1
04000,제2종근린생활시설,공동목욕탕,1
04000,제2종근린생활시설,사내식당,1
04000,제2종근린생활시설,기계식주차타워,1
13000,운동시설,분뇨및쓰레기처리시설,1
17000,공장,용기포장지,1
04000,제2종근린생활시설,환교소,1
06000,종교시설,교회및노유자시설,1
03000,제1종근린생활시설,6층,1
02000,공동주택,입주자회의실등,1
18000,창고시설,농협분소,1
18000,창고시설,비료저장고,1
13000,운동시설,제2종근생시설,1
Z3000,근린생활시설,분만사,1
04000,제2종근린생활시설,천주교관리실,1
04000,제2종근린생활시설,수산물제조및판매점,1
01000,단독주택,알반음식점,1
04000,제2종근린생활시설,취락,1
04000,제2종근린생활시설,음식점접객실,1
06000,종교시설,종교시설외3,1
21000,동물및식물관련시설,가축진료연구실,1
,,장갑제조업,1
04000,제2종근린생활시설,교회시설,1
04000,제2종근린생활시설,훈련작업실,1
04000,제2종근린생활시설,사찰대웅전,1
04000,제2종근린생활시설,종업원,1
29000,장례시설,2,1
04000,제2종근린생활시설,성산관,1
07000,판매시설,공중변소,1
04000,제2종근린생활시설,금정암,1
04000,제2종근린생활시설,간이태비장,1
04000,제2종근린생활시설,체육시설관리사무실,1
21000,동물및식물관련시설,송아지분만실,1
03000,제1종근린생활시설,집수암거,1
06000,종교시설,지장암,1
04000,제2종근린생활시설,생전복저장,1
04000,제2종근린생활시설,창고탱크,1
04000,제2종근린생활시설,벽돌양생실,1
17000,공장,압놀실,1
21000,동물및식물관련시설,탈곡장,1
06000,종교시설,취사장및세면장,1
20000,자동차관련시설,박차장,1
04000,제2종근린생활시설,석물가공제조업,1
04000,제2종근린생활시설,근린생활시실및주택,1
01000,단독주택,위험물처리저장시설,1
17000,공장,사진액자제작,1
21000,동물및식물관련시설,버섯재배창고,1
04000,제2종근린생활시설,차양대,1
02000,공동주택,식물농장,1
04000,제2종근린생활시설,환경관제소,1
17000,공장,합성수지가공공장,1
03000,제1종근린생활시설,공예품판매,1
04000,제2종근린생활시설,재사,1
01000,단독주택,제1호,1
03000,제1종근린생활시설,v중계사,1
01000,단독주택,지상주차장,1
04000,제2종근린생활시설,사무실구판장,1
06000,종교시설,근린생활시설및다가구주택,1
01000,단독주택,농기구판매수리점,1
04000,제2종근린생활시설,근생및주텍,1
13000,운동시설,그늘집1홀,1
17000,공장,음,1
03000,제1종근린생활시설,다가구주택4가구,1
Z9000,공공용시설,시무실및창고,1
02000,공동주택,하수처리장,1
06000,종교시설,선교소,1
26000,묘지관련시설,일자각,1
04000,제2종근린생활시설,사무소부속차고,1
01000,단독주택,제조업소및,1
04000,제2종근린생활시설,일반목제가구제조장,1
04000,제2종근린생활시설,수산물김가공제조업,1
03000,제1종근린생활시설,자동차계학원,1
05000,문화및집회시설,f회랑,1
13000,운동시설,관광농원,1
01000,단독주택,식품소분업,1
21000,동물및식물관련시설,육추,1
21000,동물및식물관련시설,축조,1
06000,종교시설,사찰및,1
04000,제2종근린생활시설,농기계작업장,1
04000,제2종근린생활시설,제조장및탈의실,1
04000,제2종근린생활시설,발전소본관,1
04000,제2종근린생활시설,수산물제조업소,1
06000,종교시설,묘각,1
06000,종교시설,저장고,1
02000,공동주택,물탱크실및비상발전기실,1
01000,단독주택,자동차정비,1
,,권양실,1
01000,단독주택,1ㆍ2종근린생활시설,1
06000,종교시설,부속채,1
17000,공장,블로어룸,1
04000,제2종근린생활시설,제2종근틴생활시설,1
22000,분뇨.쓰레기처리시설,염소투입실동,1
04000,제2종근린생활시설,자동차정비소및소매점,1
10000,교육연구시설,부속공장,1
17000,공장,히팅실,1
04000,제2종근린생활시설,비닐하우스,1
04000,제2종근린생활시설,다목적개량곳간,1
21000,동물및식물관련시설,종묘돈사,1
17000,공장,무기고사무실,1
04000,제2종근린생활시설,해태절단실,1
Z8000,교육연구및복지시설,대기오염물질,1
06000,종교시설,옥외대기공간,1
04000,제2종근린생활시설,내무실,1
04000,제2종근린생활시설,주택및화장실,1
04000,제2종근린생활시설,도축장,1
05000,문화및집회시설,전시판,1
04000,제2종근린생활시설,충효회관,1
05000,문화및집회시설,북카페,1
04000,제2종근린생활시설,auto,1
04000,제2종근린생활시설,차량통행로,1
06000,종교시설,온실,1
04000,제2종근린생활시설,위험물저장및처리시설외,1
01000,단독주택,옥외휴게시설,1
04000,제2종근린생활시설,지당,1
06000,종교시설,쿨링타워,1
24000,방송통신시설,w,1
04000,제2종근린생활시설,괸리사,1
04000,제2종근린생활시설,풍여장,1
04000,제2종근린생활시설,리,1
06000,종교시설,2전시관,1
04000,제2종근린생활시설,현장가설사무소,1
10000,교육연구시설,옥외전파시험소,1
04000,제2종근린생활시설,사무실및교양실,1
04000,제2종근린생활시설,종합상가,1
20000,자동차관련시설,주유소캐노피,1
22000,분뇨.쓰레기처리시설,축산,1
01000,단독주택,1994년,1
04000,제2종근린생활시설,도시락제조공장,1
03000,제1종근린생활시설,물놀이장,1
04000,제2종근린생활시설,101동,1
02000,공동주택,금융,1
20000,자동차관련시설,시내버스차고지,1
03000,제1종근린생활시설,교육연구및복리시설,1
04000,제2종근린생활시설,제조시설및사무실,1
01000,단독주택,다가구2가구용,1
04000,제2종근린생활시설,축분건조용,1
17000,공장,시험용,1
06000,종교시설,종중시설,1
04000,제2종근린생활시설,과일작업장,1
24000,방송통신시설,자동전화기,1
04000,제2종근린생활시설,화장실및개수대,1
04000,제2종근린생활시설,칠성주,1
04000,제2종근린생활시설,도기제조공장,1
07000,판매시설,판매업무시설,1
03000,제1종근린생활시설,빗물저류조,1
04000,제2종근린생활시설,의류제조장,1
04999,기타제2종근린생활시설,소매점,1
20000,자동차관련시설,관리,1
04000,제2종근린생활시설,화장실및관리실,1
18000,창고시설,농산물건조대,1
17000,공장,공장양생실,1
02000,공동주택,예체능계,1
01000,단독주택,식품가내공업공장,1
05000,문화및집회시설,경륜장,1
03000,제1종근린생활시설,해양초소,1
18000,창고시설,미술품,1
18000,창고시설,농기계수납창고,1
06000,종교시설,노유지시설,1
18000,창고시설,광원직업훈련실습장,1
06000,종교시설,산령각,1
10000,교육연구시설,전자과,1
11000,노유자시설,경비초소,1
14000,업무시설,업무시설점포,1
24000,방송통신시설,관제탑,1
17000,공장,청소년시설,1
03000,제1종근린생활시설,주거생활,1
Z3000,근린생활시설,콤프레샤실,1
17000,공장,활성오니실험실,1
Z3000,근린생활시설,근린생활시설및캐노피,1
02000,공동주택,10세대주택,1
01000,단독주택,사택동,1
Z3000,근린생활시설,지하수관정,1
01000,단독주택,77년도,1
24000,방송통신시설,무인장비실,1
02000,공동주택,경비실c,1
17000,공장,ip,1
03000,제1종근린생활시설,159,1
,,수전실,1
06000,종교시설,솟을삽문,1
13000,운동시설,체력단련시설,1
17000,공장,sf연신방풍실,1
16000,위락시설,판매,1
03000,제1종근린생활시설,입주자공동시설,1
02000,공동주택,공동구판장,1
18000,창고시설,운영동,1
01000,단독주택,보아라실,1
14000,업무시설,구세군본영회관,1
17000,공장,보일라실,1
18000,창고시설,부1동,1
18000,창고시설,가,1
17000,공장,택,1
21000,동물및식물관련시설,축양장기계실,1
01000,단독주택,전구제조업,1
Z3000,근린생활시설,동력동,1
18000,창고시설,폐기물처분시설,1
03000,제1종근린생활시설,정화시설,1
01000,단독주택,1977년도농촌주택취락구조개선사업대상자임,1
02000,공동주택,프,1
03000,제1종근린생활시설,자치센터청사별관,1
17000,공장,공급제조업계기,1
04000,제2종근린생활시설,식당부속시설,1
17000,공장,29195,1
11000,노유자시설,직업훈련관,1
07000,판매시설,근린생활시설및교육연구시설,1
03000,제1종근린생활시설,통합안내실,1
03000,제1종근린생활시설,1구레이다실,1
03000,제1종근린생활시설,내이마을,1
13000,운동시설,lpg저장소,1
07000,판매시설,수산물직매장,1
03000,제1종근린생활시설,숙성실,1
02000,공동주택,깨스정압실,1
19000,위험물저장및처리시설,공,1
01000,단독주택,96농촌주택개량지원사업,1
20000,자동차관련시설,숙소휴계실,1
02000,공동주택,도시형생활주택13세대,1
19000,위험물저장및처리시설,셀프청소,1
02002,연립주택,연립주택,1
13000,운동시설,어린이락카,1
27000,관광휴게시설,민속상설공연장,1
03000,제1종근린생활시설,1층소매점,1
03000,제1종근린생활시설,주거복지센터,1
27000,관광휴게시설,문화재,1
16000,위락시설,주택및근린생활시설,1
10000,교육연구시설,수녀관,1
17000,공장,73,1
17000,공장,하수슬러지건조시설,1
04000,제2종근린생활시설,목재문제조업,1
10000,교육연구시설,단층창고,1
18000,창고시설,펨프실,1
18000,창고시설,사찰창고,1
17000,공장,2차체케노피,1
01000,단독주택,부속건조실,1
17000,공장,소재,1
21000,동물및식물관련시설,퇴비사및우사,1
16000,위락시설,휴양소,1
17000,공장,전동차충전소,1
01000,단독주택,군민생활시설,1
02000,공동주택,관측소,1
17000,공장,3호트랜스퍼하우스,1
17000,공장,직원식당및탈의실,1
02000,공동주택,다목적실3,1
17000,공장,51자재창고,1
JY,,주유소세차기,1
08000,운수시설,자동차터미널,1
17000,공장,메주건조실,1
03000,제1종근린생활시설,제1종ㆍ제2종근린생활시설,1
02000,공동주택,소상공인센터,1
19000,위험물저장및처리시설,filling동,1
17000,공장,오토바이보관장,1
10000,교육연구시설,복시지설,1
17000,공장,필터배관실,1
16000,위락시설,가압펌프실,1
30000,자원순환관련시설,분리보관시설,1
14000,업무시설,95,1
16000,위락시설,유흥점,1
18000,창고시설,방치차량보관소,1
04000,제2종근린생활시설,유사용기업체,1
27000,관광휴게시설,무대섬,1
27000,관광휴게시설,오수시설관리실,1
01000,단독주택,12가구및소매점,1
18000,창고시설,농업어용,1
21000,동물및식물관련시설,및조립식판넬,1
06000,종교시설,수원교당,1
17000,공장,조정,1
17000,공장,원수처리탈수기동,1
15000,숙박시설,빠,1
02000,공동주택,생활평익시설,1
03000,제1종근린생활시설,상수가압장,1
18000,창고시설,고금면,1
19000,위험물저장및처리시설,공무동,1
19000,위험물저장및처리시설,폐기물재활용시설,1
27000,관광휴게시설,공원휴게시설,1
15000,숙박시설,제2종근린생활시설및,1
17000,공장,수조실,1
01000,단독주택,94농촌주거환경개선사업주택개량대상,1
02000,공동주택,복육시설,1
27000,관광휴게시설,매점및공중변소,1
17000,공장,염료탱크대,1
Z8000,교육연구및복지시설,작업장,1
19000,위험물저장및처리시설,장비거치대,1
05000,문화및집회시설,농경문화관,1
03000,제1종근린생활시설,처리동,1
14000,업무시설,프레스센타,1
04000,제2종근린생활시설,쌍곡관리사무소,1
26000,묘지관련시설,폐기물저장고,1
27000,관광휴게시설,즉석식품매장,1
18000,창고시설,단독주택제2종근린생활시설,1
27000,관광휴게시설,관리사휴게소,1
09000,의료시설,부속기계실,1
01000,단독주택,샘물,1
01000,단독주택,문긴,1
21000,동물및식물관련시설,계사및사료창고,1
01000,단독주택,어업지도선관사,1
01000,단독주택,단독5가구,1
01000,단독주택,안중사랑채,1
01000,단독주택,농가주택및제2종근린생활시설,1
17000,공장,환입처리장,1
01000,단독주택,춘천지검강릉지청관사,1
21000,동물및식물관련시설,돈사용톱밥정화조시설,1
01000,단독주택,다가주주택및제1종근린생활시설,1
04000,제2종근린생활시설,제책업작업장,1
01000,단독주택,퇴비사및부속사,1
05000,문화및집회시설,토속음식점,1
17000,공장,주공정,1
18000,창고시설,암자,1
03000,제1종근린생활시설,무학치안센타,1
06000,종교시설,강의동,1
17000,공장,금속판제품제조공장,1
02000,공동주택,맘스스테,1
05000,문화및집회시설,남문,1
10000,교육연구시설,공예관,1
01000,단독주택,제과제조업,1
15000,숙박시설,주점영업소,1
21000,동물및식물관련시설,펌,1
20000,자동차관련시설,통신실,1
13000,운동시설,영화관,1
20000,자동차관련시설,주차요금정산소,1
01000,단독주택,근린생활실설외,1
05000,문화및집회시설,티하우스,1
21000,동물및식물관련시설,교반식,1
05000,문화및집회시설,주차관리,1
05000,문화및집회시설,테니스장관리시설,1
03000,제1종근린생활시설,단독주텍,1
19000,위험물저장및처리시설,pr저장소,1
03000,제1종근린생활시설,침전지스컴,1
05000,문화및집회시설,유씨제각,1
05000,문화및집회시설,제1펌프장,1
02000,공동주택,충전소,1
21000,동물및식물관련시설,웅사,1
Z9000,공공용시설,우량관측기기실,1
17000,공장,sa,1
17000,공장,실린더보관소,1
17000,공장,계장기기,1
13000,운동시설,2가구,1
02000,공동주택,외부elev실,1
02000,공동주택,미니도서관,1
15000,숙박시설,7,1
07000,판매시설,계단제연실,1
02000,공동주택,00포함,1
10000,교육연구시설,실습기자재보관실,1
01000,단독주택,주근린생활시설,1
10000,교육연구시설,중앙전산실동,1
04000,제2종근린생활시설,액화가스충전소,1
02000,공동주택,생활판매시설,1
05000,문화및집회시설,기타창고시설,1
05000,문화및집회시설,열대조류사,1
17000,공장,1열연본공장,1
11000,노유자시설,기념관,1
07000,판매시설,축산물도매시장,1
03000,제1종근린생활시설,변절실,1
18000,창고시설,건설기자재,1
02000,공동주택,프라이빗힐링룸,1
21000,동물및식물관련시설,전기기계실,1
05000,문화및집회시설,초학회,1
02000,공동주택,호스텔,1
16000,위락시설,변경전,1
17000,공장,부출입구경비실,1
17000,공장,출고사무소,1
03000,제1종근린생활시설,초소8,1
03000,제1종근린생활시설,톳가공공장,1
21000,동물및식물관련시설,실내사육장,1
03000,제1종근린생활시설,제2종및1종근린생활시설,1
03000,제1종근린생활시설,옥탑및창고,1
03000,제1종근린생활시설,통신관련시설,1
03000,제1종근린생활시설,시공관온실,1
03000,제1종근린생활시설,시내버스대기소,1
01000,단독주택,2021년도,1
03000,제1종근린생활시설,부속실제4호,1
03000,제1종근린생활시설,보건지소관사,1
21000,동물및식물관련시설,20m2,1
02000,공동주택,맘스까페,1
11000,노유자시설,부대급식시설,1
17000,공장,플랜트공장,1
11000,노유자시설,양로원수용실,1
03000,제1종근린생활시설,화제장,1
03000,제1종근린생활시설,물망제,1
03000,제1종근린생활시설,마을공동제험시설,1
06000,종교시설,교육연구복지시설,1
03000,제1종근린생활시설,제1종근린생확시설,1
21000,동물및식물관련시설,준비실,1
03000,제1종근린생활시설,영엽용,1
03000,제1종근린생활시설,양수장부속사,1
03000,제1종근린생활시설,감시소,1
10000,교육연구시설,서고동,1
03000,제1종근린생활시설,변전소사무실,1
02000,공동주택,관리원휴게실,1
03000,제1종근린생활시설,학산양수장,1
03000,제1종근린생활시설,비상대기반,1
03000,제1종근린생활시설,간이목욕탕,1
03000,제1종근린생활시설,부속창고및화장실,1
Z3000,근린생활시설,한문,1
03000,제1종근린생활시설,공동다목적창고,1
06000,종교시설,제2종근리생활시설,1
03000,제1종근린생활시설,주택및발전실,1
04000,제2종근린생활시설,체능계사설강습소,1
03000,제1종근린생활시설,마을향토유물관,1
03000,제1종근린생활시설,송간마을공동농산물집하장,1
03000,제1종근린생활시설,소두리경찰출장소,1
17000,공장,열매체유,1
03000,제1종근린생활시설,향약제,1
33000,"국방,군사시설",락커룸,1
11000,노유자시설,온수양노당,1
21000,동물및식물관련시설,수산물창고,1
18000,창고시설,광원용,1
21000,동물및식물관련시설,축산발효건조장,1
03000,제1종근린생활시설,소화약제실,1
19000,위험물저장및처리시설,반공대피호,1
10000,교육연구시설,무도교습소,1
03000,제1종근린생활시설,완구점,1
03000,제1종근린생활시설,화훼집회장,1
03000,제1종근린생활시설,새마을다목적건조실,1
04000,제2종근린생활시설,7실,1
07000,판매시설,직판장,1
03000,제1종근린생활시설,마을운동시설,1
11000,노유자시설,정자각,1
03000,제1종근린생활시설,선구점및창고,1
33000,"국방,군사시설",간부숙소,1
17000,공장,일반제조공장,1
03000,제1종근린생활시설,후생시설,1
03000,제1종근린생활시설,급수대,1
04000,제2종근린생활시설,제1종근린생할,1
03000,제1종근린생활시설,강북구의회,1
11000,노유자시설,노동복지회관,1
03000,제1종근린생활시설,종통로,1
03000,제1종근린생활시설,두문2리보건진료소,1
03000,제1종근린생활시설,소방서119안전센터,1
03000,제1종근린생활시설,휴게음식점및세차장,1
18000,창고시설,주류,1
03000,제1종근린생활시설,농축산슈퍼,1
03000,제1종근린생활시설,1종근린생황시설,1
03000,제1종근린생활시설,영당복지회관,1
03000,제1종근린생활시설,마을공동퇴비건조장,1
03000,제1종근린생활시설,방송망시설,1
21000,동물및식물관련시설,유우관리사,1
01000,단독주택,농촌주택개량에의한농가주택,1
10000,교육연구시설,가1동,1
01000,단독주택,계량소,1
21000,동물및식물관련시설,임시저장조,1
01000,단독주택,이발상점주택,1
18000,창고시설,농산물선별장및저온창고,1
21000,동물및식물관련시설,축산물폐수방지처리시설,1
18000,창고시설,자동차관련시설및창고시설,1
01000,단독주택,주택및장광,1
18000,창고시설,농산시설,1
04000,제2종근린생활시설,매,1
18000,창고시설,부물,1
03000,제1종근린생활시설,송전창고,1
18000,창고시설,농사용창고및휴식공간,1
21000,동물및식물관련시설,돔물관련시설,1
03001,소매점,창고,1
04000,제2종근린생활시설,동채,1
01000,단독주택,부속화장실및창고,1
21000,동물및식물관련시설,작업관리사,1
04000,제2종근린생활시설,조산소,1
18000,창고시설,거름창고,1
18000,창고시설,운단창고및작업장,1
18000,창고시설,농기계보관공동창고,1
21000,동물및식물관련시설,동물및식물관린시설,1
21000,동물및식물관련시설,축분뇨처리시설,1
18000,창고시설,부동산중개사무소,1
04000,제2종근린생활시설,tv중계소,1
18000,창고시설,계전기실,1
02000,공동주택,도시형셍활주택,1
21000,동물및식물관련시설,잎담배공동건조장및창고,1
17000,공장,공업용수조,1
06000,종교시설,기독교대한감리교회,1
01000,단독주택,제2종근린생활시설외1건,1
01000,단독주택,집수정,1
01000,단독주택,농가용단독주택및창고,1
18000,창고시설,조사료창고,1
01000,단독주택,가족형,1
03000,제1종근린생활시설,저류조,1
01000,단독주택,놀이시설,1
01000,단독주택,회장실,1
21000,동물및식물관련시설,화초및분재등의,1
18000,창고시설,지대창고,1
21000,동물및식물관련시설,내수면어류양식장관리소,1
21000,동물및식물관련시설,숙소및창고,1
13000,운동시설,그늘집7,1
03000,제1종근린생활시설,육즙,1
01000,단독주택,농업용보관창고,1
01000,단독주택,농촌단독주택,1
01000,단독주택,근생외1,1
01000,단독주택,주택및곡물건조실,1
17000,공장,변압기제조업,1
10000,교육연구시설,공대실험기자재,1
20000,자동차관련시설,모터실,1
08000,운수시설,돌제2,1
Z5000,문화및집회시설,목조대왕비각,1
09000,의료시설,1건,1
01000,단독주택,일용점포,1
13000,운동시설,시민체육관,1
13000,운동시설,재활용창고,1
04000,제2종근린생활시설,건축물부설주차장,1
13000,운동시설,관리사동,1
03000,제1종근린생활시설,본체,1
Z8000,교육연구및복지시설,청소년회관,1
03000,제1종근린생활시설,본관및기계실,1
13000,운동시설,대회본부,1
03000,제1종근린생활시설,고추가루제분업,1
01000,단독주택,제2동,1
19000,위험물저장및처리시설,위험물저장시설및주유소,1
21000,동물및식물관련시설,기존바동,1
18000,창고시설,계란보관,1
13000,운동시설,단층경비실,1
11000,노유자시설,노유자시설중,1
02000,공동주택,아파트24세대,1
20000,자동차관련시설,기자재보관소,1
01000,단독주택,양돈장,1
Z8000,교육연구및복지시설,장애인엘리베이터,1
05000,문화및집회시설,내은정,1
Z8000,교육연구및복지시설,교육관외3용도,1
17000,공장,11공기압축기동,1
13000,운동시설,선수대기실4,1
13000,운동시설,응원석,1
03000,제1종근린생활시설,곳집,1
01000,단독주택,단독주택및부속정자,1
03000,제1종근린생활시설,용,1
01000,단독주택,조사,1
17000,공장,에수테르공장,1
03000,제1종근린생활시설,전경대숙영시설지구대,1
13000,운동시설,장비보관창고,1
18000,창고시설,주1,1
13000,운동시설,지역공공시설,1
04000,제2종근린생활시설,씽크대조립공장,1
02000,공동주택,노인휴게시설,1
21000,동물및식물관련시설,간이전시시설,1
13000,운동시설,퇴비장,1
Z9000,공공용시설,기타시설,1
04000,제2종근린생활시설,식물,1
02000,공동주택,제연휀실,1
17000,공장,보호실,1
24000,방송통신시설,숙직,1
18000,창고시설,작업장외2,1
Z8000,교육연구및복지시설,운동장본부석,1
23000,교정및군사시설,기자재실,1
25000,발전시설,소화펌프실,1
04000,제2종근린생활시설,매립장,1
04000,제2종근린생활시설,메주가공공장,1
13000,운동시설,운동장관리사,1
07000,판매시설,및제2종근린생활시설,1
Z8000,교육연구및복지시설,의료시설,1
17000,공장,조정판넬실,1
17000,공장,집진기및원격검측실,1
04000,제2종근린생활시설,대문간,1
04000,제2종근린생활시설,취향전,1
13000,운동시설,모터실,1
17000,공장,공작물탱크,1
15000,숙박시설,동물,1
15000,숙박시설,식물관련시설,1
04000,제2종근린생활시설,일부경관녹지시설,1
10000,교육연구시설,명인학사,1
13000,운동시설,체육공원,1
Z8000,교육연구및복지시설,제1생활관,1
03000,제1종근린생활시설,근린생활시설제2종,1
04000,제2종근린생활시설,금융점포,1
04000,제2종근린생활시설,절임실,1
02000,공동주택,2새대,1
06000,종교시설,문서고,1
01000,단독주택,펌프실및창고,1
01000,단독주택,96년도농촌주택개량융자대상,1
03000,제1종근린생활시설,사워장,1
17000,공장,완효성비료공장,1
Z8000,교육연구및복지시설,위험물창고,1
04000,제2종근린생활시설,한국도로공사,1
02000,공동주택,단지주출입문,1
01000,단독주택,폐키지마을,1
17000,공장,터빈실,1
03000,제1종근린생활시설,근생및교육연구및복지시설,1
Z5000,문화및집회시설,문화재,1
13000,운동시설,선수대기실8,1
Z8000,교육연구및복지시설,퇴비사,1
17000,공장,냉장및항온창고,1
Z8000,교육연구및복지시설,교실및사무실및차고,1
18000,창고시설,영양센타,1
23000,교정및군사시설,목욕이발소,1
01000,단독주택,배저장창고,1
33000,"국방,군사시설",a,1
02000,공동주택,해사관련업무시설,1
01000,단독주택,에능계학원,1
17000,공장,버닝룸,1
,,꿩사육,1
10000,교육연구시설,농가주택,1
Z3000,근린생활시설,약품실,1
22000,분뇨.쓰레기처리시설,비상발전기실,1
17000,공장,액화전기동,1
01000,단독주택,융자대상건물,1
05000,문화및집회시설,전전주사고,1
15000,숙박시설,경양식점,1
14000,업무시설,지상계단실,1
04000,제2종근린생활시설,삽입실,1
01000,단독주택,1용동,1
17000,공장,정비팀휴게실,1
13000,운동시설,운동관련시설,1
10000,교육연구시설,실험주택,1
21000,동물및식물관련시설,액화비료작업장,1
19000,위험물저장및처리시설,4위험물옥내저장소,1
17000,공장,공업용수pump,1
03000,제1종근린생활시설,까스충전실,1
02000,공동주택,dry,1
Z5000,문화및집회시설,종교시설교회,1
05000,문화및집회시설,전시동c형,1
04000,제2종근린생활시설,대중음식점및점포,1
04000,제2종근린생활시설,운수시설용,1
17000,공장,탱크로리,1
17000,공장,epdm촉매저장실,1
04000,제2종근린생활시설,그라비아인쇄업,1
17000,공장,101,1
17000,공장,원료투입창고,1
18000,창고시설,폴리마재활용공장,1
01000,단독주택,다용도실창고,1
Z6000,판매및영업시설,도시계획,1
18000,창고시설,훈제,1
18000,창고시설,수산가공품,1
04000,제2종근린생활시설,후생복지회관,1
03000,제1종근린생활시설,커뮤니티지원시설,1
09000,의료시설,업무,1
14000,업무시설,60,1
02000,공동주택,토이쉐어룸,1
21000,동물및식물관련시설,진행장,1
04000,제2종근린생활시설,지하보일러실,1
10000,교육연구시설,전산실습실,1
14000,업무시설,y,1
14000,업무시설,a,1
Z5000,문화및집회시설,선실,1
01000,단독주택,피아노실,1
17000,공장,현상소,1
10000,교육연구시설,교관숙소,1
21000,동물및식물관련시설,복합영농교육장,1
21000,동물및식물관련시설,73,1
21000,동물및식물관련시설,38,1
Z8000,교육연구및복지시설,조직배양실,1
21000,동물및식물관련시설,염소우리,1
13000,운동시설,계단지붕,1
05000,문화및집회시설,낙타사그늘막,1
33000,"국방,군사시설",펌프장,1
13000,운동시설,직원숙소2,1
12000,수련시설,야영시설,1
10000,교육연구시설,학습역량강화실,1
04000,제2종근린생활시설,칫과의원,1
02000,공동주택,생활공방,1
03000,제1종근린생활시설,조직배양실,1
04000,제2종근린생활시설,무도음식점,1
10000,교육연구시설,폐기물분리수거장,1
18000,창고시설,lpg충전장,1
02000,공동주택,78포함,1
27000,관광휴게시설,자연휴양림조성,1
10000,교육연구시설,미술관부속연수원,1
10000,교육연구시설,화장실및저수조,1
10000,교육연구시설,합동훈련장,1
17000,공장,재이용시설,1
08000,운수시설,경사지붕,1
08000,운수시설,항공보안시설,1
10000,교육연구시설,폐수처리설비,1
21000,동물및식물관련시설,직원사택,1
10000,교육연구시설,영유아복육시설,1
09000,의료시설,쓰레기장,1
18000,창고시설,단층주택,1
10000,교육연구시설,꿈나무지킴이실,1
21000,동물및식물관련시설,양잠시설,1
10000,교육연구시설,정신원,1
Z8000,교육연구및복지시설,급식실증축,1
12000,수련시설,교회수련원,1
17000,공장,공장330,1
21000,동물및식물관련시설,식물관련시설동,1
08000,운수시설,장비창고,1
01000,단독주택,별장a,1
04000,제2종근린생활시설,탱크실,1
18000,창고시설,이층용도,1
21000,동물및식물관련시설,축산물가공장,1
09000,의료시설,공중화장실,1
10000,교육연구시설,밴드부실,1
06000,종교시설,사찰문,1
04000,제2종근린생활시설,계량사,1
10000,교육연구시설,과학연구실,1
17000,공장,중앙물류창고,1
10000,교육연구시설,수경재배실,1
,,농용창고,1
10000,교육연구시설,금속폐기물보관창고,1
09000,의료시설,판매및영업시설,1
07000,판매시설,트럭경매장,1
02000,공동주택,공용취사,1
17000,공장,부속공장동,1
17000,공장,카본동,1
04000,제2종근린생활시설,참선실,1
08000,운수시설,광주역종합사무소,1
17000,공장,장비,1
03000,제1종근린생활시설,사진제판업,1
04000,제2종근린생활시설,확연루,1
21000,동물및식물관련시설,돔룰관련시설,1
08000,운수시설,철암역사,1
04000,제2종근린생활시설,의류소매점,1
02000,공동주택,전기및발전기실,1
18000,창고시설,동식관련시설,1
17000,공장,옥탑층,1
03000,제1종근린생활시설,활어급수시설,1
Z3000,근린생활시설,농기계수리점,1
27000,관광휴게시설,후문매표소,1
05000,문화및집회시설,동익사,1
22000,분뇨.쓰레기처리시설,선별보관창고,1
02000,공동주택,다세대주택1,1
20000,자동차관련시설,자동차출고지사무소,1
03000,제1종근린생활시설,근린생활시설및일반숙박시설,1
17000,공장,프레스,1
02000,공동주택,여성안심택배실,1
03000,제1종근린생활시설,완구제조점,1
20000,자동차관련시설,구내차고,1
22000,분뇨.쓰레기처리시설,관리본관동,1
18000,창고시설,제1종및제2종근린생활시설,1
10000,교육연구시설,전산실과관,1
01000,단독주택,법회당,1
01000,단독주택,수정각,1
21000,동물및식물관련시설,축양장및,1
22000,분뇨.쓰레기처리시설,발전실,1
17000,공장,회전기계창고,1
10000,교육연구시설,통학차량차고지,1
22000,분뇨.쓰레기처리시설,유인송풍기방음실,1
01000,단독주택,창고및농기계창고,1
06000,종교시설,진산각,1
20000,자동차관련시설,계근소,1
01000,단독주택,종합병원,1
03000,제1종근린생활시설,톨게이트및,1
20000,자동차관련시설,기계식주차기,1
18000,창고시설,재활용시설,1
04000,제2종근린생활시설,정심당,1
03000,제1종근린생활시설,근린생활점포,1
03000,제1종근린생활시설,제1근생,1
02000,공동주택,원룸형연립,1
04000,제2종근린생활시설,105동,1
11000,노유자시설,여자경노당,1
03000,제1종근린생활시설,수산물위탁판매장,1
14000,업무시설,유통업무설비,1
10000,교육연구시설,생활편익,1
03000,제1종근린생활시설,무인전화국사,1
03000,제1종근린생활시설,무인기계시설,1
03000,제1종근린생활시설,제1종근생및제2종근생,1
03000,제1종근린생활시설,수조상옥,1
11000,노유자시설,국민복지관,1
04000,제2종근린생활시설,약품창고,1
17000,공장,예비자재보관창고,1
01000,단독주택,농어촌생산,1
17000,공장,쓰레기분리함,1
03000,제1종근린생활시설,필로티주차장,1
23000,교정및군사시설,여주교도소,1
17000,공장,내화물제조업,1
03000,제1종근린생활시설,리회관및공동창고,1
03000,제1종근린생활시설,간이급수기계실,1
03000,제1종근린생활시설,구지농협지소,1
21000,동물및식물관련시설,통로및사료창고,1
01000,단독주택,제1종근린생활시설및단독,1
03000,제1종근린생활시설,상가및관리사무소,1
14000,업무시설,주차공용홀,1
04000,제2종근린생활시설,특산품가공작업장,1
03000,제1종근린생활시설,급식지원센터,1
03000,제1종근린생활시설,마을회여자경로당,1
03000,제1종근린생활시설,근린생활시설포함,1
11000,노유자시설,청파제1노인정,1
03000,제1종근린생활시설,정수장관리사무실,1
11000,노유자시설,수용실,1
22000,분뇨.쓰레기처리시설,설비,1
03000,제1종근린생활시설,동회사무소,1
03000,제1종근린생활시설,응암1리마을회관,1
16000,위락시설,농가주택,1
03000,제1종근린생활시설,경포대,1
07000,판매시설,교육연구및,1
03000,제1종근린생활시설,마을공동감자개량저장고,1
03000,제1종근린생활시설,상수도양수장,1
03000,제1종근린생활시설,마을박물관,1
01000,단독주택,양주장사택,1
03000,제1종근린생활시설,공중변소겸기계실,1
11000,노유자시설,아동복지,1
03000,제1종근린생활시설,제진시설처리장,1
03000,제1종근린생활시설,주택및농산물직판장,1
03000,제1종근린생활시설,자전거거치대,1
03000,제1종근린생활시설,공중회장실,1
03000,제1종근린생활시설,우신각,1
03000,제1종근린생활시설,소매점다가구주택,1
15000,숙박시설,쓰레기,1
20000,자동차관련시설,기숙자,1
11000,노유자시설,간의양노시설,1
03000,제1종근린생활시설,호가정,1
01000,단독주택,배수장,1
05000,문화및집회시설,예식정및사진관,1
18000,창고시설,냉동저온,1
33000,"국방,군사시설",행정동,1
03000,제1종근린생활시설,용정1리경노당,1
03000,제1종근린생활시설,할머니회관,1
02000,공동주택,원의1학사,1
02000,공동주택,놀이교실,1
11000,노유자시설,케노피,1
Z3000,근린생활시설,정문,1
03000,제1종근린생활시설,집합장,1
03000,제1종근린생활시설,제1종근인생활시설,1
24000,방송통신시설,기계실용,1
03000,제1종근린생활시설,간이농산물집하장,1
03000,제1종근린생활시설,탐방안내소,1
18000,창고시설,양수기,1
03000,제1종근린생활시설,오폐수처리기계실,1
27000,관광휴게시설,휴게소흡연실,1
03000,제1종근린생활시설,정수장관리사무소,1
18000,창고시설,소매점부속창고,1
03000,제1종근린생활시설,마을회관및사무실,1
19000,위험물저장및처리시설,처리시설외1,1
18000,창고시설,공동이용,1
17000,공장,고온열처리,1
03000,제1종근린생활시설,우체국및근린생활시설,1
03000,제1종근린생활시설,사무실점포,1
05000,문화및집회시설,테니스장,1
03000,제1종근린생활시설,사무소및일반음식점,1
03000,제1종근린생활시설,온천장,1
03000,제1종근린생활시설,무인무선전화용기계실,1
03000,제1종근린생활시설,전복선별장,1
03000,제1종근린생활시설,어업기술센터,1
03000,제1종근린생활시설,편물작업장,1
03000,제1종근린생활시설,화곡터널변전실및관리실,1
11000,노유자시설,다목적체육관,1
03000,제1종근린생활시설,종합복지회관,1
03000,제1종근린생활시설,주민에너지공급시설,1
11000,노유자시설,사원클럽,1
11000,노유자시설,인정,1
03000,제1종근린생활시설,주1동부속창고,1
11000,노유자시설,어린이교양시설,1
16000,위락시설,로라스케트장내,1
11000,노유자시설,노인회관및복지회관,1
03000,제1종근린생활시설,단제2종근린생활시설,1
06000,종교시설,함안조씨신흥종중제각,1
03000,제1종근린생활시설,관정장옥,1
03000,제1종근린생활시설,건조기창고,1
03000,제1종근린생활시설,갯벌체험교육학습관,1
04000,제2종근린생활시설,고물상,1
21000,동물및식물관련시설,입병소독실,1
10000,교육연구시설,동물사육사,1
11000,노유자시설,학교,1
04000,제2종근린생활시설,불고기집,1
01000,단독주택,건어물창고,1
03000,제1종근린생활시설,제1총근린생활시설,1
03000,제1종근린생활시설,상원신농산물,1
17000,공장,산,1
01000,단독주택,제2종근린생확시설,1
03000,제1종근린생활시설,마늘건조장,1
03000,제1종근린생활시설,영농폐기물수집장,1
03000,제1종근린생활시설,마을공동우사,1
03000,제1종근린생활시설,보건진료소사무실,1
03000,제1종근린생활시설,과적차량검문소,1
03000,제1종근린생활시설,취수장시설,1
11000,노유자시설,노휴자시설,1
03000,제1종근린생활시설,이사무소,1
08000,운수시설,제1전기실,1
20000,자동차관련시설,기숙사및구내식당,1
11000,노유자시설,장애인근로복지시설,1
04000,제2종근린생활시설,출항신고소,1
03000,제1종근린생활시설,영업정미소,1
03000,제1종근린생활시설,정수장관사,1
03000,제1종근린생활시설,홍수예경보우량관측국사,1
03000,제1종근린생활시설,기념품판매,1
03000,제1종근린생활시설,달천정,1
03000,제1종근린생활시설,해상안전관리소,1
03000,제1종근린생활시설,잔반처리장,1
03000,제1종근린생활시설,전시및판매장,1
03000,제1종근린생활시설,실버공동체,1
01000,단독주택,압축실,1
03000,제1종근린생활시설,간이급수장옥,1
01000,단독주택,근린생활및단독,1
03000,제1종근린생활시설,농촌지도상담소,1
11000,노유자시설,유아원부속건물,1
02000,공동주택,감시실등,1
18000,창고시설,사료및조사료보관창고,1
21000,동물및식물관련시설,염장공장,1
03000,제1종근린생활시설,제2종근린생활시설및공동주택,1
18000,창고시설,녹차제조업소,1
11000,노유자시설,마을공동경로당,1
19000,위험물저장및처리시설,헛간,1
17000,공장,계전창고,1
04000,제2종근린생활시설,매점관리시설,1
02000,공동주택,공동중택,1
05000,문화및집회시설,회의실및사무소,1
17000,공장,도정실,1
21000,동물및식물관련시설,연구관리동,1
03000,제1종근린생활시설,부속사무소,1
05000,문화및집회시설,보조체육관,1
08000,운수시설,유류저장,1
04000,제2종근린생활시설,분리수거,1
17000,공장,자수영재료,1
05000,문화및집회시설,체조관,1
03000,제1종근린생활시설,감자저장창고,1
03000,제1종근린생활시설,및화장실,1
14000,업무시설,외3용도,1
06000,종교시설,부속주택,1
05000,문화및집회시설,관람및집회시설,1
20000,자동차관련시설,카인테리어사무실,1
04000,제2종근린생활시설,무인전화,1
05000,문화및집회시설,목릉수복방,1
02000,공동주택,재활용실,1
03000,제1종근린생활시설,향노회관,1
19000,위험물저장및처리시설,제거식,1
03000,제1종근린생활시설,부두접안시설통제및,1
05000,문화및집회시설,운동장관람석,1
17000,공장,3001,1
05000,문화및집회시설,옥외교육장,1
01000,단독주택,창고및보이라실,1
18000,창고시설,다목적,1
01000,단독주택,위험물이동판매차고,1
10000,교육연구시설,율면초등학교,1
03000,제1종근린생활시설,농촌지소사무실면대본부,1
05000,문화및집회시설,요양병원,1
27000,관광휴게시설,동물관련시설,1
17000,공장,cgc압축기동,1
03000,제1종근린생활시설,창고영양센타,1
03000,제1종근린생활시설,여객자동차터미널,1
03000,제1종근린생활시설,병촌2리,1
19000,위험물저장및처리시설,액화석유가스판매업,1
17000,공장,tank기계실,1
05000,문화및집회시설,마을모정,1
07000,판매시설,g집회시설,1
02000,공동주택,청소년예능과외실,1
17000,공장,전로용,1
17000,공장,c506헤드타워,1
03000,제1종근린생활시설,설비부,1
17000,공장,5호유연탄공급실,1
17000,공장,정밀부품가공,1
04000,제2종근린생활시설,위험물저장소및,1
14000,업무시설,방역창고,1
05000,문화및집회시설,현릉비각,1
14000,업무시설,쓰레기,1
07000,판매시설,일반게임제공업시설,1
06000,종교시설,은행,1
21000,동물및식물관련시설,건조식,1
01000,단독주택,연자방아,1
03000,제1종근린생활시설,태양열주택,1
04000,제2종근린생활시설,유리제조업,1
15000,숙박시설,수련,1
13000,운동시설,그늘집6홀,1
01000,단독주택,영업소및,1
05000,문화및집회시설,문예회관,1
17000,공장,화성공장,1
13000,운동시설,실거리사격장,1
05000,문화및집회시설,취사실,1
05000,문화및집회시설,남아메리카관,1
05000,문화및집회시설,열람실,1
17000,공장,중장비정비동,1
01000,단독주택,제1종근린생활사무소,1
05000,문화및집회시설,소의당,1
15000,숙박시설,10동,1
05000,문화및집회시설,전시시설등,1
03000,제1종근린생활시설,농산체험시설,1
02000,공동주택,제1종근린생활시,1
02000,공동주택,61,1
05000,문화및집회시설,묵정서원,1
05000,문화및집회시설,식물연구소,1
05000,문화및집회시설,현릉수복방,1
17000,공장,위함물저장소,1
05000,문화및집회시설,문화및체험시설,1
01000,단독주택,의료기기,1
08000,운수시설,작업실및창고,1
17000,공장,미생물처리장,1
02000,공동주택,직업훈련실,1
,,lpg가스저장창고,1
03000,제1종근린생활시설,내,1
21000,동물및식물관련시설,환경위생시설,1
04000,제2종근린생활시설,단무지저림제조장,1
03000,제1종근린생활시설,부속층,1
17000,공장,더스트사일로실,1
05000,문화및집회시설,송만정,1
05000,문화및집회시설,장애인화장실,1
01000,단독주택,다가구주택형,1
01000,단독주택,태우연립,1
17000,공장,식품가공및제조,1
17000,공장,담류가공,1
JY,,1종근린생활시설,1
05000,문화및집회시설,문,1
18000,창고시설,주택에부속된,1
05000,문화및집회시설,파충류사,1
03000,제1종근린생활시설,제2종근린샌활시설,1
02000,공동주택,공유창고,1
08000,운수시설,초소3,1
19000,위험물저장및처리시설,ia컴푸레샤실,1
05000,문화및집회시설,연자방아보관소,1
17000,공장,연수원동,1
01000,단독주택,장갑공장,1
,,농산물간이,1
17000,공장,제강,1
03000,제1종근린생활시설,다목적군민회관,1
17000,공장,스라브,1
17000,공장,축효발효,1
17000,공장,비료시설,1
Z3000,근린생활시설,대,1
01000,단독주택,원외탕전실,1
10000,교육연구시설,영유아복지시설,1
01000,단독주택,송곡리노인회관,1
21000,동물및식물관련시설,식물관룐시설,1
04000,제2종근린생활시설,죽순가공제조업소,1
18000,창고시설,식당및휴게실,1
17000,공장,자동화,1
01000,단독주택,생제조업소,1
01000,단독주택,산북종합고등학교,1
10000,교육연구시설,주2,1
17000,공장,원재료공급실,1
Z9000,공공용시설,정수지,1
27000,관광휴게시설,부속창고1,1
17000,공장,소결측정실,1
03000,제1종근린생활시설,장현리심건진료소,1
03000,제1종근린생활시설,냉천계통,1
14000,업무시설,설비,1
04000,제2종근린생활시설,폐수장보호사,1
16000,위락시설,대기실,1
10000,교육연구시설,교육연구시설단독주택,1
15000,숙박시설,g,1
27000,관광휴게시설,관광전망시설,1
20000,자동차관련시설,자동차연습대기실,1
03000,제1종근린생활시설,주민대화방,1
19000,위험물저장및처리시설,산분해실,1
17000,공장,체험장및전시장,1
01000,단독주택,촉사,1
01000,단독주택,외3건,1
01000,단독주택,96년도주거환경개선사업,1
13000,운동시설,작업장,1
25000,발전시설,암모니아저장건물,1
17000,공장,동력폐기물창고a,1
08000,운수시설,i,1
03100,공공시설,우체국,1
15000,숙박시설,여관외1건,1
01000,단독주택,근린시설및다중주택,1
03000,제1종근린생활시설,근린생할시설및,1
17000,공장,기숙사66,1
17000,공장,사무소48,1
09000,의료시설,북문정산소,1
17000,공장,커팅실,1
15000,숙박시설,근린생활시설외1,1
18000,창고시설,petcoke창고,1
18000,창고시설,우마사,1
01000,단독주택,상가및대합실,1
02000,공동주택,746x4동,1
02000,공동주택,1706동,1
03000,제1종근린생활시설,사무소등,1
19000,위험물저장및처리시설,사무실및기타,1
11000,노유자시설,종교집회,1
27000,관광휴게시설,전망대매점,1
01000,단독주택,위생변소,1
18000,창고시설,지층,1
01000,단독주택,문채,1
24000,방송통신시설,kbs,1
10000,교육연구시설,홍보관,1
Z6000,판매및영업시설,검수고,1
02000,공동주택,212,1
21000,동물및식물관련시설,창고및동물관련시설,1
12000,수련시설,사원연수교육장,1
19000,위험물저장및처리시설,창,1
27000,관광휴게시설,그랜드캐년,1
11000,노유자시설,공동직장어린이집,1
15000,숙박시설,경비동,1
15000,숙박시설,배수지관리시설,1
15000,숙박시설,합숙소,1
17000,공장,반공호,1
04000,제2종근린생활시설,식품접객업,1
05000,문화및집회시설,몰리치료실,1
04000,제2종근린생활시설,어린이교육관,1
03000,제1종근린생활시설,창고및마을회관,1
10000,교육연구시설,고교사,1
04000,제2종근린생활시설,유류저장창고,1
15000,숙박시설,주택및점포여관,1
20000,자동차관련시설,아동시설,1
03000,제1종근린생활시설,31호로용도변경,1
01000,단독주택,구이발소,1
01000,단독주택,외부파고라,1
17000,공장,먼지처리실,1
Z3000,근린생활시설,용실,1
10000,교육연구시설,황토구들방,1
15000,숙박시설,골프텔,1
19000,위험물저장및처리시설,감시제어반실,1
15000,숙박시설,근린생활시설외2,1
25000,발전시설,정비창고,1
18000,창고시설,l동,1
Z8000,교육연구및복지시설,광시중학교,1
15000,숙박시설,야외화장실,1
15000,숙박시설,복지관,1
18000,창고시설,통제실,1
19000,위험물저장및처리시설,위험물저장용처리시설,1
06000,종교시설,본당예배실,1
04000,제2종근린생활시설,해상기계수리점,1
26000,묘지관련시설,부속사,1
25000,발전시설,공기압축기동,1
13000,운동시설,미용소,1
14000,업무시설,전시관,1
04000,제2종근린생활시설,종교용사택,1
10000,교육연구시설,우수저류조관리층,1
05000,문화및집회시설,창랑정,1
17000,공장,일반목재가공,1
17000,공장,기타목재가구재조업,1
06000,종교시설,석굴,1
25000,발전시설,발전기창고,1
17000,공장,주방용및음식점용목재가구제조업,1
08000,운수시설,관제수신소,1
25000,발전시설,리시빙,1
17000,공장,탈수기장치실,1
25000,발전시설,중앙제어동,1
27000,관광휴게시설,유계소,1
Z3000,근린생활시설,모정,1
14000,업무시설,폐차장,1
11000,노유자시설,이미용시설,1
17000,공장,재활용처리시설,1
06000,종교시설,종교집회실,1
10000,교육연구시설,야외방송실,1
24000,방송통신시설,통신중계장비,1
17000,공장,ve공장,1
03000,제1종근린생활시설,입구,1
17000,공장,엔진,1
15000,숙박시설,대피시설,1
02000,공동주택,도시형생활단지형다세대,1
17000,공장,규사사이로,1
17000,공장,제관정비동,1
03000,제1종근린생활시설,관리사실,1
17000,공장,조류사육,1
14000,업무시설,방송,1
03000,제1종근린생활시설,어르신돌봄센터,1
02000,공동주택,부출입구측,1
17000,공장,골채적치장,1
Z3000,근린생활시설,비상대기소,1
24000,방송통신시설,전기통신공사,1
02000,공동주택,탈의실및샤워실,1
02000,공동주택,세차장,1
02000,공동주택,스카이,1
02000,공동주택,5개동,1
02000,공동주택,95,1
17000,공장,콘크레사실,1
03000,제1종근린생활시설,공동이용,1
Z3000,근린생활시설,소매점및,1
18000,창고시설,투업시설,1
01000,단독주택,양수기관리소,1
Z3000,근린생활시설,소방서,1
27000,관광휴게시설,요술집,1
17000,공장,첨가제,1
18000,창고시설,펌프및부직포제조업,1
17000,공장,육고기가공처리장,1
06000,종교시설,어린이보육시설,1
17000,공장,예식장,1
03000,제1종근린생활시설,간의화장실,1
20000,자동차관련시설,팔각정,1
01000,단독주택,연료건조실,1
17000,공장,제조장및창고,1
03000,제1종근린생활시설,그라비아,1
04000,제2종근린생활시설,노동복지회관,1
03000,제1종근린생활시설,지하철연결통로,1
05000,문화및집회시설,expo종각,1
,,주택및창고시설,1
19000,위험물저장및처리시설,위험물저장및위험물처리,1
04000,제2종근린생활시설,다동,1
02000,공동주택,490대형,1
14000,업무시설,115세대,1
17000,공장,식품제조소,1
17000,공장,벽지인쇄업,1
01000,단독주택,단독주택및수리점,1
03000,제1종근린생활시설,함백신호계,1
19000,위험물저장및처리시설,액화가스판매소및고압가스판매소,1
18000,창고시설,엔실리지,1
19000,위험물저장및처리시설,고압축기실,1
26000,묘지관련시설,c,1
06000,종교시설,v실,1
19000,위험물저장및처리시설,세차기동,1
14000,업무시설,주차관재소,1
20000,자동차관련시설,기관차분소,1
26000,묘지관련시설,삼문,1
19000,위험물저장및처리시설,local,1
07000,판매시설,전복판매장,1
03000,제1종근린생활시설,부속관리사,1
10000,교육연구시설,전산교육원,1
05000,문화및집회시설,가마덧집및공방,1
04000,제2종근린생활시설,수리점사무소,1
10000,교육연구시설,야구부숙소,1
05000,문화및집회시설,법당및요사체,1
18000,창고시설,공무정비실,1
Z9000,공공용시설,상수도급수지,1
14000,업무시설,제2종근린생활시설및위락시설,1
25000,발전시설,후문경비실,1
23000,교정및군사시설,차량유개호,1
05000,문화및집회시설,관광집회시설,1
01000,단독주택,근린시설및부속사,1
05000,문화및집회시설,증려각,1
01000,단독주택,일반주택부지,1
18000,창고시설,농가주택및농산물보관창고,1
11000,노유자시설,식품보관실,1
03000,제1종근린생활시설,위경소,1
17000,공장,금속공작물,1
18000,창고시설,농업인주택및창고,1
18000,창고시설,장비수납사,1
17000,공장,자라가공,1
21000,동물및식물관련시설,천마종균배양센터,1
02000,공동주택,경찰관,1
21000,동물및식물관련시설,사료기실,1
10000,교육연구시설,2자연과학관,1
21000,동물및식물관련시설,위생시설,1
10000,교육연구시설,가솔린,1
10000,교육연구시설,엔진등,1
11000,노유자시설,신동리,1
21000,동물및식물관련시설,양묘장창고,1
18000,창고시설,배양실창고,1
04000,제2종근린생활시설,단도주택,1
17000,공장,제3정비공장,1
21000,동물및식물관련시설,잡실,1
01000,단독주택,영업소겸주택,1
21000,동물및식물관련시설,분말실및다용도실,1
17000,공장,원괴가공업,1
01000,단독주택,다구주택및제2종근린생활시설,1
18000,창고시설,수납장,1
18000,창고시설,냉동창고및저온저장고,1
18000,창고시설,건조기보관실,1
01000,단독주택,지서관사,1
01000,단독주택,제1종근긴생활시설,1
17000,공장,출라실,1
18000,창고시설,창고및농작업장,1
21000,동물및식물관련시설,연초건조사,1
01000,단독주택,단독주택19가구,1
18000,창고시설,민속목공예품공장,1
18000,창고시설,농기구기자재,1
18000,창고시설,단층저온냉동창고,1
01000,단독주택,단ㄷ고주택,1
01000,단독주택,다가주택및제2종근린생활시설,1
18000,창고시설,철물보관창고,1
21000,동물및식물관련시설,농가창고및사무실,1
01000,단독주택,1종근생및다가구,1
21000,동물및식물관련시설,교반기,1
17000,공장,tmr,1
18000,창고시설,농아주택,1
18000,창고시설,농회석회물치장,1
14000,업무시설,복지관,1
21000,동물및식물관련시설,차량관리소,1
21000,동물및식물관련시설,구비공장,1
18000,창고시설,마을창고및노인정,1
01000,단독주택,목조초가,1
14000,업무시설,연극공연장,1
19000,위험물저장및처리시설,bulk,1
18000,창고시설,일반유흥음식점사무실창고,1
04000,제2종근린생활시설,원료저장사일로,1
21000,동물및식물관련시설,축양장및관리사,1
01000,단독주택,묘각,1
18000,창고시설,창고및휴게실,1
18000,창고시설,제설및자재보관창고,1
19000,위험물저장및처리시설,배합실,1
18000,창고시설,농업용창고및저온저장창고,1
18000,창고시설,창고및1종근린생활시설,1
01000,단독주택,제거식화장실및창고,1
01000,단독주택,단독세대,1
18000,창고시설,수산물건조보관창고,1
01000,단독주택,주택및일반공장,1
18000,창고시설,쉼터,1
21000,동물및식물관련시설,포자숙성실,1
03000,제1종근린생활시설,영양센타,1
19000,위험물저장및처리시설,위험물저장및처리용,1
18000,창고시설,김치탱크,1
21000,동물및식물관련시설,왕겨보관창고,1
01000,단독주택,주거시설및종교시설,1
04000,제2종근린생활시설,부동산중개사무소및사무소,1
17000,공장,트럭1공장,1
01000,단독주택,자동차관련시설외1,1
21000,동물및식물관련시설,다슬기양식장,1
18000,창고시설,농기계창고및농기계수리소,1
18000,창고시설,약초건조및보관창고,1
03000,제1종근린생활시설,위탁판매장,1
18000,창고시설,사범대창고,1
04000,제2종근린생활시설,의약품소매점,1
19000,위험물저장및처리시설,reactor,1
18000,창고시설,제한물품창고,1
01000,단독주택,주택수족관,1
18000,창고시설,일반창고및저온저장고,1
04000,제2종근린생활시설,2종근린린생활시설,1
04000,제2종근린생활시설,56,1
01000,단독주택,육추사,1
18000,창고시설,기계부품창고,1
18000,창고시설,해태냉동망저장창고,1
21000,동물및식물관련시설,애기돈사,1
02000,공동주택,유아돌봄나눔터,1
18000,창고시설,옥외,1
18000,창고시설,자동전화기기보존실,1
01000,단독주택,군소속관사,1
21000,동물및식물관련시설,과수집하장,1
18000,창고시설,업무용창고시설,1
01000,단독주택,자하주차장,1
18000,창고시설,부속창고및화장실,1
21000,동물및식물관련시설,발효사료가공실,1
18000,창고시설,반품보관장,1
18000,창고시설,과수저장조,1
18000,창고시설,제품출하실,1
01000,단독주택,농어주주택,1
18000,창고시설,창고시설및동식물관련시설,1
18000,창고시설,학교용지,1
17000,공장,급병기실,1
21000,동물및식물관련시설,배양묘목장실험온실,1
26000,묘지관련시설,장제소,1
01000,단독주택,주거시설근린생활시설,1
01000,단독주택,사업실제성실및주택,1
01000,단독주택,사무실작업장보일러실,1
21000,동물및식물관련시설,야생조수사육시설,1
01000,단독주택,제2종그린생활및주택,1
21000,동물및식물관련시설,사과선과장,1
21000,동물및식물관련시설,개별비료화시설,1
17000,공장,소호펌프실,1
01000,단독주택,상수도모타실,1
21000,동물및식물관련시설,형업축사,1
01000,단독주택,회관사택,1
18000,창고시설,농업생산시설및창고,1
20000,자동차관련시설,중기매매점,1
18000,창고시설,배저장저온창고,1
01000,단독주택,단독주택용9가구,1
07000,판매시설,푸드코트,1
01000,단독주택,사모정,1
21000,동물및식물관련시설,농가용창고시설,1
18000,창고시설,작물건조창고,1
01000,단독주택,다중주택및근생,1
21000,동물및식물관련시설,과일저장소,1
18000,창고시설,쓰레기보관시설,1
18000,창고시설,경비실창고,1
18000,창고시설,중간펌프실,1
18000,창고시설,부속저온저장고,1
01000,단독주택,주택다중2세대,1
21000,동물및식물관련시설,저울실,1
18000,창고시설,식염망초및염화술폰산창고,1
10000,교육연구시설,라동,1
01000,단독주택,단독주택외근린생활시설,1
03000,제1종근린생활시설,광원용,1
21000,동물및식물관련시설,농어가축사,1
01000,단독주택,양토사,1
21000,동물및식물관련시설,이유자돈사3,1
05000,문화및집회시설,외행전,1
21000,동물및식물관련시설,어류축양장관리사,1
18000,창고시설,농산물가공보관창고,1
17000,공장,제품출고장,1
01000,단독주택,집무실,1
18000,창고시설,창고및소각장,1
21000,동물및식물관련시설,퇴비사및기계실,1
27000,관광휴게시설,썰매집,1
21000,동물및식물관련시설,간이휴게실,1
04000,제2종근린생활시설,유흥업소,1
18000,창고시설,농기계공작실,1
01000,단독주택,제1근생일용품소매점,1
21000,동물및식물관련시설,대인소독조,1
03000,제1종근린생활시설,제제1종,1
10000,교육연구시설,포산중,1
11000,노유자시설,사회복지상담실,1
01000,단독주택,온수조,1
18000,창고시설,부속동,1
18000,창고시설,자연녹지지역,1
01000,단독주택,우물비가림시설,1
17000,공장,수산물부산물가공공장,1
01000,단독주택,관리초소,1
26000,묘지관련시설,효창원,1
21000,동물및식물관련시설,관리사및저온저장고,1
17000,공장,w동,1
17000,공장,목욕실및창고,1
,,사료저장실,1
21000,동물및식물관련시설,사료보관용창고,1
21000,동물및식물관련시설,축양시설및창고,1
01000,단독주택,과수,1
01000,단독주택,제조업공장,1
18000,창고시설,농산창고,1
21000,동물및식물관련시설,사료측량대,1
01000,단독주택,제담,1
18000,창고시설,잡곡창고,1
01000,단독주택,기계실및주택,1
18000,창고시설,임산물보관공동창고,1
04000,제2종근린생활시설,전용창고,1
17000,공장,제품창고동,1
19000,위험물저장및처리시설,위험물제제소,1
04000,제2종근린생활시설,기타교육원,1
03000,제1종근린생활시설,대양리회관,1
01000,단독주택,근린생활시설및주택및교육시설,1
01000,단독주택,동물및식물관련시,1
04000,제2종근린생활시설,다가구2가구,1
21000,동물및식물관련시설,모돈분만실,1
01000,단독주택,분재창고,1
18000,창고시설,근린공공시설외1,1
21000,동물및식물관련시설,육상수산종묘시설,1
01000,단독주택,농주택,1
21000,동물및식물관련시설,육묘연구시설,1
03000,제1종근린생활시설,제어용,1
21000,동물및식물관련시설,악취제거기계실,1
17000,공장,밸,1
01000,단독주택,지도소관사,1
03000,제1종근린생활시설,스크린골프연습장,1
02000,공동주택,힐링케어동,1
18000,창고시설,농기계및곡물창고,1
11000,노유자시설,마을공동홈,1
04000,제2종근린생활시설,제2종미관지구,1
Z5000,문화및집회시설,정려각,1
01000,단독주택,주택2세대,1
04000,제2종근린생활시설,컴퓨터부품관련제조업,1
17000,공장,장비조작실,1
01000,단독주택,정미소및,1
17000,공장,동물화장시설,1
21000,동물및식물관련시설,창고및톱밥발효축사,1
18000,창고시설,창고및물탱크실,1
03000,제1종근린생활시설,자재실,1
18000,창고시설,촉매창고,1
01000,단독주택,다용도실및저탄고및주택,1
18000,창고시설,농업용관련시설,1
01000,단독주택,찝질방,1
Z8000,교육연구및복지시설,5호관,1
21000,동물및식물관련시설,제2저장소,1
18000,창고시설,주택및건조장,1
03000,제1종근린생활시설,pc게임장,1
21000,동물및식물관련시설,관리및창고,1
20000,자동차관련시설,영업장,1
18000,창고시설,면창고,1
01000,단독주택,주택및농산물저온저장고,1
10000,교육연구시설,p가공연구소,1
01000,단독주택,사택1호,1
17000,공장,기계조정실,1
18000,창고시설,박스보관창고,1
18000,창고시설,창고1동,1
18000,창고시설,농상물저장창고,1
18000,창고시설,곡물도정공장,1
01000,단독주택,이발,1
01000,단독주택,야영시설,1
21000,동물및식물관련시설,일용품소매점,1
01000,단독주택,다가구2세대주택,1
17000,공장,지그t,1
21000,동물및식물관련시설,경량철골구조,1
18000,창고시설,축사및곡물건조장,1
01000,단독주택,갑산리,1
18000,창고시설,장독보관소,1
18000,창고시설,부속휴게실,1
01000,단독주택,승무원숙소,1
18000,창고시설,운수부대시설,1
01000,단독주택,부속1호물치,1
10000,교육연구시설,후생식당동,1
17000,공장,버너룸,1
05000,문화및집회시설,군민문화회관,1
02000,공동주택,198대,1
14000,업무시설,94호,1
02000,공동주택,주택6세대,1
02000,공동주택,133세대,1
02000,공동주택,단지형다세다주택,1
02000,공동주택,지하1,1
08000,운수시설,건축법제외용도,1
01000,단독주택,다세대주택2세대,1
21000,동물및식물관련시설,간이오수침전조,1
21000,동물및식물관련시설,육상종묘배양장관리사,1
21000,동물및식물관련시설,동물곤련시설,1
01000,단독주택,다가구춘천로주택,1
11000,노유자시설,재가장기요양기관,1
21000,동물및식물관련시설,지붕개폐식톱밥발효축사,1
24000,방송통신시설,숙소동,1
06000,종교시설,공부방,1
10000,교육연구시설,식당및기숙사,1
15000,숙박시설,110,1
11000,노유자시설,업무,1
01000,단독주택,제1종근린생활시설및다가주주택,1
18000,창고시설,농기보관창고,1
18000,창고시설,기관고,1
06000,종교시설,집횟시설,1
03000,제1종근린생활시설,농촌마을공판장,1
18000,창고시설,농업용창고및사무실,1
18000,창고시설,조정고,1
01000,단독주택,간이취사장,1
18000,창고시설,퇴비처리장,1
01000,단독주택,단독주택및위락시설,1
01000,단독주택,주택및암자,1
Z6000,판매및영업시설,부속품상,1
Z6000,판매및영업시설,하치장,1
Z6000,판매및영업시설,휴게실,1
24000,방송통신시설,보전실,1
18000,창고시설,엔실레이지,1
18000,창고시설,창고시설및사무실,1
,,재래식방아,1
19000,위험물저장및처리시설,부속창고2,1
21000,동물및식물관련시설,관람집회시설외2용도,1
18000,창고시설,완재품보관창고,1
04000,제2종근린생활시설,산량각,1
33000,"국방,군사시설",군견막사,1
20000,자동차관련시설,자동차운수업법에의한차고,1
01000,단독주택,하수종말처리장,1
17000,공장,철골가공,1
20000,자동차관련시설,관린사무소및,1
18000,창고시설,창고서설,1
01000,단독주택,매표소,1
04000,제2종근린생활시설,g용기보관창고,1
17000,공장,303집진조정동,1
03000,제1종근린생활시설,관리택,1
02000,공동주택,클래스룸,1
02000,공동주택,키즈스테이션1,1
20000,자동차관련시설,공조실,1
20000,자동차관련시설,자전기차장,1
03000,제1종근린생활시설,제면소,1
18000,창고시설,티,1
03000,제1종근린생활시설,제2종린린생활시설,1
15000,숙박시설,주택2가구,1
02000,공동주택,생황편익시설,1
02000,공동주택,셔틀엘리베이터2,1
04000,제2종근린생활시설,성인용전자,1
10000,교육연구시설,eb고영어실,1
17000,공장,보이라실및,1
03000,제1종근린생활시설,농축산판매소,1
02000,공동주택,구매생활,1
02000,공동주택,기계주차,1
01000,단독주택,저유장,1
02000,공동주택,통신주단자함실,1
14000,업무시설,업무시설및근린생활시설및,1
18000,창고시설,의류보관창고,1
01000,단독주택,근린생활시설및차고,1
18000,창고시설,갯벌체험시설,1
14000,업무시설,쓰레기처리시설,1
Z9000,공공용시설,부락공동시설,1
03000,제1종근린생활시설,박씨효자각,1
Z6000,판매및영업시설,다세대주택,1
30000,자원순환관련시설,재활용품처리시설,1
21000,동물및식물관련시설,굴종묘배양장,1
03000,제1종근린생활시설,교통정보센터,1
20000,자동차관련시설,저장및,1
02000,공동주택,어린이식당,1
02000,공동주택,노인관련시설,1
02000,공동주택,옥외쓰레기분리수거함,1
02000,공동주택,전망용승강기,1
02000,공동주택,신혼부부지원센터,1
02000,공동주택,보육시설1,1
02000,공동주택,연립주택및근린생활,1
02000,공동주택,수경카페,1
13000,운동시설,48세대,1
02000,공동주택,컬쳐센터,1
11000,노유자시설,수양원,1
02000,공동주택,생활편익시설및보육시설,1
02000,공동주택,쓰레기분리장,1
05000,문화및집회시설,설비제실,1
02000,공동주택,근린생활시설4,1
02000,공동주택,부경비실3,1
13000,운동시설,및근린생활시설,1
02000,공동주택,승용승강기,1
02000,공동주택,종합편의센터,1
02000,공동주택,공돋주택,1
02000,공동주택,1펌프실,1
11000,노유자시설,의무실,1
21000,동물및식물관련시설,축사약품창고,1
02000,공동주택,변소및창고,1
04000,제2종근린생활시설,2조,1
05000,문화및집회시설,물레방앗간,1
04000,제2종근린생활시설,부속창고실,1
04000,제2종근린생활시설,가공저장용기,1
05000,문화및집회시설,보트정비동,1
05000,문화및집회시설,사회교육,1
19000,위험물저장및처리시설,자가정비,1
21000,동물및식물관련시설,수조식,1
09000,의료시설,근린생할시설,1
17000,공장,생산연구실,1
17000,공장,이차가공공장,1
16000,위락시설,주유소,1
13000,운동시설,체육회관,1
01000,단독주택,휴양정,1
04000,제2종근린생활시설,농기계수리센타및,1
14000,업무시설,교유연구시설,1
11000,노유자시설,경로당및이용원,1
17000,공장,구조금속제품공장,1
21000,동물및식물관련시설,학생교육원,1
17000,공장,백토정제기실,1
19000,위험물저장및처리시설,계단,1
11000,노유자시설,교육연구시설및제1,1
17000,공장,공작동,1
03000,제1종근린생활시설,지1층,1
20000,자동차관련시설,자종차관련시설,1
04000,제2종근린생활시설,14호,1
17000,공장,자재,1
14200,일반업무시설,사무소,1
14200,일반업무시설,보일러실,1
Z6000,판매및영업시설,운전취급실,1
13000,운동시설,운동장본부석,1
19000,위험물저장및처리시설,세차기계실,1
01000,단독주택,선린병원,1
10000,교육연구시설,교수실험실,1
01000,단독주택,댜용도실,1
03000,제1종근린생활시설,농산어촌체험장,1
03000,제1종근린생활시설,주민건강관리실,1
17000,공장,세척장및창고,1
Z8000,교육연구및복지시설,자동차관련시설,1
20000,자동차관련시설,매매업,1
04000,제2종근린생활시설,어류축양장,1
03000,제1종근린생활시설,북부,1
13000,운동시설,곤도라운전실,1
17000,공장,육지동물,1
01000,단독주택,광채,1
01000,단독주택,95주거환경개선사업지원분,1
Z8000,교육연구및복지시설,제1학생회관가스실,1
03000,제1종근린생활시설,이륜차보관소,1
10000,교육연구시설,주차장연결통로,1
21000,동물및식물관련시설,우유사,1
03000,제1종근린생활시설,소산정,1
14000,업무시설,오피스텔16실,1
24000,방송통신시설,공고용시설,1
02000,공동주택,에코센터기계실,1
17000,공장,기타사무실,1
02000,공동주택,단지형연립24세대,1
03000,제1종근린생활시설,목재도구,1
03000,제1종근린생활시설,기후변화체험관,1
04000,제2종근린생활시설,톨게이트,1
22000,분뇨.쓰레기처리시설,분리작업장,1
04000,제2종근린생활시설,조제업,1
24000,방송통신시설,소품창고,1
01000,단독주택,농산물생산시설,1
10000,교육연구시설,은행,1
01000,단독주택,예체능계강습소,1
01000,단독주택,직원식당,1
04000,제2종근린생활시설,근린생활시설등,1
02000,공동주택,안승,1
09000,의료시설,재활의학과병원,1
11000,노유자시설,마을노인공회당,1
17000,공장,커피및차가공업,1
15000,숙박시설,일반유흥업소,1
17000,공장,2fcc23,1
04000,제2종근린생활시설,감쥬스작업장,1
10000,교육연구시설,체육관및,1
23000,교정및군사시설,통제탑,1
Z3000,근린생활시설,보건지소,1
17000,공장,플랜트고무용해,1
01000,단독주택,제1ㆍ제2종근린생활시설,1
21000,동물및식물관련시설,비료화시설,1
02000,공동주택,도시형생활준택,1
03000,제1종근린생활시설,검정고시학원,1
18000,창고시설,rack자동화창고,1
07000,판매시설,촉법판매시설,1
04000,제2종근린생활시설,강당동,1
03000,제1종근린생활시설,무인무선중계소,1
17000,공장,폐유실,1
21000,동물및식물관련시설,농산물건조사,1
16000,위락시설,단독주택및위락시설,1
21000,동물및식물관련시설,교육장및기숙사,1
17000,공장,제조시실,1
03000,제1종근린생활시설,단독주댁,1
17000,공장,제조형,1
01000,단독주택,97농촌주택계량대상자,1
13000,운동시설,폐기물보관소,1
03000,제1종근린생활시설,서문,1
17000,공장,창고사무실,1
04000,제2종근린생활시설,2종근린생활시설단독주택,1
04000,제2종근린생활시설,조직배양실,1
03000,제1종근린생활시설,경정비세차장,1
04000,제2종근린생활시설,환경,1
10000,교육연구시설,행정사무실,1
17000,공장,아파트형일반공장,1
04000,제2종근린생활시설,노인요양시설,1
14000,업무시설,제1종근생및업무시설,1
02000,공동주택,지도실,1
17000,공장,카렌다동,1
21000,동물및식물관련시설,후숙실,1
27000,관광휴게시설,문간채,1
13000,운동시설,건강증진센터,1
01000,단독주택,및제2종,1
04000,제2종근린생활시설,탭,1
17000,공장,영상및음향기기제조,1
17000,공장,렉티피어실,1
Z3000,근린생활시설,제2종근생,1
18000,창고시설,동회관,1
21000,동물및식물관련시설,관리실및,1
01000,단독주택,농산물간이창고,1
17000,공장,용접기,1
27000,관광휴게시설,제1종근생시설,1
27000,관광휴게시설,위생관리시설,1
20000,자동차관련시설,시내버스차고,1
27000,관광휴게시설,창고1,1
27000,관광휴게시설,환경원휴게실,1
17000,공장,재처리실,1
27000,관광휴게시설,초정,1
03000,제1종근린생활시설,b,1
27000,관광휴게시설,소각장,1
27000,관광휴게시설,상점,1
16000,위락시설,방가로,1
,,생활및구매시설,1
21000,동물및식물관련시설,염소장,1
19000,위험물저장및처리시설,주택및사무실,1
17000,공장,전통식품공장,1
27000,관광휴게시설,본부석,1
04000,제2종근린생활시설,동물고기가공,1
10000,교육연구시설,노유지시설,1
03000,제1종근린생활시설,애일당,1
27000,관광휴게시설,학림정,1
27000,관광휴게시설,경비동,1
17000,공장,제조업및창고,1
17000,공장,콜크제품제조업,1
13000,운동시설,비가림,1
04000,제2종근린생활시설,센터,1
27000,관광휴게시설,레스토랑,1
01000,단독주택,제1조근린생활시설,1
17000,공장,분석계실,1
14000,업무시설,소유자등록,1
14000,업무시설,저수조기계실,1
14000,업무시설,자전거주차장,1
30000,자원순환관련시설,다가구주택,1
17000,공장,finisher,1
04000,제2종근린생활시설,티하우스c,1
17000,공장,폐열처리실,1
Z6000,판매및영업시설,숙소,1
03000,제1종근린생활시설,도시락제조공장,1
18000,창고시설,6세대,1
02000,공동주택,군영,1
14000,업무시설,일반업무시설외2,1
19000,위험물저장및처리시설,위험물저장처리시설및,1
10000,교육연구시설,제4공학관,1
21000,동물및식물관련시설,정주권주택,1
14000,업무시설,일반업무시설외2건,1
14000,업무시설,업무시설외1건,1
03000,제1종근린생활시설,직원휴게소,1
14000,업무시설,전기사무실,1
15000,숙박시설,23객실,1
17000,공장,r503헤드타워,1
04000,제2종근린생활시설,자동차경정비수리센터,1
07000,판매시설,선과장,1
02000,공동주택,오피스텔2세대,1
15000,숙박시설,방화,1
20000,자동차관련시설,자가정비공장,1
14000,업무시설,업무및근생시설,1
17000,공장,공무샵동,1
21000,동물및식물관련시설,식물관련시설및제1종근린생활시설,1
05000,문화및집회시설,명부전,1
Z8000,교육연구및복지시설,야영장,1
04000,제2종근린생활시설,위험물처리장저장시설,1
Z8000,교육연구및복지시설,구내이용원,1
05000,문화및집회시설,후각,1
04000,제2종근린생활시설,벽돌강도실험실,1
03000,제1종근린생활시설,공공업부및근린생활시설,1
12000,수련시설,농촌체험시설,1
03000,제1종근린생활시설,다용도집하장,1
03000,제1종근린생활시설,버스정류장,1
07000,판매시설,경비실2,1
02000,공동주택,45,1
01000,단독주택,차고보일러실,1
08000,운수시설,선좌변전소,1
18000,창고시설,혼합사료창고,1
23000,교정및군사시설,요사체,1
03000,제1종근린생활시설,농사연구연구업무시설및실험실,1
17000,공장,3지금처리장,1
04000,제2종근린생활시설,1층소매점,1
04000,제2종근린생활시설,스크린골프장연습장,1
13000,운동시설,홈팀,1
03000,제1종근린생활시설,7세대,1
17000,공장,수사물냉동식품제조,1
17000,공장,화학물질보관소,1
15000,숙박시설,한의원,1
17000,공장,제6분석기실,1
16000,위락시설,단독주택및,1
03000,제1종근린생활시설,약품도매업,1
20000,자동차관련시설,창고및샤워장,1
26000,묘지관련시설,동물납골시설,1
18000,창고시설,선류장,1
21000,동물및식물관련시설,터널식소독시설,1
17000,공장,폐품,1
22000,분뇨.쓰레기처리시설,굴뚝,1
01000,단독주택,다세대2세대,1
21000,동물및식물관련시설,부대창고,1
01000,단독주택,부속쉼터,1
05000,문화및집회시설,외사문,1
03000,제1종근린생활시설,우제국,1
30000,자원순환관련시설,파쇄대기장,1
04000,제2종근린생활시설,밀크제조업,1
02004,생활편익시설,생활,1
16000,위락시설,관광,1
19000,위험물저장및처리시설,lpg기화기실,1
Z6000,판매및영업시설,1종근린생활시설,1
06000,종교시설,종교교육관,1
10000,교육연구시설,행정사무,1
17000,공장,무소,1
19000,위험물저장및처리시설,위험물탱크옥내저장소,1
Z3000,근린생활시설,농산물판매장,1
Z3000,근린생활시설,서고,1
14000,업무시설,일반업무근린생활,1
18000,창고시설,고추건조기창고,1
01000,단독주택,축사및관리사,1
01000,단독주택,1종근린휴게음식점,1
14000,업무시설,유용미생물배양시설,1
11000,노유자시설,재횔치료시설,1
04000,제2종근린생활시설,마을도서관,1
03000,제1종근린생활시설,경둔리,1
17000,공장,libf4,1
05000,문화및집회시설,묘막및종중회의실,1
04000,제2종근린생활시설,음식점및휴게실,1
17000,공장,tht,1
03000,제1종근린생활시설,문화및집회서설,1
18000,창고시설,제1종창고시설,1
17000,공장,로포제조업,1
17000,공장,토건설,1
18000,창고시설,냉장창고전실,1
01000,단독주택,한두방,1
14000,업무시설,약사회관,1
01000,단독주택,1995불량주택개량사업,1
13000,운동시설,마운틴,1
19000,위험물저장및처리시설,보수장,1
14000,업무시설,오수처리시설,1
04000,제2종근린생활시설,식탁용,1
15000,숙박시설,옥외주방,1
17000,공장,식육및,1
05000,문화및집회시설,고객센터,1
03000,제1종근린생활시설,제1종근린생활시설종,1
06000,종교시설,대종회,1
04000,제2종근린생활시설,28992,1
04000,제2종근린생활시설,생활시설및구매시설,1
18000,창고시설,w6,1
03000,제1종근린생활시설,종친회회관,1
21000,동물및식물관련시설,화실,1
17000,공장,710,1
15000,숙박시설,휴양관,1
02000,공동주택,게이트볼장,1
29000,장례시설,단독주택,1
04000,제2종근린생활시설,전자기기용축전기제조업,1
17000,공장,염류제조업,1
17000,공장,식품연구동,1
21000,동물및식물관련시설,농축산물보관시설,1
04000,제2종근린생활시설,양성소,1
,,분류하지않은,1
03000,제1종근린생활시설,대피소겸화장실,1
11000,노유자시설,할머니경노당,1
,,추인,1
03000,제1종근린생활시설,면민휴게실,1
11000,노유자시설,동문,1
12000,수련시설,강당동,1
21000,동물및식물관련시설,첨단재배사,1
03000,제1종근린생활시설,발동발전기실,1
17000,공장,목재건구문,1
03000,제1종근린생활시설,천체관측실,1
03000,제1종근린생활시설,근린생화,1
03000,제1종근린생활시설,근린시설및다가구주택,1
04000,제2종근린생활시설,금속용기제조업,1
10000,교육연구시설,학교기업,1
02000,공동주택,펌프식,1
03000,제1종근린생활시설,농협창고,1
03000,제1종근린생활시설,기계실및,1
03000,제1종근린생활시설,마을간이상수도,1
04000,제2종근린생활시설,석가공작업소,1
06000,종교시설,고리,1
03000,제1종근린생활시설,화장실겸용,1
04000,제2종근린생활시설,사무실겸방,1
07000,판매시설,회의장,1
04000,제2종근린생활시설,창고시설및제1종근린생활시설,1
06000,종교시설,종교시설재실,1
04000,제2종근린생활시설,주택및점포외1,1
18000,창고시설,재난창고,1
04000,제2종근린생활시설,화장실및샤워장,1
21000,동물및식물관련시설,숙소동,1
21000,동물및식물관련시설,동물및식문관련시설,1
04000,제2종근린생활시설,천일사,1
30000,자원순환관련시설,총인사무실,1
Z5000,문화및집회시설,고아원,1
18000,창고시설,계단,1
04000,제2종근린생활시설,중개사사무소,1
04000,제2종근린생활시설,제2종금린생활시설,1
04000,제2종근린생활시설,미역건조장,1
Z8000,교육연구및복지시설,휴게음식점,1
17000,공장,농기용창고,1
01000,단독주택,시멘트부록,1
04000,제2종근린생활시설,식품가공소,1
04000,제2종근린생활시설,사무실용건물,1
27000,관광휴게시설,수목원관리사,1
04000,제2종근린생활시설,자동차학과자동차관리실습장,1
06000,종교시설,임시성당,1
17000,공장,농업용창고및공장,1
04000,제2종근린생활시설,근린생활시성,1
09000,의료시설,제,1
04000,제2종근린생활시설,기타시설군,1
21000,동물및식물관련시설,곶감건조대,1
21000,동물및식물관련시설,나비관찰원,1
01000,단독주택,청소,1
04000,제2종근린생활시설,제2종근린생활시설제조업,1
06000,종교시설,사제관사,1
04000,제2종근린생활시설,폐수처리장보호시설,1
01000,단독주택,유류판매업소,1
04000,제2종근린생활시설,공장및기관실,1
04000,제2종근린생활시설,단독주택소매점,1
17000,공장,24129,1
04000,제2종근린생활시설,사무실및주택및기숙사,1
15000,숙박시설,지하실및창고,1
02000,공동주택,영상학습실,1
04000,제2종근린생활시설,노래연습증,1
02000,공동주택,605동1층피로티,1
02000,공동주택,일바음식점,1
30000,자원순환관련시설,송풍기계실,1
04000,제2종근린생활시설,귀빈실,1
03000,제1종근린생활시설,헬스,1
01000,단독주택,노유자시설및,1
04000,제2종근린생활시설,근린생활및단독주택,1
06000,종교시설,소법당및창고,1
04000,제2종근린생활시설,공무과사무실,1
18000,창고시설,2용도,1
19000,위험물저장및처리시설,관련용품,1
04000,제2종근린생활시설,제당부속사,1
,,경찰관파출소,1
04000,제2종근린생활시설,일반음식점부속보일러실,1
04000,제2종근린생활시설,농특산물판매장,1
17000,공장,시험대,1
01000,단독주택,일종근린생활시설,1
04000,제2종근린생활시설,근린생활시설및단독주택1,1
04000,제2종근린생활시설,건설기계정비공장,1
04000,제2종근린생활시설,근린생활시설및휴게실,1
04000,제2종근린생활시설,운영사무동,1
21000,동물및식물관련시설,세척시설,1
23000,교정및군사시설,야구장사무실,1
17000,공장,도료1부,1
06000,종교시설,샤워실2,1
04000,제2종근린생활시설,한약제조공장,1
21000,동물및식물관련시설,고방,1
03000,제1종근린생활시설,읍청사,1
04000,제2종근린생활시설,사택및사원복지시설,1
04000,제2종근린생활시설,제2합숙소,1
04000,제2종근린생활시설,차,1
04000,제2종근린생활시설,토속음식체험장,1
04000,제2종근린생활시설,근린생활사설,1
04000,제2종근린생활시설,근생외1건,1
04000,제2종근린생활시설,섬유제품제조업,1
04000,제2종근린생활시설,실외게이트볼장,1
04000,제2종근린생활시설,딸기잼,1
09000,의료시설,후생병원,1
04000,제2종근린생활시설,청소년복지시설,1
04000,제2종근린생활시설,여여문,1
04000,제2종근린생활시설,부속건,1
04000,제2종근린생활시설,제과업,1
04000,제2종근린생활시설,휴양소,1
19000,위험물저장및처리시설,처리시설자동차부품,1
19000,위험물저장및처리시설,02위험물옥외저장소,1
17000,공장,정화조mcc,1
21000,동물및식물관련시설,고정식소독장치,1
04000,제2종근린생활시설,내방포지소,1
02000,공동주택,86,1
06000,종교시설,사리,1
04000,제2종근린생활시설,근린생활시설및음식점,1
06000,종교시설,문중회관,1
04000,제2종근린생활시설,제조업소부속사무소,1
01000,단독주택,lpg판매점창고,1
04000,제2종근린생활시설,교회현관,1
04000,제2종근린생활시설,경비사무실및초소,1
04000,제2종근린생활시설,환경위생,1
17000,공장,조제건강식품제조업,1
10000,교육연구시설,탱크실,1
04000,제2종근린생활시설,포장실및연구실,1
25000,발전시설,자체처분창고,1
05000,문화및집회시설,초정,1
13000,운동시설,운동시설및주택,1
18000,창고시설,경비실및,1
01000,단독주택,다가주택5가구,1
17000,공장,기계제작업,1
03000,제1종근린생활시설,2가구주택,1
17000,공장,육상출하실,1
13000,운동시설,1ㆍ2종근린생활시설,1
01000,단독주택,돈사장,1
18000,창고시설,농산물포장창고,1
13000,운동시설,중장비관리실,1
04000,제2종근린생활시설,구령대,1
14000,업무시설,부속건물,1
23000,교정및군사시설,사단본청,1
10000,교육연구시설,전문교육실습실,1
13000,운동시설,안내동,1
03000,제1종근린생활시설,예비군무기고,1
03000,제1종근린생활시설,기타일반업무시설,1
17000,공장,buiiding,1
Z8000,교육연구및복지시설,가교사,1
14000,업무시설,수배전반캐노피,1
17000,공장,g1통합보일러하우스,1
13000,운동시설,말보건소,1
04000,제2종근린생활시설,오폐수처리,1
13000,운동시설,체육관및주택,1
13000,운동시설,생활체육시설,1
20000,자동차관련시설,출고창고,1
07000,판매시설,옥상,1
01000,단독주택,창고시서,1
04000,제2종근린생활시설,mdf등,1
18000,창고시설,제외,1
04000,제2종근린생활시설,슥직실,1
13000,운동시설,불펜장,1
20000,자동차관련시설,여과리,1
13000,운동시설,체육실,1
01000,단독주택,lpg저장소,1
Z8000,교육연구및복지시설,수용소,1
04000,제2종근린생활시설,철물제품제조업,1
Z8000,교육연구및복지시설,다목적실및급식소,1
02000,공동주택,19동경비실,1
10000,교육연구시설,연결코아,1
13000,운동시설,총무정,1
10000,교육연구시설,남학생기숙사,1
10000,교육연구시설,육사성당,1
17000,공장,의약품제조실,1
17000,공장,보전실,1
17000,공장,냉동기shelter,1
14000,업무시설,로비,1
04000,제2종근린생활시설,정류장,1
10000,교육연구시설,사택2,1
04000,제2종근린생활시설,온체,1
21000,동물및식물관련시설,격리온실,1
Z5000,문화및집회시설,기름탱크,1
02000,공동주택,공원숙소,1
03000,제1종근린생활시설,용탄파견대,1
04000,제2종근린생활시설,산업기계부품제조,1
01000,단독주택,창고및단독,1
04000,제2종근린생활시설,sk텔레콤무인통신국사,1
14000,업무시설,윤전기실,1
01000,단독주택,약사전,1
Z5000,문화및집회시설,지장각,1
Z5000,문화및집회시설,승려기거용요사,1
02000,공동주택,자원봉사자,1
04000,제2종근린생활시설,식당및관리사,1
17000,공장,휴게실및부대시설,1
13000,운동시설,골프연습장창고,1
08000,운수시설,승무원대기실,1
03000,제1종근린생활시설,전산실,1
13000,운동시설,태권도도장,1
17000,공장,가연성가스실,1
04000,제2종근린생활시설,농수산물의가공,1
17000,공장,ks실험실,1
13000,운동시설,여자기숙사,1
10000,교육연구시설,고등학교용,1
05000,문화및집회시설,어업인후생회관,1
03000,제1종근린생활시설,해양경찰출장소,1
20000,자동차관련시설,자동차판매장,1
03000,제1종근린생활시설,찻집및식당,1
14000,업무시설,직원대기실,1
04000,제2종근린생활시설,달리분류되지않은제1차플라스틱가공품제조업,1
Z5000,문화및집회시설,화랑,1
19000,위험물저장및처리시설,g용기저장소,1
17000,공장,위생건조보관소,1
20000,자동차관련시설,종합정비공장,1
Z8000,교육연구및복지시설,경로회관,1
13000,운동시설,공해공장,1
17000,공장,자동차제조업,1
13000,운동시설,캐디실,1
10000,교육연구시설,조리실및식당,1
17000,공장,2fcc12,1
21000,동물및식물관련시설,돈실,1
21000,동물및식물관련시설,견검정실,1
19000,위험물저장및처리시설,소화기충천소,1
01000,단독주택,강릉고,1
Z9000,공공용시설,개인,1
02000,공동주택,급수전,1
21000,동물및식물관련시설,농가시설물,1
,,욕탕,1
14000,업무시설,공판장,1
27000,관광휴게시설,사격장,1
17000,공장,석고본드공장,1
13000,운동시설,6호식당,1
22000,분뇨.쓰레기처리시설,농축조시설,1
08000,운수시설,다방,1
30000,자원순환관련시설,연수실,1
02000,공동주택,1003동1층피로티,1
15000,숙박시설,교육장,1
17000,공장,리포머,1
11000,노유자시설,영유아보욱시설,1
04000,제2종근린생활시설,자료실,1
Z8000,교육연구및복지시설,2동,1
01000,단독주택,예냉창고,1
27000,관광휴게시설,공원관리초소,1
14000,업무시설,오피스텔147실,1
21000,동물및식물관련시설,농산물직매장,1
19000,위험물저장및처리시설,mru,1
17000,공장,애프터서비스실,1
30000,자원순환관련시설,페기물처리시설,1
04000,제2종근린생활시설,인터넷게임시설제공업의시설,1
11000,노유자시설,약국,1
10000,교육연구시설,스탠드2,1
27000,관광휴게시설,테니스장사무실,1
19000,위험물저장및처리시설,co,1
18000,창고시설,서비스탱크,1
04000,제2종근린생활시설,전자관제조업,1
03000,제1종근린생활시설,가경파출소청사,1
20000,자동차관련시설,복지회관,1
01000,단독주택,제1동근린생활시설,1
18000,창고시설,지하차고,1
14000,업무시설,491호,1
02000,공동주택,훼미리룸,1
13000,운동시설,pit,1
04000,제2종근린생활시설,도토리앙금제조장,1
04000,제2종근린생활시설,택시차고,1
04000,제2종근린생활시설,시멘트벽돌제조업,1
04000,제2종근린생활시설,농산물관련시설,1
04000,제2종근린생활시설,어린이,1
04000,제2종근린생활시설,학습원,1
04000,제2종근린생활시설,공장및단독주택,1
04000,제2종근린생활시설,학술,1
27000,관광휴게시설,유량조정조,1
02000,공동주택,공해,1
04000,제2종근린생활시설,제2종근린생활지구,1
04000,제2종근린생활시설,광천서당,1
04000,제2종근린생활시설,실내외체육시설,1
21000,동물및식물관련시설,247,1
03000,제1종근린생활시설,체형관리실,1
02000,공동주택,643,1
06000,종교시설,우산각,1
07000,판매시설,판매시실,1
04000,제2종근린생활시설,펌프실관리사무실,1
22000,분뇨.쓰레기처리시설,유수지,1
04000,제2종근린생활시설,최씨종실,1
18000,창고시설,가로정비창고,1
06000,종교시설,외1종,1
20000,자동차관련시설,세차대,1
01000,단독주택,사무,1
04000,제2종근린생활시설,공사용현장사무실,1
17000,공장,제2간이실험실,1
04000,제2종근린생활시설,애견호텔훈련소,1
04000,제2종근린생활시설,제2종그릴생활시설,1
04000,제2종근린생활시설,부설부차장,1
04000,제2종근린생활시설,제2종근린생활시설지하부속사,1
30000,자원순환관련시설,중앙펌프실,1
04000,제2종근린생활시설,근린생할시살,1
06000,종교시설,일광사,1
04000,제2종근린생활시설,경정비작업장,1
19000,위험물저장및처리시설,수소가스,1
17000,공장,콤퍼레샤실,1
17000,공장,에,1
04000,제2종근린생활시설,제2종근린행활시설,1
04000,제2종근린생활시설,의상암,1
10000,교육연구시설,레슨실,1
04000,제2종근린생활시설,취사장목탕,1
06000,종교시설,노스님기숙사,1
06000,종교시설,물품보관고,1
04000,제2종근린생활시설,사택겸사무실,1
04000,제2종근린생활시설,숭덕사,1
04000,제2종근린생활시설,퇴비제조장,1
21000,동물및식물관련시설,가축분뇨기계실,1
06000,종교시설,교육관및숙소,1
02000,공동주택,어린이체육실,1
04000,제2종근린생활시설,사무실창고,1
04000,제2종근린생활시설,사무실및교환실,1
01000,단독주택,단목주택,1
04000,제2종근린생활시설,자동차부품상,1
06000,종교시설,기도장,1
18000,창고시설,마을공동저장고,1
19000,위험물저장및처리시설,침,1
18000,창고시설,직원용급식당,1
03000,제1종근린생활시설,영육아보육시설,1
23000,교정및군사시설,예비군식당,1
23000,교정및군사시설,연결복도,1
14000,업무시설,운전관리실,1
30000,자원순환관련시설,감량화시설,1
03000,제1종근린생활시설,근린생활실,1
13000,운동시설,점포및주택,1
22000,분뇨.쓰레기처리시설,임목폐기물처리장,1
26000,묘지관련시설,수목장림시설,1
08000,운수시설,서창전기차공장사무실,1
10000,교육연구시설,파일롯실험동,1
02000,공동주택,정신건강상담소,1
03000,제1종근린생활시설,목재건구창고,1
03000,제1종근린생활시설,휴게실등,1
17000,공장,농산물유통가공시설,1
01000,단독주택,샤워장창고,1
06000,종교시설,팔각정,1
06000,종교시설,교육문화관,1
05000,문화및집회시설,휘릉비각,1
21000,동물및식물관련시설,구조물,1
12000,수련시설,화장실2,1
16000,위락시설,근린생,1
14000,업무시설,434실,1
04000,제2종근린생활시설,점포식당,1
04000,제2종근린생활시설,봉향각,1
01000,단독주택,변소헛간,1
03000,제1종근린생활시설,공사,1
17000,공장,4호기,1
21000,동물및식물관련시설,업소,1
23000,교정및군사시설,구매창고,1
01000,단독주택,외3종,1
18000,창고시설,급병창고,1
23000,교정및군사시설,상가,1
03000,제1종근린생활시설,공용하기조,1
01000,단독주택,농촌창고,1
05000,문화및집회시설,소규모,1
03000,제1종근린생활시설,제1종근린생활시설제,1
23000,교정및군사시설,식재재유통센터,1
01000,단독주택,다가구주택19세대,1
11000,노유자시설,기계전기실,1
15000,숙박시설,개수대,1
15000,숙박시설,115,1
26000,묘지관련시설,관사,1
,,국방,1
10000,교육연구시설,분당초교,1
17000,공장,커텐및휘장제조,1
Z8000,교육연구및복지시설,교육센타,1
01000,단독주택,위험물저장처리시설외1,1
01000,단독주택,사이로,1
17000,공장,수산물1차,1
19000,위험물저장및처리시설,업원숙소,1
03000,제1종근린생활시설,휴양콘도미니엄,1
17000,공장,위험물취급,1
10000,교육연구시설,실습장및,1
10000,교육연구시설,의무실,1
18000,창고시설,계란환적장,1
26000,묘지관련시설,당산,1
08000,운수시설,m,1
03000,제1종근린생활시설,주방및보일러,1
17000,공장,ssbr제품포장실,1
23000,교정및군사시설,교정및군시시설,1
21000,동물및식물관련시설,포자배양,1
26000,묘지관련시설,외망묘지소,1
23000,교정및군사시설,구103대대산소창고,1
04000,제2종근린생활시설,주택설,1
21000,동물및식물관련시설,냉동창고및,1
17000,공장,건제품,1
17000,공장,주18,1
01000,단독주택,단독주택9주택,1
11000,노유자시설,야외무대,1
18000,창고시설,농산물용창고,1
17000,공장,비닐인쇄제조업,1
04000,제2종근린생활시설,주간보호시설,1
04000,제2종근린생활시설,고시원23실,1
03000,제1종근린생활시설,상주보,1
17000,공장,공원후생시설,1
03000,제1종근린생활시설,노인복지센터,1
18000,창고시설,위험물처리저장시설,1
03000,제1종근린생활시설,9호,1
15000,숙박시설,유흥,1
17000,공장,공작창고,1
18000,창고시설,식품공장농수산물보관창고,1
19000,위험물저장및처리시설,다중주택,1
01000,단독주택,부속창고및창고,1
02000,공동주택,근생및공동,1
30000,자원순환관련시설,분뇨시설,1
17000,공장,자재창고b,1
03000,제1종근린생활시설,일용권,1
14000,업무시설,농자재소매점,1
04999,기타제2종근린생활시설,단독주택,1
07000,판매시설,수산물직판장,1
02000,공동주택,mdf실2,1
23000,교정및군사시설,모듈러,1
26000,묘지관련시설,의식시설,1
17000,공장,슬러지장,1
08000,운수시설,종합사무소,1
01000,단독주택,97농가주택개량융자분,1
17000,공장,염색,1
17000,공장,옥내저장소및부속실,1
17000,공장,옥상,1
11000,노유자시설,자립,1
04000,제2종근린생활시설,노인동,1
21000,동물및식물관련시설,spf돈사,1
14000,업무시설,유독물판매소,1
10000,교육연구시설,시청각강의실,1
21000,동물및식물관련시설,퇴비저장장,1
17000,공장,v6단조공장,1
,,오천양배수장,1
08000,운수시설,유조화차소방실,1
03000,제1종근린생활시설,서적,1
10000,교육연구시설,곤충사육사,1
10000,교육연구시설,제1종근린생활시설외3,1
09000,의료시설,화물용승강기실,1
02000,공동주택,단지형다세대주택13세대,1
10000,교육연구시설,유치원및강당,1
19000,위험물저장및처리시설,hp윤활유창고,1
17000,공장,절단시험장,1
10000,교육연구시설,제5생활관,1
19000,위험물저장및처리시설,3a,1
19000,위험물저장및처리시설,switch,1
03000,제1종근린생활시설,위험물처리,1
10000,교육연구시설,축구장,1
10000,교육연구시설,관리동창고,1
17000,공장,이산화탄소저장쉘타1,1
17000,공장,p제품창고5,1
08000,운수시설,흥국사역사,1
04000,제2종근린생활시설,소화용물탱크실,1
02000,공동주택,입주자대표부녀회의실,1
04000,제2종근린생활시설,콩,1
10000,교육연구시설,교직사,1
04000,제2종근린생활시설,휴게대기실,1
08000,운수시설,선박입출항신고소,1
10000,교육연구시설,축산연구소,1
17000,공장,쓰레기분리처리장,1
10000,교육연구시설,쓰레기창고,1
03000,제1종근린생활시설,power,1
09000,의료시설,의료사설,1
04000,제2종근린생활시설,부속창공,1
04000,제2종근린생활시설,고압가스탱크및,1
10000,교육연구시설,코발트60조사실,1
09000,의료시설,공장,1
10000,교육연구시설,자연대바이오트론실,1
17000,공장,문구종이제조업,1
01000,단독주택,제2종근생시설및,1
10000,교육연구시설,도서관열람실,1
09000,의료시설,환자숙소,1
10000,교육연구시설,극기훈련시설,1
04000,제2종근린생활시설,성덕도,1
Z3000,근린생활시설,관람집회,1
03000,제1종근린생활시설,연탄및,1
11000,노유자시설,농민편의시설,1
27000,관광휴게시설,공무원휴양소,1
02000,공동주택,기계실및주차장,1
02000,공동주택,지하환기및채광시설,1
27000,관광휴게시설,낙타집,1
04000,제2종근린생활시설,건구제조업,1
06000,종교시설,부속시설,1
01000,단독주택,건초막,1
14000,업무시설,20호및도시형생활주택단지형다세대주택,1
21000,동물및식물관련시설,동물및식물관룐시설,1
02000,공동주택,유아교육시설,1
06000,종교시설,및근린생활시설,1
27000,관광휴게시설,관광유원지,1
27000,관광휴게시설,호수공원화장실,1
05000,문화및집회시설,어물전,1
18000,창고시설,다목적강당,1
09000,의료시설,인공신장실,1
21000,동물및식물관련시설,송풍기,1
17000,공장,제조가공시설,1
27000,관광휴게시설,조경휴계시실,1
19000,위험물저장및처리시설,lpg위험물취급소,1
08000,운수시설,부속,1
18000,창고시설,연안부두롤게이트,1
18000,창고시설,감독실,1
17000,공장,영업용공장,1
03000,제1종근린생활시설,문화재보호용,1
17000,공장,호이스트,1
02000,공동주택,704,1
21000,동물및식물관련시설,66,1
15000,숙박시설,기원,1
30000,자원순환관련시설,시험실,1
02000,공동주택,주민집회시설,1
02000,공동주택,a밸브실,1
10000,교육연구시설,중간육성동,1
27000,관광휴게시설,실습실,1
18000,창고시설,해수탱크포함,1
20000,자동차관련시설,지하주차장f,1
17000,공장,위험물취급장소,1
04000,제2종근린생활시설,공예조각실,1
21000,동물및식물관련시설,80,1
Z8000,교육연구및복지시설,제4공학관,1
27000,관광휴게시설,정비소,1
17000,공장,모터사이클제조업,1
01000,단독주택,선구점,1
17000,공장,철물제조,1
27000,관광휴게시설,간이정비실,1
04000,제2종근린생활시설,26실,1
16000,위락시설,기계식주차타워,1
27000,관광휴게시설,천체관측시설,1
01000,단독주택,17세대다가구주택,1
04000,제2종근린생활시설,유리초자인쇄,1
03000,제1종근린생활시설,단속,1
03000,제1종근린생활시설,관리소노인정,1
04000,제2종근린생활시설,화면,1
04000,제2종근린생활시설,의원사무실,1
03000,제1종근린생활시설,마전리,1
04000,제2종근린생활시설,대주음식점,1
16000,위락시설,종업원숙소,1
04000,제2종근린생활시설,장비창고,1
27000,관광휴게시설,공원에부수되는화장실,1
03000,제1종근린생활시설,본건,1
04000,제2종근린생활시설,고시계,1
Z3000,근린생활시설,중계소,1
14000,업무시설,단독주택및오피스텔,1
14000,업무시설,다가구1,1
08000,운수시설,연결통로,1
01000,단독주택,귀농인의집,1
17000,공장,경석적치장,1
17000,공장,충압기동,1
04000,제2종근린생활시설,의복제조공장,1
13000,운동시설,계류장,1
17000,공장,식당및복지시설,1
13000,운동시설,창고5,1
01000,단독주택,농기계및농기구보관창고,1
17000,공장,타이탄본공장,1
04000,제2종근린생활시설,액화석유가스판매,1
Z8000,교육연구및복지시설,학교사택,1
03000,제1종근린생활시설,수위실및숙직실,1
04000,제2종근린생활시설,휴개음식점,1
21000,동물및식물관련시설,전력실,1
04000,제2종근린생활시설,행량채,1
02000,공동주택,별동화장실,1
05000,문화및집회시설,반공관,1
03000,제1종근린생활시설,모현소방관파출소,1
17000,공장,mbr,1
02000,공동주택,편복도,1
10000,교육연구시설,아카데미,1
17000,공장,양송이,1
17000,공장,전기경보및신호장치제조업,1
03000,제1종근린생활시설,기상청,1
03000,제1종근린생활시설,우량계실,1
13000,운동시설,골프카보관소,1
24000,방송통신시설,교환실,1
24000,방송통신시설,보이러실,1
17000,공장,영선계작업장,1
Z8000,교육연구및복지시설,시험실,1
13000,운동시설,경기기록실,1
18000,창고시설,보전동,1
21000,동물및식물관련시설,축사1동,1
04000,제2종근린생활시설,샷시조립업,1
04000,제2종근린생활시설,일반음식점부속화장실,1
06000,종교시설,화장실2,1
06000,종교시설,홍수경보국사,1
17000,공장,변전실1,1
04000,제2종근린생활시설,금속제품제조업,1
11000,노유자시설,농산물창고,1
06000,종교시설,나가원,1
01000,단독주택,소매점및제2종근생내일반음식점,1
04000,제2종근린생활시설,금속장치물제조,1
03000,제1종근린생활시설,만화가게,1
04000,제2종근린생활시설,농업법인관리사무실,1
04000,제2종근린생활시설,차고및관리실,1
04000,제2종근린생활시설,제각본청,1
17000,공장,dpc기계동,1
04000,제2종근린생활시설,합숙사,1
06000,종교시설,회의실및화장실,1
04000,제2종근린생활시설,사무소및연쇄점,1
Z3000,근린생활시설,유량계실,1
04000,제2종근린생활시설,휴게음식점외3건,1
06000,종교시설,조옹대,1
03000,제1종근린생활시설,적납고,1
04000,제2종근린생활시설,제2종근린생활시설및의원,1
04000,제2종근린생활시설,근린시설및창고,1
02000,공동주택,가스저장탱크,1
04000,제2종근린생활시설,근린생활및창고,1
04000,제2종근린생활시설,제조점,1
17000,공장,구조제,1
04000,제2종근린생활시설,스몰마켓,1
01000,단독주택,신령각,1
04000,제2종근린생활시설,창고시설외1,1
04000,제2종근린생활시설,체육기구실,1
04000,제2종근린생활시설,숙박시설외2,1
04000,제2종근린생활시설,다가구주택외2,1
04000,제2종근린생활시설,테니스코트장관리사,1
11000,노유자시설,모자숙소,1
06000,종교시설,심용전,1
17000,공장,촉매상차고,1
17000,공장,오염물제거동,1
04000,제2종근린생활시설,도립공원사무실,1
18000,창고시설,2종근근생시설,1
04000,제2종근린생활시설,철물철재가공소,1
03000,제1종근린생활시설,어업인안전쉼터,1
04000,제2종근린생활시설,아트및근린생활시설,1
02000,공동주택,지상ramp지붕,1
02000,공동주택,구연동화실,1
04000,제2종근린생활시설,연시각,1
17000,공장,주형및금형관련제품,1
04000,제2종근린생활시설,교회교육장,1
04000,제2종근린생활시설,제2종근린샐황시설,1
04000,제2종근린생활시설,문구제조작업장,1
03000,제1종근린생활시설,작업장및저온창고,1
04000,제2종근린생활시설,과자제조공장,1
03000,제1종근린생활시설,부곡파출소,1
14000,업무시설,고속도로관리사무소,1
Z8000,교육연구및복지시설,육아시설강당,1
17000,공장,100b,1
04000,제2종근린생활시설,영업용및제2종근생,1
06000,종교시설,채화정,1
04000,제2종근린생활시설,교회및사택,1
,,플라스틱,1
13000,운동시설,야구장본부석,1
04000,제2종근린생활시설,엘피지보관저장소,1
04000,제2종근린생활시설,단독주택및근생,1
03000,제1종근린생활시설,옥내,1
03000,제1종근린생활시설,다목적시설,1
20000,자동차관련시설,편의시설,1
04000,제2종근린생활시설,조작실,1
06000,종교시설,요사체2,1
04000,제2종근린생활시설,농가창고및제2종근린생활시설,1
04000,제2종근린생활시설,운동시설및레저판매시설,1
04000,제2종근린생활시설,전분건조장,1
03000,제1종근린생활시설,농수산물효소제조시설,1
15000,숙박시설,근린생활및숙박시,1
01000,단독주택,피부관리실,1
01000,단독주택,3가구용임,1
18000,창고시설,조각및미술작업장,1
17000,공장,당밀집수조,1
05000,문화및집회시설,소극장,1
17000,공장,제조및실험실,1
11000,노유자시설,제1종2종근린생활시설,1
14000,업무시설,사육실,1
04000,제2종근린생활시설,건과류제조,1
21000,동물및식물관련시설,분만동,1
04000,제2종근린생활시설,물품보관,1
18000,창고시설,제설창고동,1
01000,단독주택,지1층,1
14000,업무시설,광산사무실,1
10000,교육연구시설,토양시료,1
04000,제2종근린생활시설,소매점및단란주점,1
04000,제2종근린생활시설,노인복지,1
23000,교정및군사시설,7대형,1
18000,창고시설,표고버섯,1
17000,공장,판넬륨,1
03000,제1종근린생활시설,온천4리마을회,1
07000,판매시설,판매시설기계,1
19000,위험물저장및처리시설,1고로,1
11000,노유자시설,노인정및관리사무소,1
10000,교육연구시설,실내놀이터,1
17000,공장,ssbr촉매저장실,1
03000,제1종근린생활시설,상수도수원지염소투입실,1
03000,제1종근린생활시설,염소주입동,1
22000,분뇨.쓰레기처리시설,위생사업소,1
01000,단독주택,변소겸물치,1
13000,운동시설,위험물저장및처리시설,1
12000,수련시설,주민편의시설,1
11000,노유자시설,평택시청직장어린이집,1
03000,제1종근린생활시설,공설시장,1
Z3000,근린생활시설,어구점,1
19000,위험물저장및처리시설,및근린생활시설,1
,,물품하역장,1
03000,제1종근린생활시설,점포및사무실및근린생활시설,1
16000,위락시설,제1종제2종,1
18000,창고시설,갱의실,1
18000,창고시설,연구동,1
18000,창고시설,도매시장,1
03000,제1종근린생활시설,관리사및창고,1
03000,제1종근린생활시설,오천2배수장,1
14000,업무시설,세면장,1
03000,제1종근린생활시설,도로관리영업소,1
03000,제1종근린생활시설,활성탄투입실,1
03000,제1종근린생활시설,무인송신사무소,1
04000,제2종근린생활시설,복합유통게임제공업의,1
02000,공동주택,운동실,1
05000,문화및집회시설,상점,1
21000,동물및식물관련시설,화초및분재온실,1
03000,제1종근린생활시설,기동대,1
03000,제1종근린생활시설,수양회관,1
03000,제1종근린생활시설,사무실숙소,1
03000,제1종근린생활시설,어업용시설,1
03000,제1종근린생활시설,근린생활시설및당구장,1
11000,노유자시설,재가노인지원센터,1
03000,제1종근린생활시설,광원용목욕탕,1
11000,노유자시설,급식주방,1
03000,제1종근린생활시설,미용원외1,1
06000,종교시설,만불전,1
09000,의료시설,재활용,1
03000,제1종근린생활시설,주택농업생산시설,1
04000,제2종근린생활시설,농축산물가공업,1
03000,제1종근린생활시설,무선전산국기계실,1
03000,제1종근린생활시설,쉼터2,1
03000,제1종근린생활시설,녹항회관,1
18000,창고시설,재생용품저장,1
03000,제1종근린생활시설,효심정,1
03000,제1종근린생활시설,주차사무실,1
03000,제1종근린생활시설,종로5가파출소,1
03000,제1종근린생활시설,주민자치센타,1
03000,제1종근린생활시설,춘암보건진료소,1
03000,제1종근린생활시설,호문양수장,1
19000,위험물저장및처리시설,화약류등,1
03000,제1종근린생활시설,암반관정,1
17000,공장,육교,1
11000,노유자시설,공원관리사무실및노인정,1
02000,공동주택,스쿨버스존1,1
11000,노유자시설,마을회관및창고,1
03000,제1종근린생활시설,생활문화회관,1
03000,제1종근린생활시설,농공단지폐수처리시설,1
03000,제1종근린생활시설,정문,1
10000,교육연구시설,제조장,1
13000,운동시설,잔디축구장,1
18000,창고시설,가공shop,1
03000,제1종근린생활시설,자동계기,1
03000,제1종근린생활시설,의료시설외4,1
11000,노유자시설,관리노인정및보육원,1
20000,자동차관련시설,899,1
08000,운수시설,집진기기계실2,1
03000,제1종근린생활시설,판매창,1
21000,동물및식물관련시설,포도,1
03000,제1종근린생활시설,신원2리경노당,1
17000,공장,컴퓨터주변기기제조업,1
03000,제1종근린생활시설,동물위탁관리시설,1
03000,제1종근린생활시설,전경초소,1
21000,동물및식물관련시설,주택및근린생활시설및부속사,1
02000,공동주택,84,1
21000,동물및식물관련시설,농장실험실,1
03000,제1종근린생활시설,쉼터하우스,1
03000,제1종근린생활시설,근린생활시설외창고,1
03000,제1종근린생활시설,상가용지하주차장,1
04000,제2종근린생활시설,운동시설외,1
03000,제1종근린생활시설,연탄보관창고,1
03000,제1종근린생활시설,근린공공시실,1
26000,묘지관련시설,안내센터,1
,,아동관련시설,1
03000,제1종근린생활시설,공장및창고근린생활시설,1
03000,제1종근린생활시설,배수지출입계단실2,1
03000,제1종근린생활시설,소방교육장,1
01000,단독주택,학교장사택,1
02000,공동주택,원륨형,1
03000,제1종근린생활시설,중기창고,1
22000,분뇨.쓰레기처리시설,d형,1
03000,제1종근린생활시설,무인전화기계실,1
Z3000,근린생활시설,부속용도,1
03000,제1종근린생활시설,원막,1
04000,제2종근린생활시설,위락시설및근,1
11000,노유자시설,노유자시설외다수,1
11000,노유자시설,신덕노인정,1
01000,단독주택,미용학원,1
19000,위험물저장및처리시설,lpg용기저장실,1
03000,제1종근린생활시설,공동이발관,1
03000,제1종근린생활시설,샤워장화장실,1
10000,교육연구시설,포장,1
11000,노유자시설,제2종근린생활시설외1,1
02000,공동주택,무선네트워크지원실,1
06000,종교시설,장애인엘리베이터,1
03000,제1종근린생활시설,군재마을회관,1
14000,업무시설,무기탄약고,1
05000,문화및집회시설,업무및문화시설,1
03000,제1종근린생활시설,개수첨로,1
03000,제1종근린생활시설,묵은지제조업소,1
03000,제1종근린생활시설,건강관리소,1
01000,단독주택,14세대가구,1
03000,제1종근린생활시설,약산파출소,1
04000,제2종근린생활시설,임낭,1
03000,제1종근린생활시설,수산동새마을회관,1
17000,공장,수축열조펌프실,1
03000,제1종근린생활시설,규사적재장,1
03000,제1종근린생활시설,주민체육시설,1
02000,공동주택,대표자회의실,1
,,오리사육장,1
03000,제1종근린생활시설,사무실및상가,1
03000,제1종근린생활시설,종합분소,1
03000,제1종근린생활시설,전수관,1
03000,제1종근린생활시설,채육도장,1
11000,노유자시설,도서관동,1
11000,노유자시설,후생복지관동,1
02000,공동주택,제1종근린생횔시설,1
02000,공동주택,아파트정화조관리층,1
03000,제1종근린생활시설,근린공공고시설,1
05000,문화및집회시설,종합홍보관,1
17000,공장,목재적치장,1
10000,교육연구시설,고압실험실,1
12000,수련시설,생활관2,1
03000,제1종근린생활시설,사무소및단독주택,1
03000,제1종근린생활시설,간강원,1
17000,공장,teal보관창고,1
01000,단독주택,95정주권,1
04000,제2종근린생활시설,축사용,1
19000,위험물저장및처리시설,콤푸레샤기계실,1
01000,단독주택,자동차관련시설및단독,1
15000,숙박시설,외부휴게소,1
17000,공장,가공공작기계제조,1
04020,노래연습장,일용품소매점,1
04020,노래연습장,주택,1
04000,제2종근린생활시설,화장실및욕실,1
Z6000,판매및영업시설,판매시장,1
18000,창고시설,인쇄점,1
Z6000,판매및영업시설,변전소,1
,,시멘트블럭조,1
17000,공장,가지말랭이,1
17000,공장,제4호,1
20000,자동차관련시설,건설기계정비업,1
02000,공동주택,영어체험실,1
17000,공장,환경설비,1
09000,의료시설,노숙인요양원,1
07000,판매시설,육교,1
19000,위험물저장및처리시설,액화석유가스보관창고,1
19000,위험물저장및처리시설,3열연공장,1
,,건조발효장,1
,,동물관련사,1
16000,위락시설,교회,1
13000,운동시설,소토사,1
15000,숙박시설,여관65실,1
17000,공장,06냉동기실,1
03000,제1종근린생활시설,2종근생외,1
15000,숙박시설,근린생활외,1
15000,숙박시설,4건,1
17000,공장,lpg탱크실,1
03000,제1종근린생활시설,마을공회당및,1
13000,운동시설,연면적제외,1
03000,제1종근린생활시설,청과물,1
03000,제1종근린생활시설,대중목욕탕및주택,1
20000,자동차관련시설,장의차,1
02000,공동주택,일반목재가구,1
10000,교육연구시설,공학부차고,1
19000,위험물저장및처리시설,위혐물저장및처리시설,1
02000,공동주택,생활주택29세대,1
14000,업무시설,128,1
02000,공동주택,1호실,1
,,샤워실기도실,1
19000,위험물저장및처리시설,계량기,1
18000,창고시설,모정,1
17000,공장,작업장연결통로,1
19000,위험물저장및처리시설,세차기하우징,1
18000,창고시설,산소저장소,1
04000,제2종근린생활시설,요리,1
27000,관광휴게시설,건축물,1
07000,판매시설,농산물전시및판매,1
,,불광터널배수지가압장,1
18000,창고시설,집하장및예냉실,1
10000,교육연구시설,농업기계실습실,1
10000,교육연구시설,원예실험실습실,1
19000,위험물저장및처리시설,축분장,1
07000,판매시설,농산물구판장,1
02000,공동주택,134호,1
07000,판매시설,농산물상설판매장,1
21000,동물및식물관련시설,송아지실,1
19000,위험물저장및처리시설,수처리실,1
,,고가수조,1
04000,제2종근린생활시설,가죽갑피신발,1
21000,동물및식물관련시설,작물재배시험,1
09000,의료시설,쓰레기집하장,1
,,축사관리사,1
20000,자동차관련시설,대형세차장,1
17000,공장,소파공장,1
06000,종교시설,생태교육장,1
Z5000,문화및집회시설,구내매점,1
22000,분뇨.쓰레기처리시설,축산폐수시설물,1
17000,공장,gas실,1
22000,분뇨.쓰레기처리시설,약품공급동,1
04000,제2종근린생활시설,공장실,1
17000,공장,30번동,1
05000,문화및집회시설,관리실등,1
30000,자원순환관련시설,문서고,1
21000,동물및식물관련시설,장비고,1
03000,제1종근린생활시설,복지센타,1
07000,판매시설,동,1
20000,자동차관련시설,1호정비고,1
01000,단독주택,21실,1
02000,공동주택,병동,1
04000,제2종근린생활시설,벽돌,1
03000,제1종근린생활시설,석재,1
22000,분뇨.쓰레기처리시설,폐수처리조정실,1
20000,자동차관련시설,자동차엉엽소,1
22000,분뇨.쓰레기처리시설,공공오수처리시설,1
29000,장례시설,정압기실,1
02000,공동주택,총9세대,1
20000,자동차관련시설,기사대기소,1
17000,공장,보일러실및대피소,1
17000,공장,스마트시티관련업무시설,1
20000,자동차관련시설,타이어수리소,1
17000,공장,온조변전소,1
04000,제2종근린생활시설,노래방및,1
15000,숙박시설,일반여관,1
21000,동물및식물관련시설,냉각,1
02000,공동주택,2319동하부,1
25000,발전시설,유연탄,1
03000,제1종근린생활시설,기타복리시설,1
Z8000,교육연구및복지시설,종합병원및근린생활시설,1
01000,단독주택,단독독,1
17000,공장,물탱크및계단,1
03000,제1종근린생활시설,무인전화국외,1
03000,제1종근린생활시설,즉석식품제조업소,1
22000,분뇨.쓰레기처리시설,쓰레기중간집하장,1
27000,관광휴게시설,전기자동차충전소,1
17000,공장,건구,1
Z3000,근린생활시설,및화장실,1
04000,제2종근린생활시설,검역소,1
17000,공장,주택자재,1
28000,가설건축물,주출입구,1
15000,숙박시설,실내수영장,1
21000,동물및식물관련시설,동물관및식물관련시설,1
24000,방송통신시설,소매점,1
14000,업무시설,판매시설외,1
20000,자동차관련시설,지하차고,1
14000,업무시설,산불대응센터,1
04000,제2종근린생활시설,단독주택주택,1
,,철공소,1
27000,관광휴게시설,관광상업시설,1
17000,공장,건조및저장시설,1
01000,단독주택,방범,1
21000,동물및식물관련시설,정액체취실,1
17000,공장,산업용가공기계제조업,1
17000,공장,d동반응방출압축기동,1
14000,업무시설,일반숙박시설,1
03000,제1종근린생활시설,유제품도,1
04000,제2종근린생활시설,양화점,1
05000,문화및집회시설,체험관1,1
05000,문화및집회시설,판매소,1
18000,창고시설,film,1
05000,문화및집회시설,체험시설,1
17000,공장,폐박스,1
17000,공장,폐비닐,1
20000,자동차관련시설,연면적제외,1
19000,위험물저장및처리시설,위험물저장ㆍ처리,1
05000,문화및집회시설,본부석,1
21000,동물및식물관련시설,사육동,1
17000,공장,약품저장고,1
04000,제2종근린생활시설,부녀회자치회사무실,1
05000,문화및집회시설,식물전시관,1
18000,창고시설,건조및도정,1
04000,제2종근린생활시설,재활용품보관시설,1
02000,공동주택,육아사랑방1,1
03000,제1종근린생활시설,제조업공장,1
03000,제1종근린생활시설,기기,1
14000,업무시설,칠반숙박시설,1
05000,문화및집회시설,헛간채,1
03000,제1종근린생활시설,서무실,1
03000,제1종근린생활시설,사업실,1
05000,문화및집회시설,오정각,1
05000,문화및집회시설,음식점사랑채,1
14000,업무시설,대기숙소,1
17000,공장,주경비동,1
17000,공장,농기구작업장,1
04000,제2종근린생활시설,목욕탕보이라,1
04000,제2종근린생활시설,공동탕,1
18000,창고시설,위험물저장및처리서설,1
17000,공장,감가공공장,1
17000,공장,타이어,1
05000,문화및집회시설,전시실외2,1
Z9000,공공용시설,운전보안시설,1
05000,문화및집회시설,열대조류관,1
10000,교육연구시설,14동,1
02000,공동주택,297,1
01000,단독주택,간이양수장,1
05000,문화및집회시설,탁구장,1
03000,제1종근린생활시설,공동급식소,1
02000,공동주택,리빙랩,1
02000,공동주택,다세대8가구,1
05000,문화및집회시설,예식장및여관,1
03000,제1종근린생활시설,지곡2리,1
05000,문화및집회시설,합숙소,1
21000,동물및식물관련시설,육성장,1
01000,단독주택,정부지원주택,1
17000,공장,달리분류되지않은육지동물고기가공저장업,1
04000,제2종근린생활시설,위험물취급소및,1
08000,운수시설,운수시설외,1
03000,제1종근린생활시설,약품투입및,1
02000,공동주택,건강관리실,1
01000,단독주택,영업시설,1
01000,단독주택,농가주택지원대상자,1
18000,창고시설,창고및직원숙소,1
26000,묘지관련시설,동측회랑,1
26000,묘지관련시설,조경묘동제,1
01000,단독주택,숙박시설및다가구주택,1
27000,관광휴게시설,장터동,1
01000,단독주택,부속차고지,1
04000,제2종근린생활시설,노유,1
17000,공장,유화장,1
18000,창고시설,창고및2종근린생활시설,1
21000,동물및식물관련시설,느타리버섯,1
18000,창고시설,근생및창고,1
21000,동물및식물관련시설,저장액비화시설,1
02000,공동주택,공동부택,1
23000,교정및군사시설,검문소,1
17000,공장,습성가스콤프레샤셀타,1
17000,공장,주택부속사,1
04000,제2종근린생활시설,주차관리창고,1
14000,업무시설,기업관련시설,1
17000,공장,제3연결건물,1
15000,숙박시설,제2종근린생활활시설,1
08000,운수시설,장비점검수리장,1
17000,공장,냉동기셀타,1
17000,공장,점검소,1
02000,공동주택,124세대,1
17000,공장,제빵제조,1
17000,공장,초산처리장,1
02000,공동주택,11동지하주차장,1
17000,공장,사료저장시설및공장,1
17000,공장,옥외저수조,1
17000,공장,수산물제조처리장,1
17000,공장,기계관리실,1
17000,공장,부품도장공장,1
17000,공장,열매가열로,1
17000,공장,구동창고,1
17000,공장,공장외1건,1
17000,공장,위헙물저장창고,1
17000,공장,구조형금속판제조,1
17000,공장,에너지동,1
02000,공동주택,부속관리시설등,1
10000,교육연구시설,의수족부,1
17000,공장,기숙사및식장,1
Z3000,근린생활시설,지층,1
17000,공장,보일러실및물처리실,1
17000,공장,제품포장공장,1
03000,제1종근린생활시설,중계펌프실,1
11000,노유자시설,재가시설,1
17000,공장,분철처리장,1
17000,공장,흡연실동4,1
17000,공장,홈프로터,1
17000,공장,기계실및정화조,1
17000,공장,금속파스너및나사제품제조업,1
17000,공장,완제의약품생산공장,1
04000,제2종근린생활시설,일반음식점및부동산중개사무소,1
17000,공장,야외흡연장,1
17000,공장,재활용보관실,1
14000,업무시설,시청각교실,1
17000,공장,에어리프트루스브루워실,1
04000,제2종근린생활시설,창고및재배사,1
04000,제2종근린생활시설,소매점7,1
04000,제2종근린생활시설,자동차겸수리점,1
17000,공장,3창고파우다실,1
17000,공장,제품과근무자대기실,1
17000,공장,크링카상차장,1
17000,공장,공장용목욕탕,1
17000,공장,킬론대,1
17000,공장,촉매회수장치실,1
17000,공장,지하대피실,1
08000,운수시설,주공장,1
10000,교육연구시설,완도대성,1
17000,공장,과장공장,1
20000,자동차관련시설,자동차정비학원,1
17000,공장,유틸리티변전실,1
25000,발전시설,over,1
02000,공동주택,104대,1
17000,공장,원료분쇄실원료공급설비,1
10000,교육연구시설,도자기연구실,1
01000,단독주택,라형새마을주택,1
17000,공장,메인경비동,1
17000,공장,수소가스저장실,1
05000,문화및집회시설,경기전동제,1
14000,업무시설,오피스탤,1
02000,공동주택,10세대용,1
17000,공장,중앙변전실,1
Z9000,공공용시설,유류보조탱크실,1
14000,업무시설,보급창고,1
17000,공장,부속복지관,1
17000,공장,후문계근실,1
21000,동물및식물관련시설,농업생산수단,1
17000,공장,도정기계조립공장,1
25000,발전시설,질소발생기동,1
17000,공장,폐지보관소,1
21000,동물및식물관련시설,퇴시사,1
17000,공장,수산물가공업및처리업,1
17000,공장,특고압변전실동,1
03000,제1종근린생활시설,건축자자소매점,1
27000,관광휴게시설,괴물의집,1
18000,창고시설,마늘탈피,1
02000,공동주택,108동지하1층,1
17000,공장,시험용타워,1
17000,공장,소방저수조데크,1
24000,방송통신시설,전기공급시설,1
05000,문화및집회시설,송강사,1
01000,단독주택,농가융자주택,1
03000,제1종근린생활시설,소제1종근린생활시설,1
17000,공장,스프레이타워실,1
10000,교육연구시설,1구간,1
11000,노유자시설,장애자자립작업장및기숙사,1
17000,공장,병입공장,1
17000,공장,팬트하우스,1
02000,공동주택,352대형,1
31000,야영장시설,초식동물사육장,1
01000,단독주택,근린생황시설및,1
07000,판매시설,기록소,1
05000,문화및집회시설,10m,1
17000,공장,도료혼합설비,1
01000,단독주택,및단독주택7가구용,1
03000,제1종근린생활시설,으원,1
17000,공장,보전창고shop,1
17000,공장,deck,1
17000,공장,acu,1
04000,제2종근린생활시설,봉재실습실,1
17000,공장,화학약품,1
05000,문화및집회시설,경릉,1
30000,자원순환관련시설,부속사무실,1
17000,공장,4기,1
12000,수련시설,급수대,1
17000,공장,의약품제조업,1
17000,공장,short장,1
02000,공동주택,교직원숙소,1
17000,공장,공동창고,1
21000,동물및식물관련시설,공장관리사,1
22000,분뇨.쓰레기처리시설,부속건축물,1
17000,공장,일반약품창고,1
01000,단독주택,충열사,1
04000,제2종근린생활시설,썰매창고,1
06000,종교시설,이슬람사원,1
01000,단독주택,우사및퇴비사,1
Z7001,축사,창고,1
01000,단독주택,식품시설,1
03000,제1종근린생활시설,의료기구제조,1
04000,제2종근린생활시설,철물관련제조,1
03000,제1종근린생활시설,부종산중개업소,1
20000,자동차관련시설,주차동,1
14000,업무시설,일반음식점및사무실,1
19000,위험물저장및처리시설,기계실및집수조,1
18000,창고시설,일주문,1
01000,단독주택,차고및경비실,1
01000,단독주택,단독및근생,1
01000,단독주택,위험물저장및처리시설및단독주택,1
04000,제2종근린생활시설,인공폭포,1
18000,창고시설,부속사및화장실,1
01000,단독주택,주텍및점포,1
18000,창고시설,농산물저장창고하차장,1
21000,동물및식물관련시설,우사싸이로,1
18000,창고시설,재활용품폐품창고,1
21000,동물및식물관련시설,버섯배양실,1
10000,교육연구시설,제3공학관,1
01000,단독주택,다세대주태,1
17000,공장,compresscr,1
20000,자동차관련시설,자동차정비공업사,1
17000,공장,기타운동시설,1
,,농기구보관창고,1
18000,창고시설,다시마종합처리장,1
01000,단독주택,가옥농가주택,1
21000,동물및식물관련시설,축사퇴비저장소,1
01000,단독주택,불량주택개량,1
18000,창고시설,선별장및저온창고,1
01000,단독주택,농어거주택,1
07000,판매시설,주민운동시설,1
18000,창고시설,식물관련시설및창고시설,1
23000,교정및군사시설,차량,1
18000,창고시설,및제1종근린생활시설,1
21000,동물및식물관련시설,귀뚜라미사육,1
03000,제1종근린생활시설,산소충전실,1
Z9000,공공용시설,농기계공동,1
18000,창고시설,창공시설,1
18000,창고시설,농업용양곡저온창고,1
01000,단독주택,경비원처소,1
21000,동물및식물관련시설,수산물종묘배양장,1
18000,창고시설,수산어구보관창고,1
04000,제2종근린생활시설,접포,1
05000,문화및집회시설,불일서적,1
01000,단독주택,제실및주택,1
21000,동물및식물관련시설,양식장창고,1
18000,창고시설,복지회관,1
18000,창고시설,슬러지창고,1
18000,창고시설,마을공동창고시설,1
21000,동물및식물관련시설,애누애공동잠실,1
03000,제1종근린생활시설,계단실및변소,1
19000,위험물저장및처리시설,티고압가스창고,1
21000,동물및식물관련시설,가축용계사,1
18000,창고시설,남하,1
04000,제2종근린생활시설,저온,1
03000,제1종근린생활시설,군포소방서,1
18000,창고시설,배저창고,1
18000,창고시설,농산물창고및주택,1
01000,단독주택,부속용창고,1
21000,동물및식물관련시설,탈수기실,1
19000,위험물저장및처리시설,오폐수,1
18000,창고시설,농업기계공동보관창고,1
21000,동물및식물관련시설,잠종실,1
18000,창고시설,농산물자재창고,1
05000,문화및집회시설,생태체험관,1
21000,동물및식물관련시설,청고시설,1
18000,창고시설,물통,1
01000,단독주택,수영장정화조설비,1
,,교리실,1
21000,동물및식물관련시설,축사폐수시설물,1
21000,동물및식물관련시설,가축사료보관창고,1
18000,창고시설,농산물저온저창고,1
17000,공장,흡연동,1
17000,공장,offsite변전실,1
04000,제2종근린생활시설,2종유류취급소,1
13000,운동시설,교육연구및시설,1
04000,제2종근린생활시설,도자기제조,1
04000,제2종근린생활시설,2죵근린생활시설,1
17000,공장,공침동,1
17000,공장,운동장본부석캐노피,1
03000,제1종근린생활시설,실내골프연습장,1
04000,제2종근린생활시설,곤충사육시설,1
12000,수련시설,예배실,1
11000,노유자시설,미용실,1
,,주택자재,1
03000,제1종근린생활시설,감귤선과장,1
18000,창고시설,보관창고및,1
01000,단독주택,제2종근린생활시설생,1
25000,발전시설,적환장,1
21000,동물및식물관련시설,활어저장창고,1
01000,단독주택,다가구용4세대,1
02000,공동주택,제1종다세대주택,1
23000,교정및군사시설,폐,1
02000,공동주택,직원휴게시설,1
02000,공동주택,103,1
02000,공동주택,2313동하부,1
11000,노유자시설,부속1동,1
10000,교육연구시설,외삼문,1
17000,공장,lpg실,1
21000,동물및식물관련시설,방풍실,1
18000,창고시설,용액공장,1
21000,동물및식물관련시설,재배사및,1
30000,자원순환관련시설,저장고,1
03000,제1종근린생활시설,1차농특산물가공시설,1
Z8000,교육연구및복지시설,건물간통로지붕,1
15000,숙박시설,50실,1
17000,공장,팬실,1
03000,제1종근린생활시설,편의방,1
,,광원목욕탕,1
01000,단독주택,제변소,1
05000,문화및집회시설,노래연습장,1
30000,자원순환관련시설,건설폐기물중간처리시설,1
20000,자동차관련시설,숙소및,1
14000,업무시설,360호,1
02000,공동주택,도시형생활주택20세대,1
17000,공장,공해일반공장,1
17000,공장,판지상자제조업체,1
04000,제2종근린생활시설,스레기처리시설,1
15000,숙박시설,제종근린생활시설,1
17000,공장,콤프레샤창고,1
04000,제2종근린생활시설,염소,1
18000,창고시설,저정,1
04000,제2종근린생활시설,구조금속제품제조,1
17000,공장,폐지압축장,1
17000,공장,남화장실,1
07000,판매시설,검수장,1
02000,공동주택,재활용보관서,1
17000,공장,보관및운반장,1
04000,제2종근린생활시설,예능학원,1
17000,공장,석재수가공공장,1
10000,교육연구시설,농기구격납고,1
17000,공장,연수설비,1
17000,공장,저온창고및사무실,1
17000,공장,피레워터펌프하우스,1
17000,공장,cleaning,1
06000,종교시설,엠마오의집,1
04000,제2종근린생활시설,단주택,1
01000,단독주택,일반사무실,1
Z3000,근린생활시설,마늘건조장,1
17000,공장,500,1
17000,공장,창고및관리사,1
17000,공장,제조공장시설,1
27000,관광휴게시설,p룸,1
01000,단독주택,지층대피소,1
17000,공장,금속가구제조공장,1
17000,공장,정방,1
03000,제1종근린생활시설,보관,1
13000,운동시설,농대테니스장,1
17000,공장,완제품출하장,1
17000,공장,약액창고,1
17000,공장,달리분류되지않는곡물가공업,1
17000,공장,평가건건조장,1
17000,공장,건조제품제조공장,1
03000,제1종근린생활시설,용지공원내,1
17000,공장,농산물하역장,1
17000,공장,농축공장,1
17000,공장,압축반,1
17000,공장,정수기실,1
04000,제2종근린생활시설,천막,1
02000,공동주택,패널실,1
17000,공장,펌프실및보일러실,1
17000,공장,서류보관창고,1
17000,공장,업무지원,1
17000,공장,젓갈가공공장,1
17000,공장,촉진제저장소,1
18000,창고시설,공장부속사,1
02000,공동주택,72대,1
17000,공장,제품분리기판넬실,1
17000,공장,모레포집장,1
03000,제1종근린생활시설,소규모공장,1
17000,공장,광석물처리장,1
17000,공장,금속장치물제조공장,1
03000,제1종근린생활시설,장신의용소방대,1
17000,공장,회의장,1
17000,공장,자수업공장,1
01000,단독주택,이용업소,1
18000,창고시설,방앗간인부방,1
03000,제1종근린생활시설,식기세척,1
17000,공장,원료공정,1
03000,제1종근린생활시설,ess실,1
21000,동물및식물관련시설,식물관련시설및분뇨쓰레기처리시설,1
01000,단독주택,창고및현관,1
17000,공장,촉매및약품공정실,1
17000,공장,부품보관창고,1
30000,자원순환관련시설,2동,1
17000,공장,공정오니,1
24000,방송통신시설,이동전화무인통신기지국,1
17000,공장,슬래그건조실,1
01000,단독주택,제2근생,1
17000,공장,폐수처리공정동,1
19000,위험물저장및처리시설,주유업사무실,1
19000,위험물저장및처리시설,옥외,1
17000,공장,쐐빙탑,1
09000,의료시설,보일러실및전기실,1
17000,공장,약수탱크공장,1
20000,자동차관련시설,관광호텔,1
17000,공장,펌프공장,1
17000,공장,개선반작업장,1
17000,공장,쓰레기보관,1
17000,공장,직원편의동,1
17000,공장,공공건물,1
17000,공장,제품상하차주차장,1
11000,노유자시설,장애인요양시설,1
04000,제2종근린생활시설,수학,1
05000,문화및집회시설,t식물원,1
18000,창고시설,톱밥발효장,1
02000,공동주택,체력단력장,1
02000,공동주택,300,1
17000,공장,약품탱크실,1
17000,공장,경비초소2,1
17000,공장,소화용저수조,1
17000,공장,부원료실,1
17000,공장,워험물저장창고,1
17000,공장,창고및도정공장,1
04000,제2종근린생활시설,교양교육시설,1
17000,공장,외부계단실,1
17000,공장,콤푸레샤실6,1
17000,공장,301외곽창고,1
17000,공장,오존발생기실,1
17000,공장,방사선동이원소저장소,1
17000,공장,영업소공장,1
17000,공장,매생이제조,1
17000,공장,홍삼제조시설,1
17000,공장,프탈산,1
17000,공장,도라지가공공장,1
18000,창고시설,w5,1
,,242,1
17000,공장,절임배추가공공장,1
17000,공장,기계보관창고,1
17000,공장,정문보안실,1
17000,공장,타이어코드공장,1
17000,공장,부속주차장,1
17000,공장,여공탈의실,1
17000,공장,제2실험동,1
17000,공장,지하저수조출입구,1
17000,공장,안전장구보관실,1
01000,단독주택,93농촌주택개량대상,1
01000,단독주택,부사,1
17000,공장,용역원실,1
02000,공동주택,장애인전용,1
17000,공장,방청실험실,1
17000,공장,보안초소,1
17000,공장,차단실,1
17000,공장,식당및보일러실,1
01000,단독주택,양잠실,1
17000,공장,기사실,1
18000,창고시설,조경시설물,1
03000,제1종근린생활시설,공용청사,1
20000,자동차관련시설,압축동,1
17000,공장,농산물포장공장,1
06000,종교시설,대불요사체,1
17000,공장,콘크리트타일기와벽돌및블럭제조업,1
17000,공장,차마무리공장화장실,1
17000,공장,면회실등,1
13000,운동시설,낚시터,1
17000,공장,폐사모집장,1
,,위험물처리및,1
01000,단독주택,다가구독주택,1
19000,위험물저장및처리시설,g판매소,1
17000,공장,트럭도장공장,1
17000,공장,에이취아이공장,1
17000,공장,혼화제실,1
17000,공장,프레스동,1
17000,공장,창고시설및공장,1
18000,창고시설,위판용수산물보관창고,1
17000,공장,담수어가공공장,1
04000,제2종근린생활시설,임시법당,1
19000,위험물저장및처리시설,내,1
03000,제1종근린생활시설,복덕방,1
03000,제1종근린생활시설,수산물건조창고,1
17000,공장,엔지기어공장,1
17000,공장,조경관리소,1
17000,공장,협력업체사무동,1
17000,공장,양화공장창고,1
04000,제2종근린생활시설,체육장,1
17000,공장,꼬막가공공장,1
17000,공장,첨가제주입실,1
17000,공장,장비공장,1
04000,제2종근린생활시설,근린생황,1
17000,공장,전기인입판넬쉘터,1
17000,공장,밧데리충전실,1
17000,공장,위험물저정창고,1
02000,공동주택,관리준비실,1
02000,공동주택,255,1
17000,공장,에틸실,1
17000,공장,수산물냉동공장,1
17000,공장,사과식초공장,1
17000,공장,농기계세차장,1
17000,공장,3가외인사텍,1
03000,제1종근린생활시설,40,1
17000,공장,밸브조작실,1
01001,단독주택,2종근린생활시설,1
17000,공장,복합공장,1
17000,공장,시멘트원료저장출하시설,1
17000,공장,탈질설비실,1
17000,공장,제2경비실,1
17000,공장,데드너,1
17000,공장,창고및공장및수위실,1
17000,공장,세창공장,1
04000,제2종근린생활시설,종루각,1
03000,제1종근린생활시설,접촉조,1
05000,문화및집회시설,판액각,1
17000,공장,작업장및변소,1
17000,공장,제2종근린생활시설및주택,1
17000,공장,고상중합공장,1
04000,제2종근린생활시설,광제서원,1
17000,공장,공해측정기실,1
11000,노유자시설,연구소,1
10000,교육연구시설,자동차공학관,1
21000,동물및식물관련시설,싸일로,1
10000,교육연구시설,골프장관리실,1
17000,공장,1901a,1
14000,업무시설,대광역,1
16000,위락시설,놀이기구관리실,1
17000,공장,견직실,1
03000,제1종근린생활시설,동자치센타,1
17000,공장,절임식품제조업,1
05000,문화및집회시설,서제,1
21000,동물및식물관련시설,부화동,1
05000,문화및집회시설,제2아프리카관,1
05000,문화및집회시설,주출입구화장실동,1
09000,의료시설,창소,1
18000,창고시설,체육실,1
10000,교육연구시설,제1종및2종근린생활시설,1
05000,문화및집회시설,한식정자,1
04000,제2종근린생활시설,자동차터미널,1
02000,공동주택,지하철,1
07000,판매시설,공중화장실포함,1
,,전자관및,1
04000,제2종근린생활시설,지상1층,1
Z8000,교육연구및복지시설,전산실,1
11000,노유자시설,b,1
17000,공장,품위검사실,1
20000,자동차관련시설,및근린생활시설,1
Z8000,교육연구및복지시설,문서창고,1
17000,공장,4호c,1
10000,교육연구시설,중앙기계실,1
03000,제1종근린생활시설,의소대사무실,1
02000,공동주택,1005동1층피로티,1
02000,공동주택,주택19세대,1
14000,업무시설,중수조점검층,1
03000,제1종근린생활시설,입주자회의소,1
04000,제2종근린생활시설,6호,1
22000,분뇨.쓰레기처리시설,소규모,1
21000,동물및식물관련시설,부회장,1
17000,공장,휴게실식당,1
01000,단독주택,블럭제조공장,1
04000,제2종근린생활시설,유락,1
20000,자동차관련시설,전기차충전기보호덮개b,1
02000,공동주택,다세대18,1
17000,공장,lpg기계전기실,1
17000,공장,교환실,1
03000,제1종근린생활시설,농산물가공실,1
09000,의료시설,기존,1
14000,업무시설,테니스장라커룸,1
17000,공장,기타건축용품제조,1
22000,분뇨.쓰레기처리시설,관리본동,1
24000,방송통신시설,이동전화기재국,1
13000,운동시설,선수대기실6,1
Z5000,문화및집회시설,기계실,1
04000,제2종근린생활시설,주택및차고,1
03000,제1종근린생활시설,주요소,1
17000,공장,잎담배건조장,1
01000,단독주택,유아실,1
03000,제1종근린생활시설,파스너제조,1
13000,운동시설,화장실2,1
03000,제1종근린생활시설,산소통보관소,1
Z5000,문화및집회시설,노인복지시설,1
18000,창고시설,공연장,1
17000,공장,교육,1
10000,교육연구시설,축사b,1
17000,공장,50ton메인팬,1
19000,위험물저장및처리시설,equipment,1
Z5000,문화및집회시설,집회소,1
09000,의료시설,신경정신과,1
01000,단독주택,차고지주차장,1
08000,운수시설,물류창고,1
,,숙사,1
01000,단독주택,94정주권대상건축물,1
04000,제2종근린생활시설,덕트실,1
04000,제2종근린생활시설,사진관및주택,1
04000,제2종근린생활시설,노인정및독서실,1
06000,종교시설,세미나실,1
17000,공장,지대공장,1
04000,제2종근린생활시설,카서비스센타,1
03000,제1종근린생활시설,한국통신분기국사,1
04000,제2종근린생활시설,동물및식물관련시설외1용도,1
02000,공동주택,단독주택형,1
04000,제2종근린생활시설,농장관리사,1
04000,제2종근린생활시설,졔1종근린생활시설,1
02000,공동주택,무료급식센터,1
18000,창고시설,집판장,1
03000,제1종근린생활시설,리민회관,1
03000,제1종근린생활시설,공공집회시설,1
18000,창고시설,휴계실,1
17000,공장,가공지,1
07000,판매시설,일용품소매점,1
06000,종교시설,우상각,1
03000,제1종근린생활시설,근린생활시설및위험물판매취급소,1
03000,제1종근린생활시설,연동마을회관,1
03000,제1종근린생활시설,주택및상점,1
15000,숙박시설,성인오락실,1
11000,노유자시설,새마을협동복지관,1
05000,문화및집회시설,작품전시관,1
21000,동물및식물관련시설,사슴막,1
03000,제1종근린생활시설,임산물판매장,1
08000,운수시설,농어촌주택,1
06000,종교시설,사문,1
03000,제1종근린생활시설,통합막사,1
03000,제1종근린생활시설,식당및휴게실,1
14000,업무시설,위탁,1
01000,단독주택,농업용공동생활가정,1
17000,공장,수산식품가공및,1
01000,단독주택,94융자주택,1
03000,제1종근린생활시설,마을판매장,1
17000,공장,컴프레샤동,1
03000,제1종근린생활시설,방송송신시설,1
10000,교육연구시설,학생테니스장,1
03000,제1종근린생활시설,제1종근린생활싯러,1
10000,교육연구시설,기계실및세탁실,1
03000,제1종근린생활시설,블럭,1
17000,공장,흡연부스ca,1
18000,창고시설,농산물벼보관창고,1
03000,제1종근린생활시설,배출수지동,1
03000,제1종근린생활시설,1종근린생활시설외2용도,1
03000,제1종근린생활시설,정유소및근린생활시설,1
18000,창고시설,농산물정보관소,1
03000,제1종근린생활시설,사무소및소매점,1
03000,제1종근린생활시설,이동,1
03000,제1종근린생활시설,근린공공지역,1
17000,공장,vru변전실,1
02000,공동주택,관리보육시설,1
03000,제1종근린생활시설,판매및의료시설,1
03000,제1종근린생활시설,상가및사무실,1
04000,제2종근린생활시설,제2종근린생활시설및다세대주택,1
21000,동물및식물관련시설,브럭,1
03000,제1종근린생활시설,수산물공동집하장,1
03000,제1종근린생활시설,단지내상가,1
04000,제2종근린생활시설,차고지부대시설,1
03000,제1종근린생활시설,제1종근린생활시러,1
26000,묘지관련시설,등,1
04000,제2종근린생활시설,음식점창고,1
03000,제1종근린생활시설,공기압축실,1
17000,공장,잡곡류,1
07000,판매시설,지하공공보도,1
03000,제1종근린생활시설,레이다호,1
03000,제1종근린생활시설,제2종근린생활시설및점포,1
03000,제1종근린생활시설,오존설비동,1
04000,제2종근린생활시설,농기구수리제작,1
12100,생활권수련시설,청소년수련마을,1
07000,판매시설,우사,1
17000,공장,1차구동부,1
02000,공동주택,문화프로그램실,1
17000,공장,sheet,1
14000,업무시설,방카,1
03000,제1종근린생활시설,간이상수도모터실,1
03000,제1종근린생활시설,상가및제2종근린생활시설,1
02000,공동주택,고흥시니어클럽,1
17000,공장,보조싸이로,1
01000,단독주택,리발,1
14000,업무시설,야외샤워장,1
04000,제2종근린생활시설,41실,1
04000,제2종근린생활시설,즉석식품제조판매업,1
05000,문화및집회시설,가마,1
05000,문화및집회시설,문화및집호시설,1
14000,업무시설,금고서고,1
Z3000,근린생활시설,방갈로,1
17000,공장,산화프로필렌,1
17000,공장,증류장치실,1
05000,문화및집회시설,기타전시,1
05000,문화및집회시설,충효전시관,1
05000,문화및집회시설,대청마루휴게관,1
02000,공동주택,커뮤티니라운지,1
13000,운동시설,암벽장,1
14000,업무시설,공공주택,1
26000,묘지관련시설,영릉수복방,1
Z5000,문화및집회시설,유아원,1
18000,창고시설,64,1
Z9000,공공용시설,화약저장고,1
04000,제2종근린생활시설,미술계,1
17000,공장,콥선별실,1
19000,위험물저장및처리시설,위험물저장및처리시설및,1
30000,자원순환관련시설,다목적,1
26000,묘지관련시설,묘지관리소,1
06000,종교시설,재실문간,1
05000,문화및집회시설,민속놀이마당,1
01000,단독주택,지하시,1
02000,공동주택,103세대,1
06000,종교시설,창고및,1
17000,공장,사진관,1
17000,공장,mcs창고,1
Z9000,공공용시설,공공용,1
04000,제2종근린생활시설,자동착관련시설,1
02000,공동주택,외3용도,1
Z3000,근린생활시설,의료,1
02000,공동주택,37세대,1
01000,단독주택,제2조근린생활시설,1
17000,공장,28995,1
17000,공장,용접동,1
05000,문화및집회시설,승공과학관,1
31000,야영장시설,관리실및화장실및샤워장,1
17000,공장,건포류가공공장,1
03000,제1종근린생활시설,v중계탑및기계실,1
10000,교육연구시설,학장공관,1
17000,공장,r504헤드타워,1
05000,문화및집회시설,예림제당,1
02000,공동주택,팜카페,1
01000,단독주택,기계실및,1
03000,제1종근린생활시설,노인정마을회관,1
,,식물및동물관련시설,1
02000,공동주택,총7세대,1
06000,종교시설,종당,1
04000,제2종근린생활시설,종친회사무실,1
04000,제2종근린생활시설,점포위험물저장소주택,1
04000,제2종근린생활시설,주택및사무실및근린생활시설,1
03000,제1종근린생활시설,양복점,1
04000,제2종근린생활시설,선박수리자재하적및야적장사무소,1
05000,문화및집회시설,극장휴계실,1
04000,제2종근린생활시설,즉석제조가공판매업,1
04000,제2종근린생활시설,골프연습장업,1
03000,제1종근린생활시설,농용자재창고,1
04000,제2종근린생활시설,발효퇴비제조시설,1
01000,단독주택,엄무시설,1
17000,공장,샤시하치장,1
04000,제2종근린생활시설,인터넷컴퓨터게임시설,1
04000,제2종근린생활시설,선면장,1
04000,제2종근린생활시설,제2종근린생화활시설,1
04000,제2종근린생활시설,공동식당,1
04000,제2종근린생활시설,매주제조장,1
04000,제2종근린생활시설,종합관리사무소,1
04000,제2종근린생활시설,현당정,1
30000,자원순환관련시설,house,1
04000,제2종근린생활시설,절임식품제조원,1
14000,업무시설,냉동창고,1
25000,발전시설,수페수처리동,1
04000,제2종근린생활시설,가설건축물,1
Z6000,판매및영업시설,차로,1
04000,제2종근린생활시설,안경제조,1
04000,제2종근린생활시설,전자부품조립공장,1
15000,숙박시설,143,1
04000,제2종근린생활시설,식품작업장,1
04000,제2종근린생활시설,농생,1
04000,제2종근린생활시설,부속보관소,1
04000,제2종근린생활시설,급유펌푸실,1
04000,제2종근린생활시설,광고탑,1
03000,제1종근린생활시설,근린생활시설제1종및,1
17000,공장,열교환기실,1
04000,제2종근린생활시설,특산물가공판매점,1
01000,단독주택,농산물찬고,1
01000,단독주택,변소물치장,1
01000,단독주택,직원숙사,1
14000,업무시설,냉동저장고,1
27000,관광휴게시설,세면실,1
01000,단독주택,근린새활시설및주택,1
01000,단독주택,건재상,1
03000,제1종근린생활시설,내동창고,1
20000,자동차관련시설,지하주차장e,1
02000,공동주택,room,1
01000,단독주택,점포외1용도,1
16000,위락시설,노래홀,1
14000,업무시설,양곡보관창고,1
04000,제2종근린생활시설,제조장및방아간,1
01000,단독주택,조리장,1
16000,위락시설,요트장기숙사,1
01000,단독주택,버섯장,1
10000,교육연구시설,제빵제과실습동,1
06000,종교시설,교회부속사,1
08000,운수시설,복리후생동,1
21000,동물및식물관련시설,우렁이양식장,1
16000,위락시설,약국,1
07000,판매시설,소매시장및사무실,1
18000,창고시설,경납고,1
02000,공동주택,지하주차장출입구,1
03000,제1종근린생활시설,관리시설외,1
01000,단독주택,노인공동새활가정시설,1
17000,공장,목제건구제조,1
10000,교육연구시설,스튜디오,1
04000,제2종근린생활시설,농가구,1
04000,제2종근린생활시설,도정공장및창고,1
17000,공장,소분업,1
17000,공장,rhdwkd,1
18000,창고시설,리사무실,1
04000,제2종근린생활시설,농산물공동판매장,1
05000,문화및집회시설,시민개방형문화공간,1
14000,업무시설,304동,1
11000,노유자시설,노인복지법에,1
02000,공동주택,그룹스터디,1
07000,판매시설,점포시장,1
01000,단독주택,잿간및헛간,1
30000,자원순환관련시설,스티로폼,1
,,미장원,1
27000,관광휴게시설,골프장연습관리소,1
27000,관광휴게시설,휴게소및식당,1
04000,제2종근린생활시설,양말편조제조업,1
03000,제1종근린생활시설,진행박스,1
05000,문화및집회시설,순릉비각,1
01000,단독주택,94농촌주거환경개선사업,1
15000,숙박시설,이,1
15000,숙박시설,미,1
17000,공장,전시및사무실,1
04000,제2종근린생활시설,매점및식당,1
21000,동물및식물관련시설,식물관련신설,1
03000,제1종근린생활시설,원북면소방대,1
10000,교육연구시설,예늠계학원,1
27000,관광휴게시설,정상휴게소,1
17000,공장,카본블랙저장탱크,1
21000,동물및식물관련시설,온수기실,1
27000,관광휴게시설,향토사료관,1
01000,단독주택,일반게임제공업,1
18000,창고시설,체험실습장,1
16000,위락시설,청고,1
27000,관광휴게시설,정릉정자각,1
21000,동물및식물관련시설,닭사육시설,1
17000,공장,설탕과자제조업,1
04000,제2종근린생활시설,및소매점,1
17000,공장,수질,1
04000,제2종근린생활시설,산신,1
10000,교육연구시설,악대실,1
10000,교육연구시설,보이러부속창고,1
27000,관광휴게시설,육모정,1
01000,단독주택,광및변소,1
04000,제2종근린생활시설,예능교습소,1
18000,창고시설,부동산중개업소,1
03000,제1종근린생활시설,소매접,1
21000,동물및식물관련시설,엽연초공동,1
10000,교육연구시설,다목적실1동,1
16000,위락시설,위락및,1
27000,관광휴게시설,농월정,1
14000,업무시설,315실,1
05000,문화및집회시설,경비실1,1
17000,공장,pilot설비,1
03000,제1종근린생활시설,주민공공시설,1
08000,운수시설,요금징수실,1
04000,제2종근린생활시설,피로연장,1
27000,관광휴게시설,관공휴계시설,1
29000,장례시설,냉동창고,1
17000,공장,공빠레트보관장,1
01000,단독주택,농업생산서설,1
19000,위험물저장및처리시설,사무소및세차장,1
02000,공동주택,공동준택,1
04000,제2종근린생활시설,케디숙소,1
04000,제2종근린생활시설,단지형,1
11000,노유자시설,제1근린생활시설,1
01000,단독주택,47,1
27000,관광휴게시설,기사샤워장,1
17000,공장,유조차출하동,1
17000,공장,rt실,1
03000,제1종근린생활시설,낙우회,1
04000,제2종근린생활시설,금융시설,1
10000,교육연구시설,강당및급식소,1
03000,제1종근린생활시설,편리복지시설,1
20000,자동차관련시설,관람집회,1
17000,공장,국수,1
17000,공장,g가스기계실,1
04000,제2종근린생활시설,위헝물저장,1
05000,문화및집회시설,화장실및취사장,1
01000,단독주택,양복,1
24000,방송통신시설,집회시설,1
27000,관광휴게시설,기념품판매점,1
04000,제2종근린생활시설,교회회관,1
03000,제1종근린생활시설,여성어업인회관,1
04000,제2종근린생활시설,부동산사무소,1
27000,관광휴게시설,난전시장및판매장,1
04000,제2종근린생활시설,국내산농수산물기공처리시설,1
17000,공장,생활,1
02000,공동주택,다세대주택14,1
17000,공장,겐트리,1
17000,공장,막걸리제조,1
10000,교육연구시설,주유소,1
01000,단독주택,2024년,1
Z5000,문화및집회시설,종교시설및,1
04000,제2종근린생활시설,t,1
04000,제2종근린생활시설,사령실,1
02000,공동주택,대피소6,1
14000,업무시설,하수처리장,1
04000,제2종근린생활시설,황학정,1
01000,단독주택,홀점포,1
17000,공장,기계공작실,1
14000,업무시설,양수시설,1
21000,동물및식물관련시설,기존주택,1
04000,제2종근린생활시설,저공해비누공장,1
14000,업무시설,자동차정비사업장,1
14000,업무시설,업무지원창고,1
14000,업무시설,일반업무실,1
03000,제1종근린생활시설,유기장및식품위생,1
17000,공장,기계실12,1
18000,창고시설,자재실및공작실,1
19000,위험물저장및처리시설,화학물주입실ct,1
03000,제1종근린생활시설,면오,1
02000,공동주택,v및계단실,1
02000,공동주택,취미및독서실,1
22000,분뇨.쓰레기처리시설,톱밥토양여과시설,1
17000,공장,공장분석실,1
02000,공동주택,주현연립주택a동3층건물,1
04000,제2종근린생활시설,달팽이제조장,1
13000,운동시설,주차장관리실,1
17000,공장,망간,1
18000,창고시설,농산물집하장및비료창고,1
21000,동물및식물관련시설,발효유사,1
17000,공장,친환경농산물보관,1
14000,업무시설,육아종합지원센터,1
02000,공동주택,의료시설및,1
01000,단독주택,점술원,1
11000,노유자시설,문고등,1
17000,공장,bpa공장,1
14000,업무시설,사무실외1용도,1
18000,창고시설,동물관리시설,1
14000,업무시설,실외기실,1
17000,공장,tbr몰드저장소,1
17000,공장,중수처리장,1
17000,공장,몰드변압기실,1
17000,공장,피피공장,1
21000,동물및식물관련시설,243,1
15000,숙박시설,레스토랑,1
14000,업무시설,화장실및샤워실,1
04000,제2종근린생활시설,섬유,1
03000,제1종근린생활시설,생및다가구용단독주택,1
17000,공장,촉매위험물저장소,1
17000,공장,전기수리실,1
04000,제2종근린생활시설,근생4,1
04000,제2종근린생활시설,달리분류되지않은전기기구제조업,1
17000,공장,원액동공장,1
10000,교육연구시설,연결통로2,1
17000,공장,폐기물집적장,1
17000,공장,팔각정자,1
17000,공장,tpv원료창고,1
10000,교육연구시설,식품제조업,1
17000,공장,오물처리장,1
17000,공장,피막공장,1
04000,제2종근린생활시설,하수처리장관리실,1
17000,공장,기숙사실,1
17000,공장,특수차공장,1
17000,공장,공장및저온저장고,1
17000,공장,고폭약,1
13000,운동시설,일반목욕탕,1
02000,공동주택,연립주택4세대,1
17000,공장,로딩쉘타동,1
17000,공장,rm,1
17000,공장,구내화장실,1
04000,제2종근린생활시설,제조업건조장,1
17000,공장,작업진행실,1
14000,업무시설,위험물판매소,1
17000,공장,제품포장소,1
17000,공장,완성차인수장,1
11000,노유자시설,사천면,1
17000,공장,보일러실및유류탱크실,1
04000,제2종근린생활시설,1차가공,1
17000,공장,양주장,1
19000,위험물저장및처리시설,부잔보관소,1
17000,공장,제면공장,1
14000,업무시설,업무시설제1종근린생활시설,1
17000,공장,제2차체공장,1
17000,공장,타이탄3,1
17000,공장,써스카표면처리장,1
17000,공장,제4차조쇄실,1
17000,공장,전기로10호,1
17000,공장,스판텍스공장,1
17000,공장,본드저장소,1
01000,단독주택,담배집,1
03000,제1종근린생활시설,마을공동공판장,1
04000,제2종근린생활시설,사무실및간이휴계소,1
05000,문화및집회시설,수변전실,1
03000,제1종근린생활시설,창고및보일러,1
21000,동물및식물관련시설,돈사및계사,1
24000,방송통신시설,간이,1
05000,문화및집회시설,협문9,1
14000,업무시설,59호,1
17000,공장,rk배가스전기실,1
30000,자원순환관련시설,분뇨및,1
01000,단독주택,민박및,1
05000,문화및집회시설,영상체험관,1
02000,공동주택,공공형실내놀이터,1
05000,문화및집회시설,법단,1
05000,문화및집회시설,전시시설9박물관,1
19000,위험물저장및처리시설,위험울제조소,1
19000,위험물저장및처리시설,canopy,1
05000,문화및집회시설,개수대,1
17000,공장,가류반진입통로,1
05000,문화및집회시설,체험전시관,1
05000,문화및집회시설,군사시설,1
21000,동물및식물관련시설,우차,1
17000,공장,blqwer,1
01000,단독주택,4층복층형1세대,1
05000,문화및집회시설,동익헌,1
17000,공장,광재보관장,1
17000,공장,유선통신장비제조,1
17000,공장,주방및식탁용품조업,1
11000,노유자시설,다문화복지,1
17000,공장,화학약품창고,1
01000,단독주택,43,1
05000,문화및집회시설,공회관,1
01000,단독주택,02,1
01000,단독주택,77년,1
05000,문화및집회시설,공동변소,1
02000,공동주택,하부,1
05000,문화및집회시설,초가체험동,1
04000,제2종근린생활시설,냉동,1
17000,공장,매트리스및냉장가구제조업,1
03000,제1종근린생활시설,근린생활시실,1
22000,분뇨.쓰레기처리시설,전철차량기지,1
04000,제2종근린생활시설,드로아,1
03000,제1종근린생활시설,우체국회의실관사,1
26000,묘지관련시설,에너지저장장치,1
03000,제1종근린생활시설,석동마을회관,1
23000,교정및군사시설,a군견막사,1
02000,공동주택,2320동하부,1
17000,공장,소방물탱크,1
04000,제2종근린생활시설,제작,1
01000,단독주택,주차박스,1
17000,공장,회전기계창고2,1
05000,문화및집회시설,민속전시관,1
03000,제1종근린생활시설,37,1
14000,업무시설,위락시설및업무시설,1
21000,동물및식물관련시설,및퇴비장,1
05000,문화및집회시설,대나무보관창고,1
01000,단독주택,사육장및창고,1
Z3000,근린생활시설,차고지,1
02000,공동주택,단지형주택,1
04000,제2종근린생활시설,올벼쌀가공,1
05000,문화및집회시설,위패봉안실,1
19000,위험물저장및처리시설,제2근린생활시설,1
05000,문화및집회시설,팔각당,1
10000,교육연구시설,mdf,1
03000,제1종근린생활시설,근린생활시설시설,1
01000,단독주택,지2종근린생활시설,1
17000,공장,2제강공장전기실,1
01000,단독주택,2종그린생활시설및다가구,1
01000,단독주택,우사및대문,1
10000,교육연구시설,i,1
10000,교육연구시설,c사무실,1
05000,문화및집회시설,전망누각,1
06000,종교시설,범음료,1
18000,창고시설,유기물퇴비용,1
17000,공장,건조실및모터실,1
08000,운수시설,금정역,1
03000,제1종근린생활시설,세관감시소,1
05000,문화및집회시설,기원,1
15000,숙박시설,주택및상가,1
19000,위험물저장및처리시설,기계실및창고,1
04000,제2종근린생활시설,예능기술계강습소,1
04000,제2종근린생활시설,장갑편조업,1
04000,제2종근린생활시설,자동차부품제조,1
04000,제2종근린생활시설,조형물제작,1
15000,숙박시설,여관시설,1
10000,교육연구시설,주차관제,1
17000,공장,q,1
21000,동물및식물관련시설,종균보관창고,1
12000,수련시설,동아리연습실,1
04000,제2종근린생활시설,농기구전시실,1
03000,제1종근린생활시설,대저2동6통마을회관,1
03000,제1종근린생활시설,관개시설,1
06000,종교시설,별모,1
09000,의료시설,교육연구시설외,1
23000,교정및군사시설,차양시설,1
04000,제2종근린생활시설,시멘트저장시설,1
03000,제1종근린생활시설,주단독택,1
03000,제1종근린생활시설,설비시설,1
17000,공장,5소화장비실,1
03000,제1종근린생활시설,화수회관,1
08000,운수시설,송유설비,1
11000,노유자시설,자활원,1
17000,공장,압연b공장,1
03000,제1종근린생활시설,퇴피노,1
17000,공장,피이운전원대기동,1
11000,노유자시설,마을공동회관및경로당,1
03000,제1종근린생활시설,광덕2리마을회관,1
17000,공장,양수펌프실,1
03000,제1종근린생활시설,금촌2리사무소,1
19000,위험물저장및처리시설,anayzer,1
03000,제1종근린생활시설,샤워탈의장,1
03000,제1종근린생활시설,태양광발전소기계실,1
17000,공장,가스실및화장실,1
04000,제2종근린생활시설,1종근린시설,1
03000,제1종근린생활시설,수산쎈타,1
03000,제1종근린생활시설,장전회관,1
03000,제1종근린생활시설,갑산2구회관,1
03000,제1종근린생활시설,기계식주차동,1
21000,동물및식물관련시설,용수탱크,1
03000,제1종근린생활시설,등곡회관,1
03000,제1종근린생활시설,일반목욕장및주택,1
03000,제1종근린생활시설,휴식처,1
03000,제1종근린생활시설,마을공동농산물집하장,1
03000,제1종근린생활시설,점포및사무실주택,1
03000,제1종근린생활시설,기공작업장,1
11000,노유자시설,해창4리마을다목적회관,1
03000,제1종근린생활시설,공동농산물개량저장고,1
03000,제1종근린생활시설,부속냉장창고,1
04000,제2종근린생활시설,시설및,1
03000,제1종근린생활시설,의용소방대관리사,1
03000,제1종근린생활시설,도시계획시설,1
03000,제1종근린생활시설,주차장관리사,1
18000,창고시설,저온장고및창고,1
11000,노유자시설,창고시설및복지시설,1
03000,제1종근린생활시설,후생의료원,1
03000,제1종근린생활시설,공공하수처리장,1
03000,제1종근린생활시설,마을휴게시설,1
30000,자원순환관련시설,종량제봉투창고,1
17000,공장,식품산업용기계제조업,1
03000,제1종근린생활시설,계전기실,1
21000,동물및식물관련시설,냉동저장창고,1
11000,노유자시설,영유아보육시설및단독주택,1
03000,제1종근린생활시설,승공갱신회관,1
11000,노유자시설,실내놀이터,1
10000,교육연구시설,여중,1
17000,공장,필드전기실,1
03000,제1종근린생활시설,홍보안내소,1
03000,제1종근린생활시설,세척수조공,1
03000,제1종근린생활시설,근린생활시설시설및주택,1
03000,제1종근린생활시설,정전2리논향부락노인회관,1
03000,제1종근린생활시설,용암2리노인회관,1
03000,제1종근린생활시설,옥외엘리베이터,1
03000,제1종근린생활시설,갈산1리새마을회관,1
03000,제1종근린생활시설,여차배수장,1
03000,제1종근린생활시설,농산물건조시설,1
Z6000,판매및영업시설,부대복리시설,1
03000,제1종근린생활시설,부속실제3호,1
21000,동물및식물관련시설,92무허가축사추인건,1
17000,공장,규암,1
17000,공장,위험물보관정,1
33000,"국방,군사시설",3초소,1
03000,제1종근린생활시설,자립회관,1
03000,제1종근린생활시설,고정검문소,1
05000,문화및집회시설,출판사,1
09000,의료시설,동물및식물관련시설,1
03000,제1종근린생활시설,약품처리실,1
03000,제1종근린생활시설,쉼터화장실,1
11000,노유자시설,자립지원시설,1
17000,공장,알미늄,1
03000,제1종근린생활시설,저수펌프장,1
17000,공장,컴프레셔,1
03000,제1종근린생활시설,기계동,1
04000,제2종근린생활시설,단독주택5가구,1
03000,제1종근린생활시설,리발소,1
01000,단독주택,야외작업장,1
03000,제1종근린생활시설,감시대,1
03000,제1종근린생활시설,선거관리위원회청사,1
03000,제1종근린생활시설,근린생활시살,1
03000,제1종근린생활시설,율림회관,1
03000,제1종근린생활시설,충열사,1
03000,제1종근린생활시설,수산물제조,1
03000,제1종근린생활시설,산막,1
03000,제1종근린생활시설,배수펌프장및양수기보관소,1
20000,자동차관련시설,장례식장,1
17000,공장,열풍로,1
04000,제2종근린생활시설,제2종근린생활제조업소,1
03000,제1종근린생활시설,자정전,1
03000,제1종근린생활시설,제1종근린생활시설공원부속사,1
03000,제1종근린생활시설,통신중계소,1
03000,제1종근린생활시설,강우관측소,1
04000,제2종근린생활시설,해태가공,1
18000,창고시설,농기계작업실및,1
03000,제1종근린생활시설,배수장관리실,1
02000,공동주택,1지하주차장,1
03000,제1종근린생활시설,양수장펌프식,1
12000,수련시설,본관,1
03000,제1종근린생활시설,북이지서청사,1
22000,분뇨.쓰레기처리시설,중앙리간이오수처리장,1
03000,제1종근린생활시설,제조정실,1
03000,제1종근린생활시설,상수도관리소,1
03000,제1종근린생활시설,원장실,1
17000,공장,50동,1
18000,창고시설,이송실,1
17000,공장,중합조,1
11000,노유자시설,종교시설외1,1
03000,제1종근린생활시설,현풍시장,1
17000,공장,수산물처리가공,1
03000,제1종근린생활시설,근린생활및점포,1
21000,동물및식물관련시설,11동,1
18000,창고시설,아스콘제조업,1
02000,공동주택,송풍기실,1
03000,제1종근린생활시설,한옥정자,1
06000,종교시설,연면적제외,1
18000,창고시설,및근린생활시설,1
03000,제1종근린생활시설,퇴비장,1
03000,제1종근린생활시설,노인당관리사,1
03000,제1종근린생활시설,마을회노인당,1
03000,제1종근린생활시설,영업및단독주택,1
02000,공동주택,285세대,1
02000,공동주택,ph전용,1
03000,제1종근린생활시설,당산경노당,1
03000,제1종근린생활시설,정수장사무실,1
03000,제1종근린생활시설,제12종근린생활시설,1
25000,발전시설,설비동,1
03000,제1종근린생활시설,전화국교환대,1
03000,제1종근린생활시설,밤선별장,1
21000,동물및식물관련시설,140,1
03000,제1종근린생활시설,다목적실및창고,1
18000,창고시설,외1종,1
03000,제1종근린생활시설,제2펌프장,1
10000,교육연구시설,겸,1
10000,교육연구시설,365스터디룸,1
10000,교육연구시설,미용실,1
03000,제1종근린생활시설,정수장상수도가압펌프장,1
03000,제1종근린생활시설,순수장,1
03000,제1종근린생활시설,병원및근린생활시설,1
17000,공장,염산,1
03000,제1종근린생활시설,관정조작실,1
03000,제1종근린생활시설,향교교직사,1
03000,제1종근린생활시설,도덕회관,1
03000,제1종근린생활시설,관리소및공중화장실,1
04000,제2종근린생활시설,금속문및제품제조업,1
11000,노유자시설,아동복지시설본관,1
03000,제1종근린생활시설,무인우체국,1
03000,제1종근린생활시설,농림수산시설,1
03000,제1종근린생활시설,휴계소시설,1
02000,공동주택,주민문화시설,1
03000,제1종근린생활시설,동청,1
03000,제1종근린생활시설,강남정,1
03000,제1종근린생활시설,점포및관리소,1
11000,노유자시설,창고및세탁실,1
03000,제1종근린생활시설,주택및식품제조업,1
03000,제1종근린생활시설,창고및연쇄점,1
03000,제1종근린생활시설,교환장치기계실,1
03000,제1종근린생활시설,영업소사무실,1
19000,위험물저장및처리시설,저장미치,1
03000,제1종근린생활시설,지구대주차장,1
27000,관광휴게시설,목재문화체험관,1
11000,노유자시설,외산면노인회관,1
JY,,제2종,1
17000,공장,전자,1
17000,공장,변성기,1
03000,제1종근린생활시설,하수처리용,1
17000,공장,칩운전실,1
03000,제1종근린생활시설,이발소및일반음식점,1
05000,문화및집회시설,경비,1
17000,공장,도장작업실,1
04000,제2종근린생활시설,무인통신국사,1
03000,제1종근린생활시설,정압실,1
03000,제1종근린생활시설,안내처소,1
03000,제1종근린생활시설,녕릉재실부속가,1
03000,제1종근린생활시설,도선대기소,1
03000,제1종근린생활시설,반송실,1
03000,제1종근린생활시설,음악분수제어실,1
17000,공장,완제품입,1
03000,제1종근린생활시설,죽도시장상가,1
03000,제1종근린생활시설,회실,1
03000,제1종근린생활시설,노양2구회관,1
03000,제1종근린생활시설,교육연구시설및주택및근린생활시설,1
33000,"국방,군사시설",군방군사시설,1
03000,제1종근린생활시설,궤도변전실,1
03000,제1종근린생활시설,매화지구보건진료소,1
05000,문화및집회시설,사열대,1
17000,공장,사무실부속창고,1
01000,단독주택,다가구용공동주택,1
04000,제2종근린생활시설,농협사무소,1
04000,제2종근린생활시설,동암,1
10000,교육연구시설,감시실,1
Z3000,근린생활시설,단도주택,1
03000,제1종근린생활시설,곡물제조업,1
06000,종교시설,화장실및창고,1
02000,공동주택,중수도시설,1
14000,업무시설,서재,1
04000,제2종근린생활시설,관리동사무소,1
05000,문화및집회시설,분기국사,1
17000,공장,99,1
17000,공장,연구시험시설,1
10000,교육연구시설,정신지체인학교,1
02000,공동주택,에듀존,1
02000,공동주택,08,1
10000,교육연구시설,관엽온실,1
20000,자동차관련시설,폐차장사무실,1
18000,창고시설,표고저온저장고,1
17000,공장,작업대,1
06000,종교시설,불일암,1
05000,문화및집회시설,향토문화관,1
25000,발전시설,부출입구,1
04000,제2종근린생활시설,종합병원,1
21000,동물및식물관련시설,무선호출기,1
22000,분뇨.쓰레기처리시설,폐수종말처리장의,1
03000,제1종근린생활시설,주민공동,1
02000,공동주택,생활부업실천센터,1
,,양로원,1
02000,공동주택,지역난방기계실,1
27000,관광휴게시설,비품보관소,1
22000,분뇨.쓰레기처리시설,관리및처리시설동,1
13000,운동시설,예지물저장고,1
02000,공동주택,연립주택및제1,1
08000,운수시설,기계분소,1
05000,문화및집회시설,의사회회관,1
,,2층,1
18000,창고시설,사과작목반농산물,1
05000,문화및집회시설,드림랜드사무실,1
23000,교정및군사시설,심정,1
18000,창고시설,제1종물품창고,1
12000,수련시설,연습림,1
17000,공장,7공장직영기사대기실,1
17000,공장,수리임대장,1
03000,제1종근린생활시설,폐기물,1
05000,문화및집회시설,조정실,1
04000,제2종근린생활시설,도지정문화재,1
02000,공동주택,동호회,1
01000,단독주택,별,1
05000,문화및집회시설,자연학습관,1
01000,단독주택,복지주택,1
03000,제1종근린생활시설,2린생활시설,1
05000,문화및집회시설,저온저장고,1
17000,공장,드럼충전장,1
17000,공장,펌프실및지하저수조,1
20000,자동차관련시설,기관차,1
06000,종교시설,대성사,1
04000,제2종근린생활시설,제조업장,1
05000,문화및집회시설,중문매표소,1
04000,제2종근린생활시설,자가주유소,1
03000,제1종근린생활시설,비상급수시실,1
10000,교육연구시설,근린생활시설외,1
17000,공장,재료반입실,1
10000,교육연구시설,36,1
27000,관광휴게시설,개수대,1
17000,공장,트랜스액슬공장,1
05000,문화및집회시설,천문과학관,1
06000,종교시설,포사,1
02000,공동주택,공장부속시설,1
03000,제1종근린생활시설,응봉면사무소,1
Z3000,근린생활시설,제2종근린생할시설,1
04000,제2종근린생활시설,농자재백화점및사무실,1
Z9000,공공용시설,펌프장관리실,1
17000,공장,38동,1
27000,관광휴게시설,2종근생,1
23000,교정및군사시설,교보재,1
14000,업무시설,맘스카페,1
21000,동물및식물관련시설,양조류,1
17000,공장,클링커,1
03000,제1종근린생활시설,차경새마을공동작업장,1
05000,문화및집회시설,문화의집및집회시설,1
01000,단독주택,휘트니스센터,1
03000,제1종근린생활시설,5용도,1
05000,문화및집회시설,근린생활시설및전시장,1
10000,교육연구시설,다목적강당및급식실,1
14000,업무시설,스라브,1
21000,동물및식물관련시설,양어장관리사무소,1
30000,자원순환관련시설,연구소,1
05000,문화및집회시설,마필대피소,1
,,교육관,1
02000,공동주택,4호실,1
27000,관광휴게시설,누각,1
04000,제2종근린생활시설,다중생활시설25호,1
02000,공동주택,연립형주택,1
Z8000,교육연구및복지시설,체육자료실,1
17000,공장,단독구택,1
07000,판매시설,일반게임장,1
01000,단독주택,봉제,1
03000,제1종근린생활시설,집하장및,1
02000,공동주택,관리사무소및부대복리시설,1
03000,제1종근린생활시설,저탄장,1
06000,종교시설,도담제,1
Z5000,문화및집회시설,근린생활시설2종,1
17000,공장,터보블로워,1
15000,숙박시설,잠실,1
05000,문화및집회시설,다목적실,1
03000,제1종근린생활시설,의원및근린생활시설,1
Z3000,근린생활시설,취수장,1
04000,제2종근린생활시설,주유판매대,1
18000,창고시설,외3종,1
02000,공동주택,자,1
02000,공동주택,603동1층피로티,1
17000,공장,위험물제품창고,1
01000,단독주택,주택수탄창고,1
04000,제2종근린생활시설,교양휴게실,1
18000,창고시설,마을공동농기게,1
13000,운동시설,관리,1
04000,제2종근린생활시설,수리점및자동차관련시설,1
02000,공동주택,필라테스룸,1
17000,공장,촉매보관소,1
31000,야영장시설,식수장,1
Z8000,교육연구및복지시설,문화,1
02000,공동주택,아파트형,1
11000,노유자시설,홀,1
01000,단독주택,제1종근린샌활시설,1
17000,공장,흠연부스,1
17000,공장,lpg보관소,1
10000,교육연구시설,도색실습장,1
17000,공장,가스배관실,1
17000,공장,전기실부속,1
11000,노유자시설,어린이공원,1
17000,공장,유량조정조,1
02000,공동주택,사우나용,1
03000,제1종근린생활시설,펌프실및,1
03000,제1종근린생활시설,유통시설,1
17000,공장,골재상옥시설,1
10000,교육연구시설,산서고등학교,1
05000,문화및집회시설,미각,1
Z8000,교육연구및복지시설,원아숙소,1
11000,노유자시설,예체능계학원,1
33000,"국방,군사시설",교육생,1
05000,문화및집회시설,박충원비각,1
17000,공장,수도사업관리실,1
03000,제1종근린생활시설,마을회관외,1
04000,제2종근린생활시설,게스트하우스,1
03000,제1종근린생활시설,경로회당,1
17000,공장,고추가루가공공장,1
17000,공장,도금경유기,1
17000,공장,지하펌프실,1
01000,단독주택,57,1
04000,제2종근린생활시설,휴게원두막,1
14000,업무시설,tank,1
04000,제2종근린생활시설,불교,1
04999,기타제2종근린생활시설,주택,1
04000,제2종근린생활시설,고인돌,1
17000,공장,s4원석홉바실,1
18000,창고시설,모터실,1
17000,공장,제3동력실,1
10000,교육연구시설,가마터,1
17000,공장,건조및세척창고,1
02000,공동주택,시니어룸,1
04000,제2종근린생활시설,점포및학원,1
04000,제2종근린생활시설,76,1
18000,창고시설,96,1
03000,제1종근린생활시설,군립,1
04000,제2종근린생활시설,웨딩샵,1
17000,공장,축직실,1
17000,공장,탈곡장,1
17000,공장,기타나무및콜크제품제조업,1
17000,공장,의료용기구제조업,1
17000,공장,위험물옥내탱크저장소,1
22000,분뇨.쓰레기처리시설,부뇨,1
17000,공장,급유펌프실,1
02000,공동주택,관리실및근린생활시설,1
19000,위험물저장및처리시설,선박주유소,1
03000,제1종근린생활시설,근린생활시설등,1
17000,공장,장비보관실,1
04000,제2종근린생활시설,부대층,1
15000,숙박시설,근린숙박시설,1
17000,공장,소화벨브실,1
18000,창고시설,농장물저장,1
17000,공장,특수시험동,1
17000,공장,경비실3,1
15000,숙박시설,계단실창고물탱크,1
17000,공장,수위치조정실,1
17000,공장,도시가스단독정압기실,1
04000,제2종근린생활시설,여과지,1
04000,제2종근린생활시설,농기계제조,1
05000,문화및집회시설,도자기체험관,1
17000,공장,압기실,1
Z3000,근린생활시설,문서고,1
04000,제2종근린생활시설,교육훈련시설,1
03000,제1종근린생활시설,주방기구제조,1
17000,공장,에어컴프레샤실,1
17000,공장,송수실,1
17000,공장,약품기계실,1
17000,공장,고무류보세창고및폐목류창고,1
17000,공장,폐수처리장조정실,1
17000,공장,요소공장조정실,1
10000,교육연구시설,workshop,1
17000,공장,tibal,1
17000,공장,154kv전기실,1
14000,업무시설,출장소,1
17000,공장,관리경비실,1
01000,단독주택,도매시장,1
01000,단독주택,우소,1
17000,공장,소랑펌프장,1
17000,공장,제2조립공장창고,1
17000,공장,신나공장,1
17000,공장,냉장냉동창고,1
04000,제2종근린생활시설,도예가마실,1
01000,단독주택,오피스텔3호,1
,,소형전화국,1
05000,문화및집회시설,열대,1
05000,문화및집회시설,조류관,1
17000,공장,숙소및창고,1
17000,공장,자재보관창고1,1
17000,공장,본관콘트롬,1
17000,공장,폐기물재활용공장,1
01000,단독주택,다가구및업무시설,1
17000,공장,휴게공간2,1
17000,공장,철광석분쇄실,1
17000,공장,누수기계창고,1
01000,단독주택,급수시설,1
17000,공장,셀건조실,1
17000,공장,농업용포장종이박스제조공장,1
07000,판매시설,흡연실,1
04000,제2종근린생활시설,산영각,1
17000,공장,입고창고,1
33000,"국방,군사시설",시가지훈련통제실,1
03000,제1종근린생활시설,농약방,1
17000,공장,정문통행로,1
17000,공장,13동피이윤활유저장동,1
01000,단독주택,면장주택,1
17000,공장,드럼재생공장,1
21000,동물및식물관련시설,비닐하우스중간휴게실,1
17000,공장,소방대차고,1
17000,공장,치아염소산실,1
17000,공장,양수장급수탱크,1
18000,창고시설,액비제조시설,1
17000,공장,장애인용화장실,1
01000,단독주택,농기구수리센터,1
17000,공장,공장및복지동,1
17000,공장,압축공장,1
17000,공장,시설반,1
17000,공장,펌프보관장,1
04000,제2종근린생활시설,젓갈제조,1
17000,공장,건병실,1
23000,교정및군사시설,발칸진지b,1
01000,단독주택,문방,1
Z3000,근린생활시설,매매장,1
26000,묘지관련시설,동물사,1
17000,공장,대자리가공작업장,1
18000,창고시설,이곡2리,1
17000,공장,냉동망저장공장,1
17000,공장,구시작실,1
17000,공장,암반관정기계실,1
01000,단독주택,94정주권개발사업,1
13000,운동시설,퇴적장,1
18000,창고시설,관련제품,1
17000,공장,코팅실험실,1
17000,공장,유자병조림공장,1
04000,제2종근린생활시설,향토자료관,1
17000,공장,차아황산소다부산물공장,1
03000,제1종근린생활시설,2종근린생활시설단독주택,1
10000,교육연구시설,자연대,1
04000,제2종근린생활시설,작목반,1
17000,공장,스펜덱스동,1
03000,제1종근린생활시설,안내초소,1
17000,공장,냉동기부자재창고,1
17000,공장,수출포장창고,1
04000,제2종근린생활시설,직원휴계실,1
17000,공장,제립동,1
17000,공장,intake,1
03000,제1종근린생활시설,의약품계량계측소,1
17000,공장,전기실동2,1
17000,공장,현장작업자용사무실,1
,,밤저장고,1
02000,공동주택,창고1,1
02000,공동주택,쉐어다이닝,1
01000,단독주택,부속사포함,1
13000,운동시설,위험물저장및,1
17000,공장,우레탄라인,1
18000,창고시설,농어민시설,1
17000,공장,농기구공장,1
02000,공동주택,노인교실,1
17000,공장,톳가공처리장,1
17000,공장,위생용,1
17000,공장,수질분석기계실,1
17000,공장,티5사무실,1
17000,공장,지하반공호,1
04000,제2종근린생활시설,계단실및코어부분,1
09000,의료시설,신,1
02000,공동주택,300실,1
17000,공장,자동차부품조립공장,1
09000,의료시설,안마원,1
17000,공장,대형차작업장,1
14000,업무시설,근로생활시설,1
17000,공장,독극물창고,1
17000,공장,포장기및용기세척기제조업,1
17000,공장,스팀터빈실,1
17000,공장,케리어잠실,1
17000,공장,젓갈류,1
18000,창고시설,냉동보관,1
17000,공장,자유단조공장,1
17000,공장,결비실,1
17000,공장,버스대기소,1
05000,문화및집회시설,군창,1
17000,공장,자동차정비소,1
14000,업무시설,11,1
10000,교육연구시설,골프실습실,1
17000,공장,산공장조정실,1
06000,종교시설,상황실,1
17000,공장,가내용공장,1
17000,공장,프리믹싱펌푸실,1
17000,공장,슬래그야적장,1
17000,공장,원료배합실,1
01000,단독주택,제1종근린활시설,1
02000,공동주택,폐차장,1
17000,공장,후생복지관,1
08000,운수시설,세척펌프실,1
17000,공장,인삼공장,1
17000,공장,공무부작업장,1
17000,공장,해태가공공장및창고,1
17000,공장,골재저장고3,1
17000,공장,냉각탑약품창고,1
17000,공장,물류지원센터,1
17000,공장,금속공장,1
17000,공장,배전공장,1
17000,공장,사무실및직원휴게실,1
17000,공장,가스실린더실,1
02000,공동주택,우수저수조관리실,1
17000,공장,오추약품창고,1
13000,운동시설,제1종근생활시설,1
14000,업무시설,근생및주택,1
17000,공장,집수정펌프실,1
17000,공장,직원사택,1
01000,단독주택,버섯양식고,1
17000,공장,개방형창고,1
17000,공장,도장방지시설,1
17000,공장,원석제1차조쇄실,1
17000,공장,폐수동,1
Z3000,근린생활시설,근생및,1
02000,공동주택,기계전시실,1
17000,공장,금속용품,1
17000,공장,캔버스재조,1
15000,숙박시설,관사,1
21000,동물및식물관련시설,퇴비발효저장실,1
05000,문화및집회시설,청소년문화의집,1
10000,교육연구시설,동문수위실,1
18000,창고시설,농산물보관및,1
10000,교육연구시설,사회시설고등학교,1
24000,방송통신시설,지지국사,1
Z3000,근린생활시설,건재상,1
02000,공동주택,아파트및도시형생활주택,1
Z3000,근린생활시설,우량관측소,1
,,세차장및,1
04000,제2종근린생활시설,근린생활시설학원,1
17000,공장,ca,1
01000,단독주택,3가구다가구주택,1
17000,공장,콘크리트계량실,1
03000,제1종근린생활시설,무인중계국,1
19000,위험물저장및처리시설,노대,1
15000,숙박시설,해당없음,1
15000,숙박시설,쓰레기분리수거장,1
17000,공장,선박기관수리및,1
03000,제1종근린생활시설,종합관광안내소,1
17000,공장,기계실보관창고,1
21000,동물및식물관련시설,축양장및창고,1
21000,동물및식물관련시설,퇴비발효건조장,1
17000,공장,잉크창고,1
20000,자동차관련시설,대형,1
01000,단독주택,3가구및창고,1
10000,교육연구시설,관사4호동,1
18000,창고시설,원료보관,1
03000,제1종근린생활시설,배수지사무실,1
01000,단독주택,95융자,1
21000,동물및식물관련시설,불림실,1
08000,운수시설,기관차식당,1
Z3000,근린생활시설,수용소,1
21000,동물및식물관련시설,돈계류사,1
02000,공동주택,지하주차장106동,1
15000,숙박시설,근린생활시설및여인숙,1
23000,교정및군사시설,소년원,1
01000,단독주택,1가구증축,1
14000,업무시설,지하1,1
14000,업무시설,5층,1
03000,제1종근린생활시설,서부소방서,1
03000,제1종근린생활시설,콘덴서실,1
01000,단독주택,95년도주택개량사업,1
02000,공동주택,공동주택7세대,1
02000,공동주택,안전매트실,1
03000,제1종근린생활시설,소화펌프,1
03000,제1종근린생활시설,쓰레기보관함,1
02000,공동주택,1램프캐노피,1
14100,공공업무시설,군북출장소,1
01000,단독주택,근린생활시설및다가주주택,1
01000,단독주택,농촌체험영농주택,1
14000,업무시설,동물,1
19000,위험물저장및처리시설,g판매시설,1
Z8000,교육연구및복지시설,중원초등학교,1
04000,제2종근린생활시설,목재제조업,1
21000,동물및식물관련시설,자동차,1
22000,분뇨.쓰레기처리시설,일반폐기물재활용처리시설,1
03000,제1종근린생활시설,성북지구경노당,1
03000,제1종근린생활시설,증여문,1
04000,제2종근린생활시설,전화국,1
02000,공동주택,부족분,1
18000,창고시설,벼보관및건조창고,1
04000,제2종근린생활시설,수리점창고,1
07000,판매시설,보울링장,1
06000,종교시설,구목사관,1
01000,단독주택,돌기와,1
05000,문화및집회시설,유물,1
03000,제1종근린생활시설,목욕탕부속건물,1
06000,종교시설,열여문,1
21000,동물및식물관련시설,관상수육림,1
24000,방송통신시설,근린공동시설,1
18000,창고시설,이목마을,1
Z6000,판매및영업시설,공중변소,1
17000,공장,cod오수측정실,1
01000,단독주택,개집,1
17000,공장,일용품점,1
Z6000,판매및영업시설,중정비검수고,1
04000,제2종근린생활시설,silo기계실,1
15000,숙박시설,a,1
31000,야영장시설,관리소및대피소,1
21000,동물및식물관련시설,분양사,1
15000,숙박시설,차고및창고,1
13000,운동시설,당나귀사육사,1
04000,제2종근린생활시설,146,1
15000,숙박시설,하숙실,1
01000,단독주택,조별관,1
04000,제2종근린생활시설,3층1세대,1
21000,동물및식물관련시설,식물용,1
20000,자동차관련시설,사무,1
10000,교육연구시설,통학차량,1
25000,발전시설,폐기물저장고,1
02000,공동주택,댜세대주택1세대,1
16000,위락시설,오락시설,1
Z8000,교육연구및복지시설,연습장,1
30000,자원순환관련시설,공기압축기실,1
19000,위험물저장및처리시설,vcu,1
19000,위험물저장및처리시설,공장동,1
03000,제1종근린생활시설,안치소,1
21000,동물및식물관련시설,축사중창고,1
14000,업무시설,체거름실,1
06000,종교시설,기계실및유아원,1
26000,묘지관련시설,외1,1
04000,제2종근린생활시설,주민체육활동을,1
33000,"국방,군사시설",차고,1
17000,공장,오탁수탈수기실,1
04000,제2종근린생활시설,자가발전,1
,,교회사무실,1
17000,공장,공동이용시설,1
02000,공동주택,부동산중개소,1
17000,공장,호퍼시설,1
14000,업무시설,유벽잠실,1
30000,자원순환관련시설,음식물,1
20000,자동차관련시설,자재실,1
14000,업무시설,공용창고,1
02000,공동주택,지하주차장램프지붕,1
10000,교육연구시설,악대,1
17000,공장,처분공장,1
17000,공장,분진보관소,1
17000,공장,도료보관창고,1
02000,공동주택,teahouse,1
04000,제2종근린생활시설,영농휴게소,1
17000,공장,비상발전기동,1
17000,공장,bd전기실,1
03000,제1종근린생활시설,이죽지소,1
14000,업무시설,오피스텔및공동주택,1
13000,운동시설,영업시설,1
04000,제2종근린생활시설,금림생활시설,1
15000,숙박시설,인터넷컴퓨터게임시설제공업소,1
21000,동물및식물관련시설,지렁이양식장퇴비창고,1
10000,교육연구시설,농업공학부,1
14000,업무시설,복지동,1
04000,제2종근린생활시설,자전거여행센터,1
17000,공장,오트랜스퍼실,1
17000,공장,work,1
21000,동물및식물관련시설,직판장,1
,,농가주택및농가창고,1
02000,공동주택,213대,1
17000,공장,남측,1
22000,분뇨.쓰레기처리시설,페기물집하장,1
17000,공장,room동,1
15000,숙박시설,2호,1
14000,업무시설,농기구수리센타,1
05000,문화및집회시설,줄,1
04000,제2종근린생활시설,어천역,1
19000,위험물저장및처리시설,액화가스취급,1
14000,업무시설,폐토사적치장,1
14000,업무시설,축협,1
19000,위험물저장및처리시설,지구정압기,1
17000,공장,작업장양생실,1
12000,수련시설,저장고,1
05000,문화및집회시설,로울러스케이트장,1
17000,공장,금속위생품제조업,1
17000,공장,정문대기실,1
04000,제2종근린생활시설,목제,1
04000,제2종근린생활시설,기타빵,1
18000,창고시설,진흥지역,1
14000,업무시설,관리숙소,1
02000,공동주택,원룸형도시형생활,1
17000,공장,d대기실,1
14000,업무시설,기술계,1
01000,단독주택,단독주택철,1
02000,공동주택,체련단련실,1
11000,노유자시설,근린생할시설,1
20000,자동차관련시설,자동차운수사업법에의한,1
04000,제2종근린생활시설,교육연구교실,1
02000,공동주택,의료실,1
17000,공장,기계실및탈의실,1
03000,제1종근린생활시설,송풍기동,1
03000,제1종근린생활시설,전기차충전소세차장,1
14000,업무시설,용역원휴게실,1
17000,공장,중성자,1
04000,제2종근린생활시설,도양지서도선연락소,1
03000,제1종근린생활시설,생활용수탱크실,1
17000,공장,홀바,1
11000,노유자시설,농기계보관창고,1
19000,위험물저장및처리시설,남자화장실,1
14000,업무시설,좌안경비초소,1
03000,제1종근린생활시설,옥외,1
14000,업무시설,직원관사,1
21000,동물및식물관련시설,동물관련설,1
14000,업무시설,차고및창고,1
04000,제2종근린생활시설,단독1020주택,1
14000,업무시설,전기실등,1
03000,제1종근린생활시설,문덕면사무소,1
17000,공장,rto데크및융설데크기계실,1
05000,문화및집회시설,및창고,1
18000,창고시설,본사,1
15000,숙박시설,영업여관,1
23000,교정및군사시설,화물창고,1
04000,제2종근린생활시설,가축사,1
01000,단독주택,산부인과의원,1
10000,교육연구시설,실습소,1
10000,교육연구시설,간이소화훈련장,1
14000,업무시설,단지형다세대12,1
21000,동물및식물관련시설,구조견훈련장,1
11000,노유자시설,장애인복지시설외,1
17000,공장,내구실험동,1
17000,공장,유휴설비,1
17000,공장,북측케노피,1
10000,교육연구시설,자연권청소년시설,1
18000,창고시설,공동퇴비사,1
10000,교육연구시설,야구부기록창고,1
03000,제1종근린생활시설,근린생활시설및공공업무시설,1
07000,판매시설,저온저장실,1
10000,교육연구시설,표적판관리실,1
10000,교육연구시설,교육연구및근린시설,1
08000,운수시설,위험물저장고,1
10000,교육연구시설,여고생활관,1
10000,교육연구시설,골프교육장,1
02000,공동주택,전기온수실,1
10000,교육연구시설,경비소,1
10000,교육연구시설,예술대1호관,1
10000,교육연구시설,연구온실,1
10000,교육연구시설,체육기구실,1
17000,공장,기숙,1
03000,제1종근린생활시설,놀이터,1
02000,공동주택,계단및통로,1
03000,제1종근린생활시설,주텍,1
03000,제1종근린생활시설,건조장및기계실,1
Z3000,근린생활시설,5가구용,1
18000,창고시설,건초건조보관창고,1
09000,의료시설,수양원,1
10000,교육연구시설,육묘장,1
09000,의료시설,기계식주차타워,1
10000,교육연구시설,교육연구및연구시설,1
08000,운수시설,대야미역,1
09000,의료시설,부속장례식장,1
17000,공장,반죽공장,1
03000,제1종근린생활시설,보수원숙소,1
01000,단독주택,헌간,1
18000,창고시설,보관장소,1
03000,제1종근린생활시설,예체능계미술실,1
05000,문화및집회시설,상징게이트,1
21000,동물및식물관련시설,경비주택,1
10000,교육연구시설,저장고관리사,1
03000,제1종근린생활시설,고속버스정류장,1
17000,공장,지하저류조,1
05000,문화및집회시설,지하실,1
02000,공동주택,348세대,1
09000,의료시설,병동및병실,1
14000,업무시설,고속도로영업소,1
Z3000,근린생활시설,야외점포,1
17000,공장,5공장,1
17000,공장,염장실,1
15000,숙박시설,숙박시설및근린시설,1
17000,공장,콘덴서공장,1
18000,창고시설,2013,1
16000,위락시설,숙박업,1
03000,제1종근린생활시설,무인점포,1
17000,공장,전기기계실,1
17000,공장,7중합공장,1
25000,발전시설,오수처리동,1
18000,창고시설,어업용사료,1
Z6000,판매및영업시설,공원화장실,1
01000,단독주택,단란,1
25000,발전시설,변압기실,1
21000,동물및식물관련시설,착유및냉각실,1
17000,공장,트랜스밋숀동,1
02000,공동주택,127,1
Z3000,근린생활시설,달리구분되지않은기타제조업,1
Z5000,문화및집회시설,경로당,1
Z5000,문화및집회시설,회의실,1
01000,단독주택,객간,1
01000,단독주택,교육연구시설및다가구주택,1
01000,단독주택,빨래건조장,1
03000,제1종근린생활시설,노인회,1
21000,동물및식물관련시설,멍게배양장,1
18000,창고시설,주택및창공,1
01000,단독주택,주택및차고및창고,1
18000,창고시설,축제물품보관창고,1
01000,단독주택,학유정,1
18000,창고시설,재활용선별장,1
,,94농어촌정주생활권사업,1
21000,동물및식물관련시설,퇴적장및우사,1
03000,제1종근린생활시설,체험사업,1
18000,창고시설,창고3호,1
01000,단독주택,단독주택16가구용,1
18000,창고시설,저온및냉동창고,1
01000,단독주택,방고,1
21000,동물및식물관련시설,톱밥저장고,1
18000,창고시설,수산물보관냉동창고,1
01000,단독주택,부속저장고,1
18000,창고시설,주택용,1
01000,단독주택,공부방,1
18000,창고시설,지역특산물판매장,1
21000,동물및식물관련시설,종돈장,1
01000,단독주택,주택및생산시설,1
03000,제1종근린생활시설,국민연금관리공단,1
14000,업무시설,천문대,1
21000,동물및식물관련시설,축산액비탱크,1
18000,창고시설,식품제조시설,1
22000,분뇨.쓰레기처리시설,가축분뇨처리,1
21000,동물및식물관련시설,가축시설관리사,1
05000,문화및집회시설,야생화자료실,1
18000,창고시설,동물간이집하장,1
15000,숙박시설,내실주방,1
04000,제2종근린생활시설,도정가공시설,1
01000,단독주택,회관변소,1
21000,동물및식물관련시설,종묘배양쟝,1
21000,동물및식물관련시설,농산물집하용,1
21000,동물및식물관련시설,배지제조장,1
01000,단독주택,전통한옥형주택,1
18000,창고시설,아파트,1
04013,어린이집,어린이집,1
21000,동물및식물관련시설,사무용관리사,1
01000,단독주택,영엽용및주택,1
21000,동물및식물관련시설,식물용퇴비생산시설,1
01000,단독주택,간이식화장실,1
21000,동물및식물관련시설,가축용저장창고,1
01000,단독주택,충효각,1
18000,창고시설,스레트,1
18000,창고시설,피복판매창고,1
18000,창고시설,서울대공원시설,1
21000,동물및식물관련시설,종돈사,1
21000,동물및식물관련시설,채소예냉시설,1
18000,창고시설,집진실,1
01000,단독주택,옥외세면장,1
18000,창고시설,해태보관창고,1
18000,창고시설,창고농가주택,1
01000,단독주택,제1호주택,1
18000,창고시설,수도자재창고,1
18000,창고시설,농산물창고및기숙사,1
04000,제2종근린생활시설,제2별관,1
01000,단독주택,단독주택및제2종근리생활시설,1
18000,창고시설,농수산물창고집하장,1
01000,단독주택,연립관사,1
03000,제1종근린생활시설,무상임대,1
21000,동물및식물관련시설,농사관리사,1
03000,제1종근린생활시설,자동차관련부품판매점,1
17000,공장,주류제조가공,1
21000,동물및식물관련시설,수산물선별장,1
18000,창고시설,조온창고,1
21000,동물및식물관련시설,선별창고,1
20000,자동차관련시설,재활용품보관창고,1
21000,동물및식물관련시설,퇴비사및조사료적치장,1
21000,동물및식물관련시설,육모하우스관리사,1
18000,창고시설,다독주택,1
03000,제1종근린생활시설,근린생활실시설,1
18000,창고시설,목재보관창고,1
18000,창고시설,농축임산물집하장냉장시설,1
21000,동물및식물관련시설,버섯재배사및창고,1
18000,창고시설,화약관리사,1
21000,동물및식물관련시설,군견견사장,1
21000,동물및식물관련시설,농기계창고및축사,1
18000,창고시설,관광농원,1
21000,동물및식물관련시설,당직실,1
04000,제2종근린생활시설,목제건구제조장,1
18000,창고시설,맥아투입구,1
04000,제2종근린생활시설,펌브,1
21000,동물및식물관련시설,비닐하우스관리사,1
18000,창고시설,감시실,1
18000,창고시설,부대식당,1
21000,동물및식물관련시설,이유자돈사5,1
01000,단독주택,옥외수영장,1
01000,단독주택,계단층,1
09000,의료시설,종업원,1
18000,창고시설,일반창고및관리사,1
21000,동물및식물관련시설,관리사및화장실,1
18000,창고시설,저온장치,1
18000,창고시설,농없시설,1
01000,단독주택,위험물저장및처리시설및주택,1
01000,단독주택,다가구주택및제2종근,1
18000,창고시설,운전조작실,1
21000,동물및식물관련시설,유기동물보호센터,1
,,착유사,1
18000,창고시설,에이감귤창고,1
05000,문화및집회시설,점포및예식장,1
05000,문화및집회시설,통로및,1
21000,동물및식물관련시설,저온냉동창고,1
01000,단독주택,주택자재실험실,1
17000,공장,안경테제작,1
01000,단독주택,주택고,1
18000,창고시설,축산용창고시설,1
18000,창고시설,벌크건조실,1
21000,동물및식물관련시설,발효톱밥우사,1
18000,창고시설,예냉시설및건조장,1
03000,제1종근린생활시설,교육연구및복지시시설,1
18000,창고시설,하치장및저온창고,1
18000,창고시설,보일러실및창고시설,1
21000,동물및식물관련시설,식품위생시설및주택,1
02000,공동주택,지하코어,1
18000,창고시설,농어업용시설,1
21000,동물및식물관련시설,축산관리사,1
01000,단독주택,위험물저장및제2종근린생활시설,1
03000,제1종근린생활시설,부속휴게실,1
01000,단독주택,종당,1
21000,동물및식물관련시설,야생조수부화장,1
18000,창고시설,농업생활시설,1
18000,창고시설,기자재보관소,1
17000,공장,알콜저장소,1
17000,공장,기숙사공장,1
22000,분뇨.쓰레기처리시설,막분리실,1
17000,공장,직판장,1
18000,창고시설,냉동냉장창고및기계실,1
26000,묘지관련시설,추모관,1
25000,발전시설,파고라3,1
21000,동물및식물관련시설,동룸관련시설,1
27000,관광휴게시설,피스톨마운틴,1
29000,장례시설,제1종그린생활시설,1
18000,창고시설,단무지절임창고,1
21000,동물및식물관련시설,오폐수처리시설,1
03000,제1종근린생활시설,농축산물직판장,1
01000,단독주택,영업외1용도,1
01000,단독주택,근린생활시설다세대주택,1
18000,창고시설,목조건조장,1
21000,동물및식물관련시설,우사및저온창고,1
15000,숙박시설,본가,1
01000,단독주택,잡용,1
21000,동물및식물관련시설,고추건조기,1
01000,단독주택,단독주택형다가구및근린생활시설,1
09000,의료시설,접골원,1
18000,창고시설,미술관부속창고,1
01000,단독주택,주택및점포및차고,1
01000,단독주택,원장숙소,1
21000,동물및식물관련시설,곤충배재사,1
01000,단독주택,모선재화장실,1
01000,단독주택,농가주택및단독주택,1
21000,동물및식물관련시설,축사및제2종근생,1
17000,공장,투입동,1
21000,동물및식물관련시설,샌드위치판넬조,1
01000,단독주택,점포주택및사무실,1
18000,창고시설,보조구분소,1
18000,창고시설,창고및숙소,1
18000,창고시설,주차장관리사,1
10000,교육연구시설,및교육연구시설,1
01000,단독주택,적치장,1
01000,단독주택,대웅암,1
21000,동물및식물관련시설,농기구및탈의실,1
21000,동물및식물관련시설,관사차고지,1
17000,공장,우지당밀저장소,1
01000,단독주택,침술소,1
18000,창고시설,양파간이건조대및창고,1
01000,단독주택,시멘벽돌창고,1
01000,단독주택,청소년전자유기장및주택,1
21000,동물및식물관련시설,예냉시설,1
18000,창고시설,농기계및농업용건조실창고,1
01000,단독주택,숙식실,1
21000,동물및식물관련시설,농업용마을공동화장실,1
18000,창고시설,국수건조실,1
18000,창고시설,창고및연쇄점,1
18000,창고시설,마을공동농업기계보관창고용,1
18000,창고시설,농기계용창고및,1
01000,단독주택,46,1
18000,창고시설,계향창고,1
03000,제1종근린생활시설,마을도서관,1
11000,노유자시설,경로,1
01000,단독주택,주택및지하,1
03000,제1종근린생활시설,제1존근생,1
18000,창고시설,제각장,1
19000,위험물저장및처리시설,세차기시설,1
,,종돈사,1
01000,단독주택,농가주택및2종근린생활,1
21000,동물및식물관련시설,농작물재배사,1
17000,공장,수경실,1
03000,제1종근린생활시설,단독2가구,1
18000,창고시설,농업용창고벼건조장,1
21000,동물및식물관련시설,동움및식물관련시설,1
01000,단독주택,야외개수대,1
01000,단독주택,주택및사점,1
04000,제2종근린생활시설,유기시설,1
01000,단독주택,식당동,1
21000,동물및식물관련시설,농작물보관소,1
18000,창고시설,야영장시설,1
18000,창고시설,상온저장고,1
21000,동물및식물관련시설,어판장,1
18000,창고시설,마을농기계공동보관창고,1
Z6000,판매및영업시설,게임제공업소,1
18000,창고시설,농가용농산물저온창고,1
18000,창고시설,종합창고,1
01000,단독주택,3가구용다가구주택,1
21000,동물및식물관련시설,관리및볕짚창고,1
17000,공장,케비터,1
01000,단독주택,농어가주택및근린생활시설,1
01000,단독주택,주택및보이러실,1
20000,자동차관련시설,물품보관창고,1
21000,동물및식물관련시설,화훼재배관리사,1
18000,창고시설,건조실및기계창고,1
18000,창고시설,pa출하장,1
01000,단독주택,칭고시설,1
18000,창고시설,임업기계장비창고,1
21000,동물및식물관련시설,육묘작업장,1
02000,공동주택,근린생활시설내,1
21000,동물및식물관련시설,전복축량용관리사,1
03000,제1종근린생활시설,일용품소매점및사무소,1
01000,단독주택,유류판매소및주택,1
21000,동물및식물관련시설,육축장,1
11000,노유자시설,체험관,1
11000,노유자시설,직업보도시설,1
01000,단독주택,단층주택및창고,1
03000,제1종근린생활시설,수원지관사,1
18000,창고시설,창고및경노당,1
18000,창고시설,창고시설및단독주택시설,1
18000,창고시설,톱밥기기창고,1
18000,창고시설,재활용품공동수집창고,1
01000,단독주택,부석사,1
04000,제2종근린생활시설,2종근린생활시설주택,1
17000,공장,vrhcr,1
18000,창고시설,교육연구및복지지설,1
14000,업무시설,비상급수시설,1
01000,단독주택,염부사택,1
17000,공장,부산물,1
21000,동물및식물관련시설,동물및식물간련시설,1
02000,공동주택,116,1
02000,공동주택,전시관,1
04000,제2종근린생활시설,구매시설및생활시설,1
02000,공동주택,키즈북카페,1
02000,공동주택,근린생활시설및공동,1
21000,동물및식물관련시설,녹지축소,1
18000,창고시설,저온저장고및창고시설,1
01000,단독주택,축사및단독주택,1
21000,동물및식물관련시설,부속사동,1
10000,교육연구시설,기타자동차관련시설,1
18000,창고시설,창고시설46,1
21000,동물및식물관련시설,작업장및저온저장고,1
01000,단독주택,주택겸소매점,1
21000,동물및식물관련시설,약품및부속창고,1
10000,교육연구시설,식당및관리실,1
21000,동물및식물관련시설,잠실및건조장,1
18000,창고시설,주택및창고부지조성,1
21000,동물및식물관련시설,치잠공동잠실,1
13000,운동시설,눈썰매장,1
21000,동물및식물관련시설,리프트,1
03000,제1종근린생활시설,식품가게,1
17000,공장,레진투입,1
18000,창고시설,보세창고및자재창고,1
18000,창고시설,필로티,1
,,유가공저장업,1
18000,창고시설,외의편조업,1
21000,동물및식물관련시설,추인조치건,1
23000,교정및군사시설,초소영외탄약고,1
18000,창고시설,농기계챵고,1
18000,창고시설,수산물냉동창고및수산물제조업,1
18000,창고시설,창사,1
18000,창고시설,상여도,1
21000,동물및식물관련시설,야생조수자원화연구시험장,1
18000,창고시설,주공정실,1
18000,창고시설,자동차관련시설및창고,1
18000,창고시설,택배보관창고시설,1
21000,동물및식물관련시설,무인차량소독기,1
01000,단독주택,근린생활시설및단독주택용6가구,1
21000,동물및식물관련시설,인삼수납장,1
03000,제1종근린생활시설,통합운영센터,1
21000,동물및식물관련시설,잎담배공동건조장및저장창고,1
21000,동물및식물관련시설,작물재사,1
21000,동물및식물관련시설,새마을공동배양장,1
21000,동물및식물관련시설,54,1
27000,관광휴게시설,보호소,1
02000,공동주택,기타공동시설,1
33000,"국방,군사시설",군악연주실,1
04000,제2종근린생활시설,녹차및메주제조시설,1
14000,업무시설,71실,1
20000,자동차관련시설,자동차부품제조장,1
02000,공동주택,기계주차장,1
08000,운수시설,소방펌프실,1
18000,창고시설,제면소,1
03000,제1종근린생활시설,물리학원,1
06000,종교시설,기타집회시설,1
16000,위락시설,무도유흥주점,1
01000,단독주택,공유,1
27000,관광휴게시설,숙소관리사,1
01000,단독주택,인쇄,1
18000,창고시설,동물관련시설및,1
18000,창고시설,대추건조기,1
02000,공동주택,층,1
27000,관광휴게시설,공원관리안내소,1
23000,교정및군사시설,강의실,1
13000,운동시설,교욱연구시설,1
17000,공장,chip장,1
15000,숙박시설,v,1
03000,제1종근린생활시설,목욕당,1
21000,동물및식물관련시설,꿩사육,1
02000,공동주택,27호,1
01000,단독주택,와당,1
02000,공동주택,전철차량기지,1
19000,위험물저장및처리시설,매매장,1
01000,단독주택,생1종,1
04000,제2종근린생활시설,경정비실,1
03000,제1종근린생활시설,무용연구소,1
03000,제1종근린생활시설,전자제품조립,1
10000,교육연구시설,어울림활동실,1
01000,단독주택,80년,1
09000,의료시설,지하통로,1
04000,제2종근린생활시설,쇼룸,1
05000,문화및집회시설,고사,1
13000,운동시설,양궁연습실,1
10000,교육연구시설,훈련동,1
05000,문화및집회시설,360도,1
10000,교육연구시설,교육연수시설및복지시설,1
08000,운수시설,온산역사,1
09000,의료시설,치료소,1
01000,단독주택,작업용,1
21000,동물및식물관련시설,스라브,1
24000,방송통신시설,생활폐기물,1
08000,운수시설,예미신호계전기실,1
10000,교육연구시설,사범대학3호관,1
03000,제1종근린생활시설,근린생활시설b,1
03000,제1종근린생활시설,밧차루렌트,1
03000,제1종근린생활시설,씨멘트싸이곤,1
08000,운수시설,재활용,1
08000,운수시설,소방대,1
04000,제2종근린생활시설,자동차사무실,1
10000,교육연구시설,배시험연구실,1
17000,공장,사슴,1
11000,노유자시설,발전기,1
03000,제1종근린생활시설,휴게동,1
02000,공동주택,내부,1
21000,동물및식물관련시설,종균접종실,1
10000,교육연구시설,학교보안관실동,1
11000,노유자시설,노인운동실,1
21000,동물및식물관련시설,93농촌주택개량,1
10000,교육연구시설,일반연수관,1
08000,운수시설,연무대역사,1
26000,묘지관련시설,e,1
20000,자동차관련시설,감사장,1
10000,교육연구시설,합숙사,1
05000,문화및집회시설,위판장,1
10000,교육연구시설,수거식변소,1
Z3000,근린생활시설,생및주택,1
03000,제1종근린생활시설,빗물,1
05000,문화및집회시설,농업체험전지시설,1
01000,단독주택,부속사및화장실,1
11000,노유자시설,수영장,1
10000,교육연구시설,위험물및폐기물동,1
09000,의료시설,가스실,1
10000,교육연구시설,서예실및교관숙소,1
01000,단독주택,편의시설,1
10000,교육연구시설,판매장,1
14000,업무시설,단지형다세대주택8세대,1
14000,업무시설,7,1
14000,업무시설,8등관사,1
14000,업무시설,종업원숙소광,1
10000,교육연구시설,전수회관,1
10000,교육연구시설,화약고,1
04000,제2종근린생활시설,농가축사,1
17000,공장,물류시설,1
01000,단독주택,연탄고,1
18000,창고시설,양봉보관창고,1
17000,공장,콜프레셔실,1
17000,공장,질소공장,1
10000,교육연구시설,화장실및샤워장,1
13000,운동시설,배치실,1
12000,수련시설,다목적교육장,1
04000,제2종근린생활시설,부두대합실,1
10000,교육연구시설,학습장,1
03000,제1종근린생활시설,노인관련시설외,1
10000,교육연구시설,교실및체육관,1
12000,수련시설,저온실,1
01000,단독주택,제종근생,1
10000,교육연구시설,차고시설,1
02000,공동주택,원롬형,1
10000,교육연구시설,소프트테니스장,1
08000,운수시설,직원숙소,1
10000,교육연구시설,야외골프연습장,1
10000,교육연구시설,보건지소,1
17000,공장,chilled,1
10000,교육연구시설,교육및업무시설,1
08000,운수시설,보선사무실,1
08000,운수시설,홈대합실,1
10000,교육연구시설,교육연구시서,1
17000,공장,보이라,1
22000,분뇨.쓰레기처리시설,파쇄동,1
10000,교육연구시설,앰더블유원자로,1
17000,공장,음료제조업,1
08000,운수시설,공공터미널,1
08000,운수시설,운수시설외5,1
12000,수련시설,정문,1
09000,의료시설,병원및다가구주택,1
10000,교육연구시설,집합소,1
01000,단독주택,저장용창고,1
Z3000,근린생활시설,외3건,1
08000,운수시설,옥외배전반실,1
18000,창고시설,볏집,1
10000,교육연구시설,율곡국민학교,1
20000,자동차관련시설,정비소및,1
18000,창고시설,점토적차장,1
06000,종교시설,문화관,1
10000,교육연구시설,공장공작,1
08000,운수시설,운수시설및제2종근린생활시설,1
01000,단독주택,지상3층,1
03000,제1종근린생활시설,g용기저장소,1
10000,교육연구시설,근무실,1
10000,교육연구시설,전북기계공고경비실,1
17000,공장,cushion,1
,,공동취사장,1
17000,공장,농산물의,1
Z8000,교육연구및복지시설,위험물보관창고,1
13000,운동시설,리프트변전실,1
04000,제2종근린생활시설,의뭔,1
04000,제2종근린생활시설,철물제작및,1
14000,업무시설,락커룸,1
01000,단독주택,공동화장실,1
03000,제1종근린생활시설,중동,1
17000,공장,기타플라스틱일반성형제품제조업,1
17000,공장,dowtherm,1
14000,업무시설,방송통신,1
14000,업무시설,서창동차공장사무실,1
04000,제2종근린생활시설,교구제조시설,1
04000,제2종근린생활시설,신,1
17000,공장,154kv변전소판넬식,1
14000,업무시설,산단관리과,1
17000,공장,초지공장6호기,1
14000,업무시설,공영주차장,1
11000,노유자시설,교육실,1
17000,공장,rtroom,1
03000,제1종근린생활시설,박미빗물펌프장,1
04000,제2종근린생활시설,포장시설,1
03000,제1종근린생활시설,농축슬러지펌프동,1
07000,판매시설,채소부,1
11000,노유자시설,한부모가족복지시설,1
17000,공장,기계장치시설,1
14000,업무시설,기기동,1
14000,업무시설,레미콘제조업,1
17000,공장,기폭약저장소,1
26000,묘지관련시설,관리인실,1
17000,공장,경비실서문,1
03000,제1종근린생활시설,건축자재창고,1
Z3000,근린생활시설,휴계소,1
14000,업무시설,19호,1
14000,업무시설,오피스텔및제2종근린생활시설,1
03000,제1종근린생활시설,공공이용시설,1
02000,공동주택,단지형다셰대,1
02000,공동주택,오피스텔사무소,1
03000,제1종근린생활시설,점포주차장,1
04000,제2종근린생활시설,제실및일반음식점,1
27000,관광휴게시설,15,1
04000,제2종근린생활시설,밤나무,1
10000,교육연구시설,전기분야학원,1
20000,자동차관련시설,카센타작업장,1
17000,공장,동물창고,1
17000,공장,기계방음실,1
16000,위락시설,직원숙소,1
24000,방송통신시설,조정실,1
03000,제1종근린생활시설,생활편익및,1
01000,단독주택,우물창고,1
03000,제1종근린생활시설,근린생활시설및업무시설및,1
21000,동물및식물관련시설,묘목장,1
17000,공장,작업장및부속사무실,1
01000,단독주택,건강증진실,1
03000,제1종근린생활시설,주택및공장,1
14000,업무시설,선로반처소,1
15000,숙박시설,관광숙박시설5,1
03000,제1종근린생활시설,경노실,1
01000,단독주택,별거자용,1
04000,제2종근린생활시설,안심료,1
03000,제1종근린생활시설,배수문,1
03000,제1종근린생활시설,가루방아간,1
Z6000,판매및영업시설,직판장,1
04000,제2종근린생활시설,중계,1
17000,공장,47동,1
15000,숙박시설,근생및일반숙박시설,1
04000,제2종근린생활시설,포장용판지상자,1
17000,공장,로우터,1
22000,분뇨.쓰레기처리시설,하수오니처리장,1
05000,문화및집회시설,야외,1
04000,제2종근린생활시설,꼬막선별장,1
03000,제1종근린생활시설,수처리실,1
04000,제2종근린생활시설,가스실,1
01000,단독주택,93년농촌주택개량자력대상,1
04000,제2종근린생활시설,후문,1
17000,공장,버스승강장케노피,1
15000,숙박시설,숙박시설및업무시설,1
21000,동물및식물관련시설,분묘탱크,1
03000,제1종근린생활시설,배수구내,1
25000,발전시설,유류저장고,1
02000,공동주택,원룸형주택24세대,1
09000,의료시설,알콜창고,1
08000,운수시설,경비본부,1
06000,종교시설,찰,1
04000,제2종근린생활시설,직물점,1
17000,공장,장갑제조업,1
01000,단독주택,94농촌주택개량임,1
02000,공동주택,인포넷문고,1
18000,창고시설,농업용막사,1
03000,제1종근린생활시설,膽,1
19000,위험물저장및처리시설,보조보일러,1
04000,제2종근린생활시설,봉덕사,1
03000,제1종근린생활시설,무선전신전화국,1
20000,자동차관련시설,종합창고,1
03000,제1종근린생활시설,농기계판매소,1
04000,제2종근린생활시설,다중생활시설외,1
Z8000,교육연구및복지시설,교,1
,,건축물,1
14000,업무시설,비가림막,1
03000,제1종근린생활시설,농특산물창고,1
,,생활편의시설,1
20000,자동차관련시설,정압실,1
17000,공장,폐지수집소,1
14000,업무시설,양곡창고,1
07000,판매시설,수산물,1
Z8000,교육연구및복지시설,후생시설,1
15000,숙박시설,사주문3,1
01000,단독주택,정호수변소,1
17000,공장,농구장,1
Z8000,교육연구및복지시설,노인요양시설,1
Z8000,교육연구및복지시설,부속동,1
02000,공동주택,주차장창고,1
14000,업무시설,주방및식당,1
Z8000,교육연구및복지시설,재당,1
10000,교육연구시설,학교급식실,1
03000,제1종근린생활시설,취수장전기판넬실,1
13000,운동시설,기계식주차기,1
27000,관광휴게시설,동,1
17000,공장,144,1
18000,창고시설,직판장및,1
17000,공장,소방호스저장소4,1
02000,공동주택,42가구,1
07000,판매시설,에스컬레이터,1
01000,단독주택,농산뭍창고,1
04000,제2종근린생활시설,커피제조업소,1
07000,판매시설,화환점포,1
15000,숙박시설,근린생화시설,1
18000,창고시설,단무지저장시설,1
01000,단독주택,제1종근생생활시설,1
21000,동물및식물관련시설,식물관련시설관리사,1
Z3000,근린생활시설,해사관련사무실,1
10000,교육연구시설,연구시설내,1
21000,동물및식물관련시설,계통조성육성돈사,1
03000,제1종근린생활시설,제분업,1
06000,종교시설,선다원,1
18000,창고시설,농수산물냉장창고,1
17000,공장,승강기검사장,1
03000,제1종근린생활시설,교육연구시설및주택,1
03000,제1종근린생활시설,반생산회의실,1
Z3000,근린생활시설,가압펌프장,1
03000,제1종근린생활시설,하품1리회관,1
17000,공장,바켓엘리베이터,1
11000,노유자시설,선교원,1
24000,방송통신시설,변전기실,1
24000,방송통신시설,장도무전분실,1
10000,교육연구시설,sofc,1
18000,창고시설,살포기창고,1
14000,업무시설,제조공장,1
01000,단독주택,여인숙및장의사,1
04000,제2종근린생활시설,농림수산업용시설,1
19000,위험물저장및처리시설,소매점및창고,1
27000,관광휴게시설,출입통로,1
04000,제2종근린생활시설,경비식당,1
Z3000,근린생활시설,관리사및창고,1
02000,공동주택,904동1층피로티,1
02000,공동주택,128대,1
02000,공동주택,부속4동,1
20000,자동차관련시설,주차장계단실,1
02000,공동주택,체육운동시설,1
03999,기타제1종근린생활시설,근린생활시설,1
01000,단독주택,점포및화장실,1
02000,공동주택,돌출부,1
01000,단독주택,청,1
17000,공장,산업폐기물,1
21000,동물및식물관련시설,표준설계도,1
18000,창고시설,유기과산물창고,1
Z3000,근린생활시설,제1종제2종근린생활시설,1
10000,교육연구시설,제2어학센터,1
01000,단독주택,대피소보일러실,1
11000,노유자시설,제1종근,1
24000,방송통신시설,전신전화관계시설,1
17000,공장,당류제조업,1
01000,단독주택,제성실,1
02000,공동주택,교육및연구복지시설,1
24000,방송통신시설,연수원,1
23000,교정및군사시설,영현실,1
17000,공장,991,1
01000,단독주택,제1종ㅌ제2종근린생활시설,1
18000,창고시설,소방저수조,1
17000,공장,ep생산동,1
24000,방송통신시설,교환장치,1
11000,노유자시설,신체장애자교실,1
17000,공장,금속제품제조,1
17000,공장,재료검수실,1
02000,공동주택,생활시설및운동시설,1
25000,발전시설,태양광전기동,1
02000,공동주택,미니극장,1
Z3000,근린생활시설,저유탱크,1
21000,동물및식물관련시설,미역처리시설,1
04000,제2종근린생활시설,유리가공제조업,1
10000,교육연구시설,재활용,1
,,간이t,1
17000,공장,처리공장,1
24000,방송통신시설,전신전화중계소,1
Z9000,공공용시설,지진계실,1
02000,공동주택,여성작업실,1
17000,공장,실습장,1
15000,숙박시설,협문,1
17000,공장,냉매가스저장소,1
01000,단독주택,주택개량대상건물,1
06000,종교시설,덕장전,1
17000,공장,각자실부속,1
04000,제2종근린생활시설,점포사무실근린생활시설,1
04000,제2종근린생활시설,정구장사무실,1
04000,제2종근린생활시설,지하사무실,1
04000,제2종근린생활시설,약초재배교육장,1
17000,공장,공동퇴비제조장,1
04000,제2종근린생활시설,마늘가공장,1
02000,공동주택,작은,1
04000,제2종근린생활시설,포함,1
03000,제1종근린생활시설,하수중계펌프장,1
04000,제2종근린생활시설,문화및집회서설,1
04000,제2종근린생활시설,동물관리위탁시설,1
03000,제1종근린생활시설,미을회공동창고,1
04000,제2종근린생활시설,관리실및건조장,1
22000,분뇨.쓰레기처리시설,환경위생관리소,1
04000,제2종근린생활시설,사무실및경비실,1
13000,운동시설,위험물저장,1
01000,단독주택,소매점및사무소,1
06000,종교시설,금어선원,1
02000,공동주택,아파트관리동,1
17000,공장,제품출하데크,1
21000,동물및식물관련시설,위험물저장창고,1
08000,운수시설,보선,1
02000,공동주택,정수시설,1
09000,의료시설,전문대학원주차관리실,1
17000,공장,3호고압변전실,1
03000,제1종근린생활시설,포목점,1
17000,공장,출하세차장,1
17000,공장,재활용폐기물창고,1
17000,공장,비산재저장실,1
17000,공장,be폐유보관소,1
17000,공장,콤퓨실,1
15000,숙박시설,수퍼마켓,1
17000,공장,하역실,1
17000,공장,현장사무실및펌프실,1
17000,공장,로딩스테이션,1
17000,공장,1종폐장가압부상조데크,1
17000,공장,임가공실,1
17000,공장,전기집진제어실,1
11000,노유자시설,호장실,1
17000,공장,호파실,1
01000,단독주택,다가가구택,1
17000,공장,수위실및휴게실,1
17000,공장,수계량실,1
17000,공장,질산출하장,1
17000,공장,소방창고,1
17000,공장,무수황산제조공장,1
05000,문화및집회시설,곰집,1
17000,공장,오류저장고,1
06000,종교시설,전산실,1
02000,공동주택,e낵,1
17000,공장,작업자샤워실,1
17000,공장,정수펌프실,1
01000,단독주택,다가구용주택및,1
01000,단독주택,ptp,1
17000,공장,소각로기계실,1
22000,분뇨.쓰레기처리시설,대피및브로와실,1
17000,공장,전기분해공장,1
02000,공동주택,청소년공부방등,1
06000,종교시설,생활교육관,1
04000,제2종근린생활시설,독서실및일반음식점,1
17000,공장,비탱크제품출하장,1
17000,공장,이동통로,1
18000,창고시설,전시,1
01000,단독주택,건축,1
17000,공장,조분쇄공장,1
17000,공장,집진기실a,1
21000,동물및식물관련시설,수목원관리사,1
01000,단독주택,내1층,1
17000,공장,제품양생실,1
17000,공장,페이트창고,1
14000,업무시설,비상발전기실,1
17000,공장,기관차고,1
03000,제1종근린생활시설,사무소제1종근린생활시설,1
17000,공장,400톤고압변전실,1
17000,공장,쉘트,1
05000,문화및집회시설,노루사,1
17000,공장,자재검수장,1
17000,공장,메탄가스저장소,1
01000,단독주택,주택14,1
05000,문화및집회시설,관리인숙소,1
17000,공장,필터쉘타,1
01000,단독주택,근린생화활시설,1
17000,공장,모터실a,1
17000,공장,트럭데크조립장,1
17000,공장,환경관리동,1
17000,공장,지함제조공장,1
17000,공장,주유저장소,1
17000,공장,kcl,1
01000,단독주택,유류보관창고,1
03000,제1종근린생활시설,문서,1
17000,공장,왕겨룸,1
02000,공동주택,604동1층피로티,1
17000,공장,콘테이너빽출하장,1
17000,공장,충진동2,1
17000,공장,공중변소,1
17000,공장,40ton제8변전소,1
17000,공장,엔진통합창고,1
17000,공장,벌크출하동,1
10000,교육연구시설,종교교육관,1
17000,공장,케미칼셀타,1
17000,공장,페인트보관고,1
17000,공장,공장펌프실,1
17000,공장,가스분석실동,1
01000,단독주택,행랑및축사,1
04000,제2종근린생활시설,자동차수리공장,1
25000,발전시설,소수력발전소,1
18000,창고시설,김건조및제조장,1
14000,업무시설,재활용폐기물보관소,1
21000,동물및식물관련시설,통합발효우사,1
10000,교육연구시설,건설기계실,1
23000,교정및군사시설,원형,1
25000,발전시설,약품창고동,1
21000,동물및식물관련시설,축양장산소발전실,1
04000,제2종근린생활시설,보옥리,1
04000,제2종근린생활시설,농기계수리점및농기계보관창고,1
04000,제2종근린생활시설,잡사,1
04000,제2종근린생활시설,예비군장비고,1
04000,제2종근린생활시설,연탄창고,1
17000,공장,보관컨테이너,1
15000,숙박시설,근생시설및주택,1
17000,공장,제품탱크,1
17000,공장,부공장,1
01000,단독주택,수산물식품건어작업장,1
21000,동물및식물관련시설,축사방역시설,1
02000,공동주택,시장및,1
07000,판매시설,중대형점,1
18000,창고시설,남부사무실,1
Z3000,근린생활시설,휴게시설,1
01000,단독주택,과실저장고,1
15000,숙박시설,25,1
18000,창고시설,95정부지원사업,1
03000,제1종근린생활시설,근린생활시설다가구용,1
16000,위락시설,비각,1
04000,제2종근린생활시설,금속공작용,1
19000,위험물저장및처리시설,까스판매,1
15000,숙박시설,전구,1
Z8000,교육연구및복지시설,시설강습소,1
17000,공장,g실,1
02000,공동주택,장비반입,1
14000,업무시설,분리수거실,1
21000,동물및식물관련시설,식물련시설,1
04000,제2종근린생활시설,잎담배공동,1
04000,제2종근린생활시설,차고사무실,1
02000,공동주택,택배,1
10000,교육연구시설,교실및관리실,1
Z3000,근린생활시설,교육및연구시설,1
01000,단독주택,교회교육관,1
02000,공동주택,s실,1
22000,분뇨.쓰레기처리시설,톱밥발효퇴비사,1
33000,"국방,군사시설",장비실,1
17000,공장,검차실,1
17000,공장,엔진창고,1
04000,제2종근린생활시설,창고및제2종근생,1
04000,제2종근린생활시설,위험저장물,1
04000,제2종근린생활시설,놀이형시설기계실1,1
04000,제2종근린생활시설,농업기술센타,1
04000,제2종근린생활시설,2종음식점,1
01000,단독주택,제2근생사무소,1
06000,종교시설,청평루,1
04000,제2종근린생활시설,천주교화산연구소,1
04000,제2종근린생활시설,종교시설외1,1
01000,단독주택,공공리모델링,1
01000,단독주택,임대주택사업,1
17000,공장,위험저장처리시설,1
18000,창고시설,농민복지회관,1
11000,노유자시설,우천로,1
17000,공장,원부창고,1
03000,제1종근린생활시설,소방격납고,1
03000,제1종근린생활시설,점포및도서실,1
03000,제1종근린생활시설,조돈노인정,1
03000,제1종근린생활시설,주차장및점포및주택,1
03000,제1종근린생활시설,신호계전기실,1
17000,공장,소독대기실,1
01000,단독주택,제2종근린생활시설일반음식점,1
33000,"국방,군사시설",관사,1
14000,업무시설,g,1
30000,자원순환관련시설,수질오염방지시설,1
02000,공동주택,청소년지원센터,1
02000,공동주택,탑라이트2,1
17000,공장,변전기,1
02000,공동주택,업무시설외3,1
02000,공동주택,리빙플랫폼,1
17000,공장,3호기,1
01000,단독주택,농가주택및저온저장창고,1
15000,숙박시설,근린생활시,1
17000,공장,작업복,1
30000,자원순환관련시설,건강문화센터,1
09000,의료시설,다가구주택,1
30000,자원순환관련시설,퇴비보관시설,1
18000,창고시설,목재가공시설,1
18000,창고시설,저장및기자재창고,1
02000,공동주택,노인지원시설,1
,,영고서재,1
02000,공동주택,관리사무실및방재실,1
12000,수련시설,방가로,1
Z3000,근린생활시설,사무실및내무반,1
Z8000,교육연구및복지시설,종합복지회관,1
03000,제1종근린생활시설,대흥면,1
09000,의료시설,및제1종근생,1
02000,공동주택,전망카페1,1
04000,제2종근린생활시설,위험물관련시설,1
02000,공동주택,여성휴게공간,1
05000,문화및집회시설,농업홍보관,1
17000,공장,폐수장보일러,1
03000,제1종근린생활시설,주류전시장,1
30000,자원순환관련시설,방역장비창고,1
07000,판매시설,판매시설및근린시설,1
14000,업무시설,감시제어실,1
02000,공동주택,지하4층주차장,1
02000,공동주택,커뮤니티브릿지,1
02000,공동주택,전망엘리베이터,1
02000,공동주택,근생및오피스텔,1
02000,공동주택,계절창고3,1
02000,공동주택,전기실동,1
02000,공동주택,단지형연립주택원룸형및제1종근린생활시설한의원,1
02000,공동주택,다세대주택및근생시설,1
02000,공동주택,공공기여,1
10000,교육연구시설,정보화센타,1
18000,창고시설,맛김제조업소,1
02000,공동주택,생활편익시설및구매시설,1
14000,업무시설,호텔,1
02000,공동주택,교육원,1
02000,공동주택,주차장경사로,1
17000,공장,잠사교실,1
02000,공동주택,전기실기계실,1
02000,공동주택,베다니숙사,1
02000,공동주택,진입홀,1
01000,단독주택,주택부수단창고,1
17000,공장,안마기제조,1
02000,공동주택,구매시설및생활편익시설,1
02000,공동주택,오가구,1
02000,공동주택,경비및펌프실,1
20000,자동차관련시설,관리시설,1
Z3000,근린생활시설,전문음식점,1
02000,공동주택,빗물저수조실,1
04000,제2종근린생활시설,기타종교집회시설,1
21000,동물및식물관련시설,전복치폐장,1
04000,제2종근린생활시설,안방용보이라,1
20000,자동차관련시설,휴게임식점,1
13000,운동시설,라켓볼장,1
30000,자원순환관련시설,하수처리기계실,1
03000,제1종근린생활시설,남성주,1
02000,공동주택,소화용저수조관리,1
02000,공동주택,멀티미디어문화콘텐츠설비제공업소,1
02000,공동주택,생활편익시설및경비실,1
04199,기타운동시설,운동시설,1
17000,공장,재활용수거장,1
06000,종교시설,미술학원,1
27000,관광휴게시설,오동나무,1
18000,창고시설,집화장,1
17000,공장,재판실,1
02000,공동주택,원주아파트,1
03000,제1종근린생활시설,우유판매대리점,1
,,무인전화국,1
19000,위험물저장및처리시설,게모피,1
18000,창고시설,공동발효사,1
21000,동물및식물관련시설,비품창고,1
Z8000,교육연구및복지시설,농기계및자동차실습동,1
04000,제2종근린생활시설,2근린생활시설외1,1
02000,공동주택,펌프제어반실,1
,,정비소,1
01000,단독주택,젖소,1
03000,제1종근린생활시설,무일전화국,1
22000,분뇨.쓰레기처리시설,복지동,1
17000,공장,유류고2,1
02000,공동주택,전자기기실,1
17000,공장,농축실혼합실,1
03000,제1종근린생활시설,괴목지서청사,1
02000,공동주택,주민운동실,1
17000,공장,설치용금속탱크및가공저장용기제조업,1
17000,공장,pilot설치건물,1
17000,공장,소각정,1
17000,공장,자동차영업소,1
,,퇴비장및우사,1
,,축산폐수처리시설,1
03000,제1종근린생활시설,삼기면사무소,1
,,주택및소매점,1
04000,제2종근린생활시설,근린생활시설다방,1
21000,동물및식물관련시설,폐수처리,1
17000,공장,05압축기동,1
19000,위험물저장및처리시설,창고및가스통저장실,1
19000,위험물저장및처리시설,기계식세차시설,1
14000,업무시설,외5건,1
18000,창고시설,인쇄소,1
01000,단독주택,공동사택,1
20000,자동차관련시설,96,1
19000,위험물저장및처리시설,물탱크및펌프실,1
03000,제1종근린생활시설,전신전화분실,1
19000,위험물저장및처리시설,헬륨충전소,1
03000,제1종근린생활시설,센터,1
03000,제1종근린생활시설,남일지서,1
02000,공동주택,공동도서실,1
15000,숙박시설,근리생활시설,1
,,약수,1
02000,공동주택,152대,1
05000,문화및집회시설,경기전서측회랑,1
10000,교육연구시설,버스승차대기소,1
06000,종교시설,명주전,1
04000,제2종근린생활시설,제연실,1
07000,판매시설,생활편의시설,1
19000,위험물저장및처리시설,엘피지저장고,1
24000,방송통신시설,일반창고,1
24000,방송통신시설,전공창고,1
07000,판매시설,재활용보관시설,1
19000,위험물저장및처리시설,액화가스판매시설,1
Z9000,공공용시설,부속사,1
Z3000,근린생활시설,공동농기계보관창고,1
15000,숙박시설,100실,1
02000,공동주택,2317동하부,1
06000,종교시설,단조실,1
10000,교육연구시설,고남초등학교,1
19000,위험물저장및처리시설,발전소,1
03000,제1종근린생활시설,착수정및활성탄투입동,1
,,구판소,1
19000,위험물저장및처리시설,송유관제어실,1
02000,공동주택,방카,1
04000,제2종근린생활시설,부동산중개사무실,1
07000,판매시설,기자재창고,1
01000,단독주택,131,1
17000,공장,ebr압축기동,1
04000,제2종근린생활시설,직물제품제조업,1
23000,교정및군사시설,캐디대기실,1
17000,공장,복합복지,1
22000,분뇨.쓰레기처리시설,약품설비동,1
03000,제1종근린생활시설,목재가구작업장,1
17000,공장,죽도시장,1
04000,제2종근린생활시설,및대피소,1
14000,업무시설,키즈스테이션,1
10000,교육연구시설,공업연구소,1
21000,동물및식물관련시설,실내축양장,1
20000,자동차관련시설,cng충전소관리사무실,1
17000,공장,주형및금형관련제품제조업,1
17000,공장,소방탱크실,1
10000,교육연구시설,rotc,1
,,노인,1
21000,동물및식물관련시설,착유실및사료조,1
17000,공장,제수기실,1
03000,제1종근린생활시설,관제센터,1
17000,공장,폐필름보관소,1
17000,공장,식빵,1
04000,제2종근린생활시설,승강기,1
30000,자원순환관련시설,발전,1
10000,교육연구시설,통합기계실,1
17000,공장,절임시설,1
Z9000,공공용시설,탈수기동,1
03000,제1종근린생활시설,주택3가구,1
17000,공장,숙소식당,1
17000,공장,채소하치장,1
04000,제2종근린생활시설,동5호그늘집,1
18000,창고시설,정압실,1
18000,창고시설,임산물생산시설,1
04000,제2종근린생활시설,소분제조업,1
18000,창고시설,농가시설창고,1
10000,교육연구시설,정수장및실습실,1
22000,분뇨.쓰레기처리시설,음식물처리쓰레기장,1
22000,분뇨.쓰레기처리시설,하수종말시리장,1
20000,자동차관련시설,자동차관련시설외제2종근린생활시설,1
04000,제2종근린생활시설,천도교,1
02000,공동주택,동별커뮤니티센터,1
02000,공동주택,유아실내놀이터,1
02000,공동주택,급수,1
02000,공동주택,301동1층,1
02000,공동주택,아파트1세대,1
Z3000,근린생활시설,가축병원,1
10000,교육연구시설,위험물보관소,1
22000,분뇨.쓰레기처리시설,이동식화장실,1
20000,자동차관련시설,택시차고지,1
21000,동물및식물관련시설,농기계고,1
20000,자동차관련시설,자동차정비소외1,1
03000,제1종근린생활시설,완구,1
05000,문화및집회시설,교육관사무실,1
17000,공장,4700,1
22000,분뇨.쓰레기처리시설,쓰레기선별장,1
21000,동물및식물관련시설,d,1
17000,공장,주방및식탁용목재품제조,1
01000,단독주택,공장창고주거시설,1
14000,업무시설,수배전반실,1
21000,동물및식물관련시설,축산기자재,1
15000,숙박시설,특수목욕장,1
17000,공장,염화대리석파쇄공장,1
Z5000,문화및집회시설,1,1
10000,교육연구시설,농수산물판매점,1
17000,공장,임시출입로,1
01000,단독주택,숙소창고,1
06000,종교시설,유치부실,1
06000,종교시설,성가대실,1
26000,묘지관련시설,공설공원묘지내대기소,1
01000,단독주택,부목사,1
17000,공장,소각로부속동,1
14000,업무시설,식물관련시설,1
23000,교정및군사시설,쓰레기분리수거장,1
03000,제1종근린생활시설,고속철도변전소,1
10000,교육연구시설,예비군교육장,1
06000,종교시설,제각창고,1
27000,관광휴게시설,군휴양소,1
18000,창고시설,향군용,1
30000,자원순환관련시설,배수지,1
04000,제2종근린생활시설,c방,1
19000,위험물저장및처리시설,기계실3,1
27000,관광휴게시설,개수장,1
17000,공장,원부원료,1
,,사제판,1
04000,제2종근린생활시설,부속사및주택,1
04000,제2종근린생활시설,법전,1
17000,공장,봉제품,1
18000,창고시설,종합청사,1
20000,자동차관련시설,안내원및운전기사숙소,1
05000,문화및집회시설,옥외휴게실,1
01000,단독주택,구내식당,1
22000,분뇨.쓰레기처리시설,분뇨및쓰레기처리설,1
01000,단독주택,영빈각,1
17000,공장,파우더룸,1
22000,분뇨.쓰레기처리시설,쓰레기분리수거장,1
22000,분뇨.쓰레기처리시설,연구시설,1
11000,노유자시설,어린이회관,1
17000,공장,심정,1
11000,노유자시설,피로연장,1
10000,교육연구시설,맹인학교,1
10000,교육연구시설,후문경비초소,1
17000,공장,농축관,1
01000,단독주택,97패키지마을사업,1
20000,자동차관련시설,기타자동차곤련시설,1
,,죽염공장,1
19000,위험물저장및처리시설,액화석유가스충전소캐노피,1
03000,제1종근린생활시설,생활편의,1
04000,제2종근린생활시설,1984,1
02000,공동주택,경비숙소,1
05000,문화및집회시설,원릉비각,1
03000,제1종근린생활시설,소형,1
18000,창고시설,사무실판매장,1
17000,공장,배기가스시험동,1
17000,공장,엘피지탱크실,1
22000,분뇨.쓰레기처리시설,공동주택,1
20000,자동차관련시설,자동차관련시설외2건,1
15000,숙박시설,50객실,1
11000,노유자시설,비가림,1
Z8000,교육연구및복지시설,시설,1
10000,교육연구시설,제2본관,1
22000,분뇨.쓰레기처리시설,제3재활용센터,1
10000,교육연구시설,특수활동실,1
17000,공장,저장소2,1
22000,분뇨.쓰레기처리시설,기타분뇨및쓰레기처리시설,1
04000,제2종근린생활시설,향양제,1
21000,동물및식물관련시설,식묾관련시설,1
01000,단독주택,2종근생및,1
17000,공장,40ton부스타,1
20000,자동차관련시설,cng충전소사무실,1
04000,제2종근린생활시설,점포및주택및사무실,1
17000,공장,석물가공,1
05000,문화및집회시설,순,1
01000,단독주택,수단창고,1
21000,동물및식물관련시설,곡물창고,1
18000,창고시설,제2종근린새활시설,1
01000,단독주택,수도장,1
01000,단독주택,세면장및화장실,1
10000,교육연구시설,수의학,1
22000,분뇨.쓰레기처리시설,최초침전지유입분배조,1
20000,자동차관련시설,유료주차장,1
18000,창고시설,식품저장창고,1
03000,제1종근린생활시설,배수,1
04000,제2종근린생활시설,일반음식점주택,1
19000,위험물저장및처리시설,자동차등의,1
19000,위험물저장및처리시설,간이정비,1
19000,위험물저장및처리시설,사용하는,1
17000,공장,공장시설및사무실,1
02000,공동주택,골프연스장,1
03000,제1종근린생활시설,한약창고,1
29000,장례시설,주차대기실,1
01000,단독주택,산서중학교,1
29000,장례시설,차고,1
20000,자동차관련시설,일반차고,1
03000,제1종근린생활시설,도정공장및,1
17000,공장,파이롯트방적공장,1
17000,공장,psm,1
22000,분뇨.쓰레기처리시설,춘천하수종말처리장,1
04000,제2종근린생활시설,투입실,1
21000,동물및식물관련시설,채묘등,1
20000,자동차관련시설,자동차관련시설및다가구주택,1
04000,제2종근린생활시설,특산물판매점,1
17000,공장,복합비료공장,1
01000,단독주택,고재훈,1
20000,자동차관련시설,윤활유,1
01000,단독주택,94주택개량사업,1
,,전철변전소,1
02000,공동주택,버스승,1
19000,위험물저장및처리시설,세차기기덮개,1
19000,위험물저장및처리시설,예비군무기고,1
JY,,위락시설,1
17000,공장,촉매투입실,1
03000,제1종근린생활시설,2종근린생활시설및운수시설,1
Z3000,근린생활시설,일반음식점및창고,1
04000,제2종근린생활시설,단독주택4가구,1
19000,위험물저장및처리시설,아연말저장소,1
01000,단독주택,창고및사무소,1
19000,위험물저장및처리시설,주유소외1,1
17000,공장,주거성능실험실,1
05000,문화및집회시설,화실,1
03000,제1종근린생활시설,소매점및방아간,1
19000,위험물저장및처리시설,용제펌프실,1
18000,창고시설,폐수처리관리동,1
19000,위험물저장및처리시설,유해화학물질보관소,1
17000,공장,적층및표면처리지,1
17000,공장,체육도장,1
17000,공장,위험물실험실,1
,,양로당,1
07000,판매시설,오서시장,1
04000,제2종근린생활시설,기타학교,1
10000,교육연구시설,외부화장실,1
02000,공동주택,304동,1
,,영유아보육시설,1
,,고정식온실,1
30000,자원순환관련시설,1동,1
Z8000,교육연구및복지시설,기독교교육관,1
19000,위험물저장및처리시설,위험물저장시설및판매취급소,1
19000,위험물저장및처리시설,유해화학물질보관판매시설,1
19000,위험물저장및처리시설,위험물전세취급소,1
19000,위험물저장및처리시설,유해화학물질저장소,1
19000,위험물저장및처리시설,도시가스정압실,1
11000,노유자시설,어린이집및,1
02000,공동주택,펌프실44,1
19000,위험물저장및처리시설,유류탱크시설,1
17000,공장,수산식물가공공장,1
03000,제1종근린생활시설,노인정및마을공공회의실,1
17000,공장,bfwp,1
17000,공장,맥아공장,1
01000,단독주택,체육실,1
19000,위험물저장및처리시설,연화고,1
17000,공장,문화시설,1
19000,위험물저장및처리시설,가정용가스판매업,1
,,도자기공장및관리사,1
01000,단독주택,c조,1
,,옥수수냉동가공공장,1
03000,제1종근린생활시설,양념채소,1
19000,위험물저장및처리시설,자동차간이정비설,1
,,선광장,1
02000,공동주택,도시형생활주택22세대,1
10000,교육연구시설,등사실,1
15000,숙박시설,외2건,1
03000,제1종근린생활시설,홀및점포,1
02000,공동주택,근린생활주택및다세대주택,1
19000,위험물저장및처리시설,에비이에스수소저장소,1
22000,분뇨.쓰레기처리시설,탈취휀실a동,1
04000,제2종근린생활시설,공동주택및제1,1
19000,위험물저장및처리시설,저유탱크,1
07000,판매시설,시장변소,1
04000,제2종근린생활시설,교역자숙소,1
,,연구실,1
21000,동물및식물관련시설,다육이재배사,1
02000,공동주택,경비원및미화원휴게실,1
02000,공동주택,226대형,1
08000,운수시설,복리후생,1
07000,판매시설,농산물판매소및부속저장창고,1
19000,위험물저장및처리시설,수소충전소사무동,1
12000,수련시설,기구창고동,1
15000,숙박시설,방문자센터,1
,,예비군강의장,1
07000,판매시설,복합유통게임제공업,1
19000,위험물저장및처리시설,가정용lpg,1
19000,위험물저장및처리시설,주공장용,1
,,저장시설,1
17000,공장,방카시유,1
02000,공동주택,아파트주택및점포,1
,,제분공장,1
02000,공동주택,기계펌프전기실,1
03000,제1종근린생활시설,약품탱크,1
03000,제1종근린생활시설,위험물보관창고,1
19000,위험물저장및처리시설,화약판매소및경비숙소,1
21000,동물및식물관련시설,연구실험실,1
24000,방송통신시설,기타공공시설,1
17000,공장,전기변전실,1
21000,동물및식물관련시설,축산용왕겨저장창고,1
04000,제2종근린생활시설,우물정자,1
,,축사및퇴비사,1
15000,숙박시설,창고및쓰레기장,1
19000,위험물저장및처리시설,위험물저장소1,1
,,농기계공동보관창고,1
25000,발전시설,폐수처리장,1
17000,공장,염소가스공급실,1
17000,공장,염화알루미늄저장실,1
10000,교육연구시설,이발관및차고,1
10000,교육연구시설,골프연습장휴게실,1
17000,공장,연사제조공장,1
01000,단독주택,청용사,1
19000,위험물저장및처리시설,위험물원료창고,1
19000,위험물저장및처리시설,휴게시설,1
17000,공장,계단및물탱트실,1
15000,숙박시설,외3용도,1
01000,단독주택,근린생확시설,1
Z3000,근린생활시설,슈퍼미켓,1
19000,위험물저장및처리시설,축산탱크,1
19000,위험물저장및처리시설,메탄올저장소,1
04000,제2종근린생활시설,차동차관련시설,1
14000,업무시설,기숙사및식당,1
19000,위험물저장및처리시설,액화석유가스저장및판매소,1
19000,위험물저장및처리시설,위험물및저장처리시설,1
07000,판매시설,영업주택,1
,,환경위생시설,1
22000,분뇨.쓰레기처리시설,슬러지야적장,1
21000,동물및식물관련시설,동물관런시설,1
11000,노유자시설,측정소,1
01000,단독주택,騙,1
17000,공장,분해로,1
14000,업무시설,활선차고,1
04000,제2종근린생활시설,14실,1
06000,종교시설,청소년수련원,1
06000,종교시설,동문회관,1
01000,단독주택,창고2동,1
30000,자원순환관련시설,폐기물보관장,1
02000,공동주택,연립숙사,1
17000,공장,정밀가공실,1
,,농업생산기관시설,1
02000,공동주택,청년모임방,1
16000,위락시설,카페,1
02000,공동주택,다세대주택10,1
15000,숙박시설,거실,1
07000,판매시설,장,1
13000,운동시설,물놀이형,1
02000,공동주택,아동학습놀이존,1
02000,공동주택,보행전용승강기,1
03000,제1종근린생활시설,즉석제조판매시설,1
04000,제2종근린생활시설,주지사체,1
11000,노유자시설,12인생활동,1
02000,공동주택,주차관제실,1
02000,공동주택,주민휴게센터,1
02000,공동주택,철도청직원,1
03000,제1종근린생활시설,2pf,1
17000,공장,경비및,1
03000,제1종근린생활시설,2층근린생활시설,1
17000,공장,개선작업반,1
24000,방송통신시설,조석관측,1
30000,자원순환관련시설,자원순환물품보관창고,1
02000,공동주택,주민자치식당,1
18000,창고시설,철강제품,1
03000,제1종근린생활시설,동부산,1
16000,위락시설,제,1
03000,제1종근린생활시설,지장전,1
02000,공동주택,공공육아나눔터,1
03000,제1종근린생활시설,약수터,1
03000,제1종근린생활시설,81,1
02000,공동주택,상가204동,1
02000,공동주택,업무시설및도시형생활주택,1
17000,공장,kv,1
21000,동물및식물관련시설,개망우사,1
21000,동물및식물관련시설,시험계사육실,1
14000,업무시설,기상관측소,1
04000,제2종근린생활시설,지2종근린생활시설,1
22000,분뇨.쓰레기처리시설,탈수장,1
14000,업무시설,신갈동주민센터및기흥구보건소,1
14000,업무시설,빗물펌프장,1
14000,업무시설,재활용센터,1
01000,단독주택,2종근린생활시설및다가구용단독주택,1
04000,제2종근린생활시설,농산물1차가공처리시설,1
03000,제1종근린생활시설,2차침전지계단실,1
04000,제2종근린생활시설,메주건조장,1
01000,단독주택,목재스레트,1
17000,공장,피조개,1
17000,공장,자동차부품업,1
17000,공장,목재자구제조,1
02000,공동주택,106동지하1층,1
14000,업무시설,주차장휀룸,1
14000,업무시설,54호,1
14000,업무시설,포도수확체험관,1
18000,창고시설,ss분무기창고,1
17000,공장,집진기데크,1
11000,노유자시설,새생활어린이집,1
02000,공동주택,키즈전용관,1
17000,공장,중기수리공장,1
31000,야영장시설,주택,1
17000,공장,식품용기,1
03000,제1종근린생활시설,제2종근린활시설,1
14000,업무시설,출하장,1
14000,업무시설,종합관리사무실,1
18000,창고시설,간이저장시설,1
14000,업무시설,제1종근린,1
Z3000,근린생활시설,tv중계소,1
Z6000,판매및영업시설,유류판매소,1
10000,교육연구시설,교습소,1
03000,제1종근린생활시설,가압소,1
21000,동물및식물관련시설,급이실,1
04000,제2종근린생활시설,행정사무실,1
13000,운동시설,카드보관소,1
03000,제1종근린생활시설,북면,1
04000,제2종근린생활시설,농기계부속창고,1
14000,업무시설,피난계단실,1
03010,정수장,정수장,1
03000,제1종근린생활시설,나본,1
17000,공장,외주부품전처리,1
04000,제2종근린생활시설,저수장,1
20000,자동차관련시설,고등학교,1
12000,수련시설,소공방,1
10000,교육연구시설,오폐수,1
10000,교육연구시설,처리동,1
01000,단독주택,농막사,1
01000,단독주택,영업및,1
26000,묘지관련시설,공동사용시설,1
13000,운동시설,공인3급,1
,,농약사무실,1
14000,업무시설,창고동,1
13000,운동시설,고등학교,1
17000,공장,htm보일러,1
14000,업무시설,운송관련사무실,1
22000,분뇨.쓰레기처리시설,슬럿지저장창고,1
03000,제1종근린생활시설,중대본부회의실,1
01000,단독주택,철물,1
14000,업무시설,오피스텔및제1종근린생활시설,1
17000,공장,1차체식당,1
04000,제2종근린생활시설,19실,1
04000,제2종근린생활시설,사무소차양,1
22000,분뇨.쓰레기처리시설,가스브로아,1
03000,제1종근린생활시설,근린생활시설의원,1
17000,공장,구내식당및휴게실,1
06000,종교시설,성당외,1
18000,창고시설,농산물체험장,1
01000,단독주택,주택및부속사및창고,1
18000,창고시설,농업용창고및농기계보관창고,1
01000,단독주택,스라브주택,1
18000,창고시설,양어장박전실창고,1
18000,창고시설,농가창고및농기계보관창고,1
04000,제2종근린생활시설,1급유,1
21000,동물및식물관련시설,농산물가공실험실,1
01000,단독주택,배수지사택,1
18000,창고시설,저온저장고외,1
21000,동물및식물관련시설,톱밥저장소,1
18000,창고시설,감귤원창고,1
18000,창고시설,실험실창고,1
18000,창고시설,방앗간및화장실,1
18000,창고시설,오수처리장관리실,1
01000,단독주택,자연태양열주택,1
14000,업무시설,계량기실,1
21000,동물및식물관련시설,축사착유실,1
21000,동물및식물관련시설,축사의관리사,1
18000,창고시설,경방용자제창고,1
01000,단독주택,주택및교육연구및복지시설,1
21000,동물및식물관련시설,대기사,1
01000,단독주택,농업용작업장,1
18000,창고시설,창고및2종근,1
04000,제2종근린생활시설,정미소및,1
05000,문화및집회시설,소화기계실,1
21000,동물및식물관련시설,우렁이부화장,1
01000,단독주택,제2종근린생활시설등,1
01000,단독주택,회관관리주택,1
01000,단독주택,독신형,1
01000,단독주택,단독주책및제2종근린생활시설,1
19000,위험물저장및처리시설,타이어매장,1
11000,노유자시설,14,1
20000,자동차관련시설,정비공장창고,1
04000,제2종근린생활시설,상담센터,1
03000,제1종근린생활시설,비디오방,1
05000,문화및집회시설,문화및집회시설의부속시설,1
04000,제2종근린생활시설,교회건물,1
03000,제1종근린생활시설,간이tv,1
01000,단독주택,목재가구제조업,1
05000,문화및집회시설,태령전,1
05000,문화및집회시설,공조및제연실,1
03000,제1종근린생활시설,저온,1
18000,창고시설,미술작업실,1
17000,공장,폐지분리수거장,1
02000,공동주택,빗물저수조점검층,1
02000,공동주택,오수정화조점검층,1
01000,단독주택,골물창고장,1
26000,묘지관련시설,열녀문,1
04000,제2종근린생활시설,공공형,1
11000,노유자시설,교육연구및아동복지시설,1
02000,공동주택,17새대,1
02000,공동주택,비상급수양수장,1
02000,공동주택,셀프정비소,1
05000,문화및집회시설,유상각,1
04000,제2종근린생활시설,인터넷겜임시설및주택,1
17000,공장,비철금속재생재료가공업,1
05000,문화및집회시설,효자문,1
04000,제2종근린생활시설,종중제사용,1
05000,문화및집회시설,안내사무실및화장실,1
05000,문화및집회시설,마루체험동,1
05000,문화및집회시설,금오서원,1
05000,문화및집회시설,피난훈련용실화재훈련장,1
22000,분뇨.쓰레기처리시설,수질측정소,1
05000,문화및집회시설,중앙공급실,1
15000,숙박시설,여인숙외,1
21000,동물및식물관련시설,뜸부기사육장,1
03000,제1종근린생활시설,근린공시설,1
05000,문화및집회시설,하당채,1
17000,공장,혼합싸이로및,1
17000,공장,쓰레기집적장,1
20000,자동차관련시설,사옥,1
02000,공동주택,plant,1
05000,문화및집회시설,문화체험관,1
32000,교정시설,경비실,1
03000,제1종근린생활시설,전통민속놀이연습장,1
24000,방송통신시설,내아,1
03000,제1종근린생활시설,우유대리점,1
03000,제1종근린생활시설,도로관리사업창고,1
05000,문화및집회시설,만화루,1
11000,노유자시설,노인복지회,1
01000,단독주택,근린생활제조장,1
03000,제1종근린생활시설,하하장,1
05000,문화및집회시설,사원관,1
19000,위험물저장및처리시설,자동차용품판매점,1
01000,단독주택,10거구,1
04000,제2종근린생활시설,성형제품제조업,1
22000,분뇨.쓰레기처리시설,쓰레기처리시설및공장,1
06000,종교시설,금당,1
22000,분뇨.쓰레기처리시설,이동식,1
04000,제2종근린생활시설,휴양시설,1
04000,제2종근린생활시설,자재관리,1
04000,제2종근린생활시설,근린생활시설강습소및사무실,1
18000,창고시설,근린생활시설관계,1
04000,제2종근린생활시설,47,1
21000,동물및식물관련시설,축사및분뇨처리장,1
03000,제1종근린생활시설,매연단련실,1
03000,제1종근린생활시설,훈련장,1
03000,제1종근린생활시설,농산물집하장및,1
14000,업무시설,미술관,1
17000,공장,분진저장고,1
17000,공장,단독주택외2,1
17000,공장,페인트압송실,1
17000,공장,인판넬동,1
17000,공장,감마엔진공장,1
04000,제2종근린생활시설,해산물가공장,1
17000,공장,페인트혼합실,1
17000,공장,석공장,1
17000,공장,농산물저장창고,1
05000,문화및집회시설,대문체,1
17000,공장,턴널,1
17000,공장,압축펌프실,1
17000,공장,감마레이창고,1
01000,단독주택,위험물처리장,1
17000,공장,코어보관장,1
03000,제1종근린생활시설,서구치매안심센터,1
14000,업무시설,기타건물,1
17000,공장,배기팬실,1
17000,공장,에프에프에이기계실,1
03000,제1종근린생활시설,휴개음식점,1
17000,공장,공장및농업용창고,1
04000,제2종근린생활시설,죽세품가공작업장,1
02000,공동주택,인터넷까페,1
17000,공장,가구제조장,1
17000,공장,화물하역장,1
17000,공장,미곡건조장,1
17000,공장,알루미늄재처리실,1
Z8000,교육연구및복지시설,조작실,1
01000,단독주택,수거용재래식,1
17000,공장,수재하우스,1
,,회,1
20000,자동차관련시설,저수조,1
17000,공장,연립주택외2,1
17000,공장,조립식,1
17000,공장,의장공장및케노피,1
22000,분뇨.쓰레기처리시설,일반폐기물재활용시설,1
17000,공장,조절제제조공장,1
19000,위험물저장및처리시설,로딩암실,1
17000,공장,상공장,1
20000,자동차관련시설,차고지사무소,1
17000,공장,수지자동화창고,1
17000,공장,폐윤활유저장고,1
17000,공장,수지사무동,1
17000,공장,모래창고동,1
03000,제1종근린생활시설,마을독서휴게실,1
17000,공장,액체산소보관실,1
12000,수련시설,수양원,1
17000,공장,모형제조업,1
04000,제2종근린생활시설,창고외,1
17000,공장,강재전처리장,1
05000,문화및집회시설,접견실,1
17000,공장,지설처리실,1
17000,공장,사무동전기실,1
17000,공장,창고및복지관,1
17000,공장,사무실및차고,1
17000,공장,3지구화약취급소,1
01000,단독주택,56,1
17000,공장,돔탱크조작실,1
17000,공장,골재배합실,1
17000,공장,지게차정비,1
03000,제1종근린생활시설,농축산물직매장,1
24000,방송통신시설,통신시설용,1
17000,공장,도색실,1
17000,공장,처리조,1
17000,공장,세관사무실,1
17000,공장,재활용쓰레기보관창고,1
17000,공장,김가공처리시설,1
17000,공장,전기배터리실,1
01000,단독주택,창고부속사,1
17000,공장,창고1,1
17000,공장,통합보일러비상발전실,1
17000,공장,수소탱크실,1
17000,공장,유기물비료공장,1
17000,공장,본부석,1
03000,제1종근린생활시설,가스공급실,1
04000,제2종근린생활시설,어업용시설,1
17000,공장,샵장흡연장,1
17000,공장,폐수저감시설,1
17000,공장,화공약품고,1
17000,공장,사입물충전실,1
08000,운수시설,작업장,1
17000,공장,비가림통로,1
17000,공장,d20,1
17000,공장,가스가마실,1
07000,판매시설,합숙소,1
10000,교육연구시설,농업기계실,1
17000,공장,유압기계실,1
17000,공장,콤프레셔덮개,1
02000,공동주택,설비관리실,1
04000,제2종근린생활시설,식품위생용종이제품제조업,1
17000,공장,육가공작업장,1
17000,공장,주원료투입고,1
10000,교육연구시설,강당및급식실동,1
17000,공장,안전교육관,1
04000,제2종근린생활시설,사무실및강습소,1
03000,제1종근린생활시설,수리업,1
17000,공장,익스페리멘탈공장,1
27000,관광휴게시설,호두나무,1
04000,제2종근린생활시설,외3건,1
10000,교육연구시설,근린생활시설및교육및연구시설,1
14000,업무시설,에어로빅,1
14000,업무시설,피부미용실,1
03000,제1종근린생활시설,메타실,1
17000,공장,뱃쳐플렌트,1
03000,제1종근린생활시설,귀농귀촌,1
17000,공장,친환경비료생산공장,1
06000,종교시설,연구원,1
17000,공장,비공해공장및위험물저장및처리시설,1
17000,공장,암롤박스저장실,1
03000,제1종근린생활시설,근린생활시성,1
17000,공장,부라디엔압축기실,1
02000,공동주택,제103동,1
17000,공장,밭작물가공공장,1
17000,공장,원료유압실,1
13000,운동시설,라운지,1
17000,공장,해태건조실,1
17000,공장,장애인재활작업장,1
17000,공장,차량반,1
17000,공장,수지제생공장,1
02000,공동주택,유아문고,1
17000,공장,열매보일러실,1
17000,공장,1소방밸브실,1
02000,공동주택,234,1
17000,공장,골재저장고5,1
Z3000,근린생활시설,구호소,1
17000,공장,구조금속제품,1
17000,공장,인산공장화장실,1
03000,제1종근린생활시설,도료류판매소,1
17000,공장,시험평가센타,1
17000,공장,연구실동,1
17000,공장,에칭실,1
17000,공장,아스콘제조용골재보관창고,1
17000,공장,변전소동,1
17000,공장,페인트공장,1
04000,제2종근린생활시설,근린생시설,1
11000,노유자시설,물탱크및가스정압기실,1
21000,동물및식물관련시설,승강장,1
17000,공장,어류가공공장,1
17000,공장,휴게실및화장실,1
13000,운동시설,무대,1
17000,공장,석탄샘프링스테이숀,1
17000,공장,유연탄저장고,1
16000,위락시설,장례식장,1
04000,제2종근린생활시설,한지공방,1
17000,공장,농수산물건조장,1
17000,공장,쓰레기임시보관소,1
17000,공장,원피창고,1
09000,의료시설,폐기물처리장,1
17000,공장,제1종근생시설,1
18000,창고시설,농지용창고,1
17000,공장,촉매저장실,1
17000,공장,12호예열실,1
02000,공동주택,폐기물관소,1
17000,공장,미역가공공장및주택,1
18000,창고시설,자동차수리점,1
Z9000,공공용시설,공원내,1
17000,공장,공작창,1
17000,공장,제품적재장,1
17000,공장,판지제조업,1
02000,공동주택,주자장,1
16000,위락시설,문화,1
01000,단독주택,7세대주택,1
17000,공장,원료저장창고,1
27000,관광휴게시설,관광숙박시설,1
17000,공장,새마을회관,1
17000,공장,양조공장,1
17000,공장,모니터링실,1
17000,공장,리베오일동,1
18000,창고시설,축산물,1
17000,공장,광산경비망대,1
17000,공장,차량소독기,1
17000,공장,공장의경비실,1
17000,공장,급수펌프실,1
17000,공장,이지저장탱크,1
21000,동물및식물관련시설,위한,1
20000,자동차관련시설,도장부스작업장,1
05000,문화및집회시설,작품전시실,1
17000,공장,밸브파이프가공제조업,1
17000,공장,시멘트밀양수장,1
17000,공장,벨브룸,1
17000,공장,연화공장,1
21000,동물및식물관련시설,퇴비보관창고,1
17000,공장,계량대,1
11000,노유자시설,문구점,1
17000,공장,편조공장,1
03000,제1종근린생활시설,의원사무실,1
17000,공장,5공장사무동,1
20000,자동차관련시설,4동,1
04000,제2종근린생활시설,모래야적장,1
17000,공장,자동주입시설,1
01000,단독주택,3가용,1
01000,단독주택,다가주택11가구,1
03000,제1종근린생활시설,유독물창고,1
04000,제2종근린생활시설,7306동,1
20000,자동차관련시설,운전교습장,1
04000,제2종근린생활시설,구공사,1
22000,분뇨.쓰레기처리시설,재활용센터,1
04000,제2종근린생활시설,건축자재제조,1
21000,동물및식물관련시설,양어장수조,1
22000,분뇨.쓰레기처리시설,농산물하치장,1
14000,업무시설,쓰레기분리소,1
22000,분뇨.쓰레기처리시설,관린동,1
03000,제1종근린생활시설,소방서119구조대,1
03000,제1종근린생활시설,금융업소사무소,1
17000,공장,모터덮개,1
17000,공장,공구실및작업실,1
03000,제1종근린생활시설,헬기,1
22000,분뇨.쓰레기처리시설,산발효펌프실,1
07000,판매시설,회관,1
17000,공장,침출,1
03000,제1종근린생활시설,영림종업원숙소,1
17000,공장,김치저장고및작업장,1
04000,제2종근린생활시설,벌크하화장,1
19000,위험물저장및처리시설,위험물저장시설및,1
17000,공장,폐콘크리트창고,1
05000,문화및집회시설,목공예전시장,1
17000,공장,no8,1
17000,공장,폐수처리보관창고,1
03000,제1종근린생활시설,지하창고,1
03000,제1종근린생활시설,정수장관리본관,1
04000,제2종근린생활시설,제연,1
05000,문화및집회시설,농기계전시장,1
03000,제1종근린생활시설,사적,1
10000,교육연구시설,제3생활관,1
05000,문화및집회시설,밀양민속예술전수회관,1
11000,노유자시설,헬스장,1
18000,창고시설,28,1
03000,제1종근린생활시설,의복제조공장,1
20000,자동차관련시설,co2,1
Z9000,공공용시설,공용,1
17000,공장,복지센터동,1
18000,창고시설,토종꿀가공처리,1
22000,분뇨.쓰레기처리시설,유입펌프,1
01000,단독주택,사료상회,1
30000,자원순환관련시설,교반발효장,1
01000,단독주택,총16가구,1
03000,제1종근린생활시설,식당및다방,1
10000,교육연구시설,대학교본관,1
05000,문화및집회시설,추모전시관,1
05000,문화및집회시설,충혼탑,1
21000,동물및식물관련시설,종균보관실,1
01000,단독주택,영수학원,1
05000,문화및집회시설,열려각,1
02000,공동주택,54,1
05000,문화및집회시설,성당화장실,1
05000,문화및집회시설,제각및주택,1
02000,공동주택,발전요원,1
17000,공장,fm직원휴게실,1
01000,단독주택,g창고,1
02000,공동주택,elev2,1
02000,공동주택,대피소7,1
18000,창고시설,농업용과실저온저장소,1
01000,단독주택,근근린생활시설,1
17000,공장,건,1
14000,업무시설,행정본관동,1
21000,동물및식물관련시설,조립식,1
17000,공장,깨스분석실,1
05000,문화및집회시설,문화및관람시설,1
03000,제1종근린생활시설,일반음식점및부동산중개사무소,1
11000,노유자시설,연면적제외,1
Z9000,공공용시설,동물관련시설,1
08000,운수시설,예배실,1
03000,제1종근린생활시설,대합실등,1
18000,창고시설,마늘야적장,1
02000,공동주택,근린주차장,1
19000,위험물저장및처리시설,독서실,1
03000,제1종근린생활시설,제2종근생및주택,1
24000,방송통신시설,무인무선기지국,1
,,양어시설,1
03000,제1종근린생활시설,2종근생및다가구주택,1
14000,업무시설,155실,1
17000,공장,보관소1,1
04000,제2종근린생활시설,약국시설,1
07000,판매시설,노래연습장,1
17000,공장,cupping공장,1
14000,업무시설,에너지저장시설,1
17000,공장,31벨트콘베이어,1
03000,제1종근린생활시설,채소건조장,1
10000,교육연구시설,견본농업기계전시관,1
03000,제1종근린생활시설,소방사고,1
,,증축,1
01000,단독주택,어류축양장,1
Z3000,근린생활시설,근린생활시설외1용도,1
04000,제2종근린생활시설,공,1
29000,장례시설,2종,1
04000,제2종근린생활시설,청소년게임제공업,1
19000,위험물저장및처리시설,기계식세차설비기계실,1
05000,문화및집회시설,종친회,1
15000,숙박시설,26객실,1
17000,공장,부원료탱크실,1
02000,공동주택,교수아파트,1
03000,제1종근린생활시설,작업식,1
03000,제1종근린생활시설,총인설비,1
15000,숙박시설,사진관,1
10000,교육연구시설,작업장,1
01000,단독주택,조온저장고,1
03000,제1종근린생활시설,점포및제1,1
01000,단독주택,뒤주,1
26000,묘지관련시설,안치단,1
21000,동물및식물관련시설,어류축양시설,1
20000,자동차관련시설,편익시설,1
03000,제1종근린생활시설,제2종근링생활시설,1
17000,공장,자동조정및,1
17000,공장,제어장치제조업,1
04000,제2종근린생활시설,제실및사당,1
03000,제1종근린생활시설,지역자율방재소,1
Z3000,근린생활시설,원두막,1
17000,공장,보조변전실,1
03000,제1종근린생활시설,저,1
17000,공장,한함,1
04000,제2종근린생활시설,사업소,1
04000,제2종근린생활시설,폐수처리실,1
01000,단독주택,장류제조공장,1
17000,공장,원자재하치장,1
02000,공동주택,중앙통제실홀,1
20000,자동차관련시설,자동차부품판매업소,1
,,대기사,1
06000,종교시설,사찰대웅전,1
18000,창고시설,야외무대,1
08000,운수시설,휴계실,1
17000,공장,드럼와셔룸,1
03000,제1종근린생활시설,훈련생숙소,1
05000,문화및집회시설,별채,1
14000,업무시설,문화및판매시설,1
24000,방송통신시설,방송중계시설,1
17000,공장,후생복지동,1
03000,제1종근린생활시설,배터리실7,1
14000,업무시설,근린생활시설c,1
Z3000,근린생활시설,근린생활시실및주택,1
Z5000,문화및집회시설,삼문,1
11000,노유자시설,보육관,1
01000,단독주택,간이양축시설,1
17000,공장,정비팀실험실,1
03000,제1종근린생활시설,구급차,1
03000,제1종근린생활시설,외용소방대,1
03000,제1종근린생활시설,월성마을,1
02000,공동주택,주민운,1
04000,제2종근린생활시설,화장품제조업소,1
Z8000,교육연구및복지시설,골프연습장,1
17000,공장,오폐수처리시설기계실,1
02000,공동주택,관리사및강당,1
21000,동물및식물관련시설,물치고,1
17000,공장,소각로통제실,1
02000,공동주택,부대복리동,1
21000,동물및식물관련시설,돈사관리사,1
01000,단독주택,97농촌주택개량사업대상자,1
03000,제1종근린생활시설,청소년게임제공업의시설,1
17000,공장,velve,1
03000,제1종근린생활시설,지역특산물판매장및부대시설,1
01000,단독주택,다중중택,1
04000,제2종근린생활시설,비주거,1
Z3000,근린생활시설,지도소,1
21000,동물및식물관련시설,26,1
03000,제1종근린생활시설,평스라브,1
04000,제2종근린생활시설,커피,1
02000,공동주택,59,1
19000,위험물저장및처리시설,고압가스충건소,1
19000,위험물저장및처리시설,충전시설,1
10000,교육연구시설,농대실험실,1
19000,위험물저장및처리시설,부속업무시설,1
04000,제2종근린생활시설,복덕방,1
17000,공장,위생및가정용목제,1
05000,문화및집회시설,정자1,1
17000,공장,debagging,1
01000,단독주택,톱밥돈사,1
13000,운동시설,운동시설및제1,1
03000,제1종근린생활시설,2종근생및자동차관련시설,1
17000,공장,원료이송실,1
19000,위험물저장및처리시설,고압가스용기,1
04000,제2종근린생활시설,도촌별묘,1
01000,단독주택,관련,1
24000,방송통신시설,휴대전화기지국,1
17000,공장,초화공실,1
17000,공장,판매소,1
05000,문화및집회시설,관광안내소,1
06000,종교시설,장씨종가제실,1
03000,제1종근린생활시설,전력변환장치실1,1
07000,판매시설,대규모첨포,1
04000,제2종근린생활시설,연결브릿지,1
14000,업무시설,306호,1
02000,공동주택,게임제공업소,1
02000,공동주택,아파트및2종근생,1
16000,위락시설,공연장,1
27000,관광휴게시설,유스호스텔,1
02000,공동주택,툇마루,1
31000,야영장시설,찜질방,1
21000,동물및식물관련시설,벌크,1
03000,제1종근린생활시설,1존근린생활시설,1
,,건창고,1
03000,제1종근린생활시설,새마을시설,1
15000,숙박시설,나,1
21000,동물및식물관련시설,도립양어장사무실,1
17000,공장,계단및,1
17000,공장,공업용수동,1
10000,교육연구시설,옥외,1
03000,제1종근린생활시설,숙박업,1
16000,위락시설,음식보관소,1
22000,분뇨.쓰레기처리시설,위생시설,1
20000,자동차관련시설,자동차매매소,1
20000,자동차관련시설,충전사무소,1
04000,제2종근린생활시설,농산어촌체함장,1
17000,공장,폐기물하역장,1
01000,단독주택,토산품진열장,1
17000,공장,피복절연선및케이블제조업,1
14000,업무시설,23호,1
03000,제1종근린생활시설,허브센터,1
17000,공장,그물제조장,1
22000,분뇨.쓰레기처리시설,동물분뇨처리시설,1
22000,분뇨.쓰레기처리시설,분뇨쓰레처리시설,1
19000,위험물저장및처리시설,건조공실,1
17000,공장,굴비,1
03000,제1종근린생활시설,사부실,1
14000,업무시설,업무시설중,1
17000,공장,완효성,1
04000,제2종근린생활시설,장의,1
25000,발전시설,일반취급소,1
Z3000,근린생활시설,업무,1
04000,제2종근린생활시설,관음사,1
15000,숙박시설,청소년,1
20000,자동차관련시설,정각,1
04000,제2종근린생활시설,농기계보관및수리소,1
17000,공장,p동,1
JY,,점포,1
17000,공장,24대,1
04000,제2종근린생활시설,무실,1
02000,공동주택,원미주택,1
04000,제2종근린생활시설,호스제조공장,1
20000,자동차관련시설,cng충전소기계실동,1
03000,제1종근린생활시설,오금동,1
04000,제2종근린생활시설,술,1
04000,제2종근린생활시설,가건물,1
17000,공장,조제계합성세제제조업,1
22000,분뇨.쓰레기처리시설,소각장관리사무소,1
18000,창고시설,차이고,1
20000,자동차관련시설,자동차관련시설및운동시설,1
22000,분뇨.쓰레기처리시설,전시시설,1
15000,숙박시설,비품실및,1
20000,자동차관련시설,셀프세차장시설,1
10000,교육연구시설,친환경농업연구시설,1
20000,자동차관련시설,다용도실,1
19000,위험물저장및처리시설,수리점부속창고,1
03000,제1종근린생활시설,근린니생활시설,1
17000,공장,금속조립구조재제조업,1
20000,자동차관련시설,자동차관련시설및근린시설,1
17000,공장,가견공장,1
02000,공동주택,재활용품수거창고,1
03000,제1종근린생활시설,원룸형주택,1
02000,공동주택,연립주택주택,1
20000,자동차관련시설,자동차계강습소,1
17000,공장,폐고철,1
17000,공장,운동및경기용구제조업,1
02000,공동주택,종합방제실,1
10000,교육연구시설,t시험동,1
01000,단독주택,엽연초건조실,1
01000,단독주택,소금제조장,1
03000,제1종근린생활시설,황토토굴찜질방,1
,,수의실,1
22000,분뇨.쓰레기처리시설,공동구출입경사로,1
20000,자동차관련시설,정류소및주택,1
01000,단독주택,교양실,1
05000,문화및집회시설,랑하,1
04000,제2종근린생활시설,준화시설,1
22000,분뇨.쓰레기처리시설,발효돈분장,1
17000,공장,sfd기계실,1
20000,자동차관련시설,분무실,1
20000,자동차관련시설,콤푸레샤실,1
17000,공장,제품세척실,1
20000,자동차관련시설,검사대사무실,1
05000,문화및집회시설,양지문,1
01000,단독주택,시멘트,1
05000,문화및집회시설,농업문화홍보관,1
01000,단독주택,마을금고,1
17000,공장,폐기물대기소,1
07000,판매시설,농기구수리소,1
07000,판매시설,유류판매소,1
18000,창고시설,좌연양곡창고,1
03000,제1종근린생활시설,생활의료시설,1
18000,창고시설,관리용품,1
02000,공동주택,일용품점,1
10000,교육연구시설,골프연습실,1
03000,제1종근린생활시설,수도시설의,1
04000,제2종근린생활시설,금린생활시설,1
,,b동1,1
03000,제1종근린생활시설,노유,1
20000,자동차관련시설,재활용품분류장,1
01000,단독주택,및보일러실,1
10000,교육연구시설,경기,1
17000,공장,주방식탁용목제품제조업,1
Z3000,근린생활시설,방송중계소,1
19000,위험물저장및처리시설,캐노피및사무실,1
17000,공장,박스보관장,1
,,돈분발효처리공장,1
02000,공동주택,재활용품창고등,1
21000,동물및식물관련시설,부속온실,1
17000,공장,기아공장및캐노피,1
01000,단독주택,인터넷컴퓨터게임시설,1
17000,공장,자수제조,1
17000,공장,2제강공장콤프레샤실,1
17000,공장,mill,1
17000,공장,퇴비저장동,1
17000,공장,과수사무소,1
15000,숙박시설,생활,1
17000,공장,방전처리장,1
03000,제1종근린생활시설,지상지상주차장,1
03000,제1종근린생활시설,농산물대규모,1
17000,공장,유틸리티시설,1
10000,교육연구시설,아동상담소,1
24000,방송통신시설,송신소및청경실,1
24000,방송통신시설,유류탱크실,1
17000,공장,공장정비동,1
17000,공장,폐화약처리장,1
17000,공장,주차장2,1
17000,공장,제1분석기실,1
17000,공장,종합저장고,1
31000,야영장시설,개수대시설,1
17000,공장,공장및물류하역장,1
30000,자원순환관련시설,상담실,1
17000,공장,기계사업부공장기계공장,1
17000,공장,농기계세척장,1
02000,공동주택,데니스장,1
03000,제1종근린생활시설,민방위비상급수,1
04000,제2종근린생활시설,교회숙소,1
17000,공장,전복가공시설,1
11000,노유자시설,2종근생및,1
17000,공장,광산화장실,1
02000,공동주택,중간기계실4,1
17000,공장,가죽갑피,1
19000,위험물저장및처리시설,rhds가스압축기동,1
17000,공장,차량보관소,1
17000,공장,방사동공장,1
17000,공장,식당가스저장고,1
17000,공장,일반철문,1
17000,공장,필터프레스동,1
17000,공장,2문안내실,1
10000,교육연구시설,유도부훈련장,1
17000,공장,목재건구제조공장,1
17000,공장,차폐룸,1
01000,단독주택,72,1
02000,공동주택,구내매점,1
17000,공장,mnb분석실,1
17000,공장,노인기숙사,1
17000,공장,생산2과운전실,1
17000,공장,문구용지제조공장,1
17000,공장,경화공실,1
17000,공장,중앙사무동,1
01000,단독주택,한증막,1
14000,업무시설,부대및복리시설,1
02000,공동주택,계단실deck층,1
14000,업무시설,60실,1
02000,공동주택,북갤러리,1
04000,제2종근린생활시설,저유장,1
10000,교육연구시설,지방분권,1
05000,문화및집회시설,한산성,1
17000,공장,술제조공장,1
17000,공장,톱밥저장조,1
21000,동물및식물관련시설,식물관련시설고,1
27000,관광휴게시설,실내시설물,1
01000,단독주택,본당,1
03000,제1종근린생활시설,일반업무시설및,1
17000,공장,복합비료제조공장,1
27000,관광휴게시설,영사실,1
20000,자동차관련시설,물치장,1
17000,공장,스트레나실,1
17000,공장,보선기공장,1
17000,공장,식품가공장,1
17000,공장,독신숙소,1
17000,공장,수처리및전기실,1
01000,단독주택,원단편조업,1
18000,창고시설,수산물사료,1
17000,공장,오락장,1
18000,창고시설,급유시설,1
03000,제1종근린생활시설,근린생활할시설,1
17000,공장,광기사무실,1
06000,종교시설,이발소,1
,,연쇄점,1
05000,문화및집회시설,협문4,1
17000,공장,소프테닝워터실,1
05000,문화및집회시설,특별관,1
19000,위험물저장및처리시설,용기,1
05000,문화및집회시설,운전자대기소,1
17000,공장,고압가스용기창고,1
01000,단독주택,기혼,1
05000,문화및집회시설,문화및집회시설문화및집회시설,1
04000,제2종근린생활시설,폐기물처리장,1
04000,제2종근린생활시설,2종근린생및주택,1
23000,교정및군사시설,o,1
23000,교정및군사시설,q,1
04000,제2종근린생활시설,산약가공,1
10000,교육연구시설,음악연습실,1
04000,제2종근린생활시설,농수산물건조시설,1
22000,분뇨.쓰레기처리시설,건설폐기물중간처리업,1
06000,종교시설,공중화장실,1
05000,문화및집회시설,게이트볼장,1
27000,관광휴게시설,북카페,1
17000,공장,수첨탈환공정,1
17000,공장,일반위험물,1
10000,교육연구시설,농업체험관,1
01000,단독주택,공공관저,1
01000,단독주택,문중,1
03000,제1종근린생활시설,상담실,1
10000,교육연구시설,부속용도,1
02000,공동주택,2층데크,1
01000,단독주택,공구점,1
10000,교육연구시설,여명원,1
27000,관광휴게시설,휴게소a,1
17000,공장,폐차장,1
03000,제1종근린생활시설,인터넷게임제공업,1
14000,업무시설,근린생활및,1
02000,공동주택,스핀바이크룸,1
04000,제2종근린생활시설,수산물보관창고,1
17000,공장,의복제조업,1
14000,업무시설,20개호,1
Z3000,근린생활시설,자동차매매장,1
09000,의료시설,하고,1
21000,동물및식물관련시설,배지,1
27000,관광휴게시설,수족관,1
05000,문화및집회시설,체험관및창고,1
,,성형,1
21000,동물및식물관련시설,소매및,1
21000,동물및식물관련시설,고압수전실,1
05000,문화및집회시설,자재창고,1
02000,공동주택,4201동,1
18000,창고시설,가로정비,1
01000,단독주택,제1종근린생활시설근,1
04000,제2종근린생활시설,제조가공,1
Z5000,문화및집회시설,김만덕기념관,1
07000,판매시설,판매시설외5,1
13000,운동시설,농어가주택,1
15000,숙박시설,숙박사설,1
18000,창고시설,수산업,1
18000,창고시설,당밀탱크,1
15000,숙박시설,108실,1
10000,교육연구시설,운동장스텐드,1
10000,교육연구시설,미스트하우스,1
10000,교육연구시설,1공학관,1
17000,공장,위험물저온옥내저장소,1
10000,교육연구시설,기능훈련원,1
,,제재실,1
24000,방송통신시설,문루,1
17000,공장,원석저장호퍼,1
18000,창고시설,현도장,1
10000,교육연구시설,도예관실습실,1
17000,공장,비공해작업공장,1
21000,동물및식물관련시설,멧돼지막사,1
07000,판매시설,소각시설,1
17000,공장,h동수위실,1
Z3000,근린생활시설,야구연습장,1
19000,위험물저장및처리시설,위험물판매취급소및주택,1
21000,동물및식물관련시설,영농자재,1
01000,단독주택,제2종근린생활시성,1
07000,판매시설,사무실및연쇄점,1
04000,제2종근린생활시설,저수조펌프실,1
08000,운수시설,관람집회,1
,,현장,1
03000,제1종근린생활시설,주산,1
05000,문화및집회시설,중삼문,1
18000,창고시설,제품장창고및대피소,1
21000,동물및식물관련시설,차량소독소,1
21000,동물및식물관련시설,퇴적장및발효우사,1
07000,판매시설,하역장,1
15000,숙박시설,35실,1
21000,동물및식물관련시설,농기용저온저장창고,1
21000,동물및식물관련시설,지렁이사육시설,1
01000,단독주택,부목창고,1
21000,동물및식물관련시설,정묘배양장,1
18000,창고시설,홉프건조장,1
18000,창고시설,무화과선별,1
14000,업무시설,221호,1
02000,공동주택,사회주택,1
18000,창고시설,창고시걸,1
07000,판매시설,절화경매장,1
18000,창고시설,공장관련시설,1
21000,동물및식물관련시설,부화장관리사,1
21000,동물및식물관련시설,양머장및관리사,1
18000,창고시설,적출물보관창고,1
21000,동물및식물관련시설,축산페수처리장,1
01000,단독주택,오두막,1
05000,문화및집회시설,홍보및전시관,1
18000,창고시설,건조실및부속시설,1
01000,단독주택,농가용부속창고,1
14000,업무시설,조합장실,1
18000,창고시설,제2종근린생활시설외2,1
01000,단독주택,농가주택및소매점,1
18000,창고시설,연탄하차장,1
17000,공장,40ton집진전기실,1
18000,창고시설,마늘건가시설창고,1
18000,창고시설,비료보관실,1
18000,창고시설,과일저정창고,1
18000,창고시설,양묘사업소,1
21000,동물및식물관련시설,축사및관리실,1
18000,창고시설,창고시설및단독주텍,1
18000,창고시설,봉치부락창고,1
01000,단독주택,1호주택,1
21000,동물및식물관련시설,돈사및분만실,1
21000,동물및식물관련시설,돈분발효조,1
27000,관광휴게시설,숲해설가사무실,1
01000,단독주택,제1종근린생활시설밍주택,1
01000,단독주택,다용도실및화장실,1
18000,창고시설,해태집하장,1
01000,단독주택,단독주택및제2종근린생활,1
17000,공장,자동차경비,1
18000,창고시설,드럼창고,1
01000,단독주택,제1종근린생활시설및제2종근린생활시설및단독주택,1
01000,단독주택,무을면장관사,1
01000,단독주택,가동1층,1
18000,창고시설,조립식판넬,1
01000,단독주택,시멘브럭,1
17000,공장,폐기물건조시설,1
10000,교육연구시설,교육연구및제1종근린생활시설,1
25000,발전시설,냉각수펌프동,1
18000,창고시설,특산물집하장,1
21000,동물및식물관련시설,양돈축사,1
03000,제1종근린생활시설,검단,1
18000,창고시설,달걀보관창고,1
18000,창고시설,군사시설물,1
18000,창고시설,재분소,1
01000,단독주택,단독주택2가구및근린생활시설,1
01000,단독주택,변소1,1
17000,공장,6동,1
21000,동물및식물관련시설,버섯보관실,1
03000,제1종근린생활시설,요금징수소,1
01000,단독주택,다음주택,1
21000,동물및식물관련시설,엽연초건조장,1
21000,동물및식물관련시설,담배굴,1
01000,단독주택,단독주택및교육연구시설,1
17000,공장,실린더분석실,1
18000,창고시설,농업용장고시설,1
18000,창고시설,계분건조창고,1
18000,창고시설,노암ㄱ,1
01000,단독주택,기타용도,1
01000,단독주택,다구주택17가구,1
01000,단독주택,몽가주택,1
04000,제2종근린생활시설,선전탑,1
18000,창고시설,공업용창고,1
01000,단독주택,벌크건조기,1
18000,창고시설,친환경농산물보관창고,1
01000,단독주택,주택및제1종근린생활,1
01000,단독주택,디기구주택,1
01000,단독주택,종교집회장및다가구주택,1
18000,창고시설,농가용차고,1
18000,창고시설,공공근린시설및창고,1
18000,창고시설,농기계및농자재보관창고,1
17000,공장,과자,1
19000,위험물저장및처리시설,자동차용기충전시설,1
01000,단독주택,제1종근린생활및다가구용주택,1
15000,숙박시설,4호,1
01000,단독주택,주택및간이음식점,1
21000,동물및식물관련시설,로데오체험장,1
01000,단독주택,주택외공장,1
18000,창고시설,농산물1차,1
01000,단독주택,보도실,1
01000,단독주택,근린생활시설및다가구주택3가구,1
04000,제2종근린생활시설,목재가공제조업소,1
21000,동물및식물관련시설,축사ㅣ,1
21000,동물및식물관련시설,농산물하차장,1
01000,단독주택,근로자숙소,1
21000,동물및식물관련시설,퇴비사및광,1
18000,창고시설,저장고및관리사,1
18000,창고시설,주민공동시설,1
18000,창고시설,마을공동채소개량저장고,1
18000,창고시설,사일로,1
01000,단독주택,제조업소및주택,1
18000,창고시설,농수산물사료저온저장고,1
17000,공장,견학동,1
01000,단독주택,주택및그린생활시설,1
21000,동물및식물관련시설,단충축사,1
17000,공장,목제제조업,1
17000,공장,a509헤드타워,1
01000,단독주택,화장실및헛간,1
21000,동물및식물관련시설,농업생산시설물,1
21000,동물및식물관련시설,본관동,1
01000,단독주택,단독주택및대피소,1
01000,단독주택,세와,1
17000,공장,즉석판매가공업,1
19000,위험물저장및처리시설,경정비실,1
18000,창고시설,창고및주택시설,1
18000,창고시설,재활용품저장창고,1
22000,분뇨.쓰레기처리시설,운반창고,1
21000,동물및식물관련시설,퇴비사및축사창고,1
01000,단독주택,사택1호동,1
04000,제2종근린생활시설,비석,1
18000,창고시설,트렌티싸이로,1
18000,창고시설,어름저장창고,1
18000,창고시설,청고,1
02000,공동주택,101,1
21000,동물및식물관련시설,창고및잠실,1
01000,단독주택,근린생활시설외3,1
18000,창고시설,97소랑리마을공동농기계보관창고,1
21000,동물및식물관련시설,축양장보일러실,1
18000,창고시설,주거용물품창고,1
21000,동물및식물관련시설,환경친화형퇴비사,1
10000,교육연구시설,3건,1
01000,단독주택,우수,1
19000,위험물저장및처리시설,대피호,1
18000,창고시설,건조실및농사,1
01000,단독주택,다가구용일반주택,1
21000,동물및식물관련시설,단독주택외2,1
18000,창고시설,의료원,1
01000,단독주택,주택및취사장,1
01000,단독주택,단독주택및제1종근린생활,1
18000,창고시설,농업용창고및냉장창고,1
18000,창고시설,산물벼저장창고,1
02000,공동주택,경찰지서,1
19000,위험물저장및처리시설,자동차경정비,1
Z6000,판매및영업시설,오물처리실,1
01000,단독주택,시멘트목조,1
01000,단독주택,농가용주택및보일러실,1
18000,창고시설,부화장창고및관리사,1
21000,동물및식물관련시설,공병수거실,1
21000,동물및식물관련시설,배지생산동,1
01000,단독주택,호장실,1
21000,동물및식물관련시설,양봉산물채취장,1
18000,창고시설,농산물창고및축사,1
18000,창고시설,산소아세틸렌창고,1
18000,창고시설,절임공장부설창고,1
18000,창고시설,흡연장,1
17000,공장,싸이로저장시설,1
18000,창고시설,사료제조공장,1
18000,창고시설,준농림지역,1
21000,동물및식물관련시설,새마을회관,1
18000,창고시설,폐드럼보관장,1
18000,창고시설,과수생산시설,1
17000,공장,12대,1
01000,단독주택,다가구주택17,1
18000,창고시설,자연대창고,1
17000,공장,paint,1
17000,공장,화물용,1
01000,단독주택,건축물대장생성신청,1
01000,단독주택,주택및숙소,1
18000,창고시설,화훼저장창고,1
18000,창고시설,수전실및창고,1
21000,동물및식물관련시설,축산분뇨정화시설,1
18000,창고시설,농업생산시설창고,1
17000,공장,도료2부,1
18000,창고시설,무우저장창고,1
18000,창고시설,마을회관및창고,1
01000,단독주택,다가구4주택,1
21000,동물및식물관련시설,축사및과일저장고,1
18000,창고시설,농기계보광창고,1
18000,창고시설,인구1리공동농기계보관창고,1
01000,단독주택,제2종근린생활시설및주택및위락시설,1
18000,창고시설,창고4,1
01000,단독주택,다가구용단독주택3가구용,1
18000,창고시설,일반청고,1
04000,제2종근린생활시설,스튜디오공개실,1
18000,창고시설,농업생산사업,1
17000,공장,제품원료보관소,1
01000,단독주택,원장사택,1
02000,공동주택,327,1
01000,단독주택,업무시설및단독주택,1
02000,공동주택,지반층,1
18000,창고시설,축사용자재창고,1
08000,운수시설,변전시설,1
01000,단독주택,동회관,1
14000,업무시설,동주택,1
01000,단독주택,관라사,1
18000,창고시설,유료취급소,1
12000,수련시설,화장실1,1
19000,위험물저장및처리시설,고압가스충전,1
17000,공장,판자용,1
02000,공동주택,종합관리동,1
17000,공장,창고식당,1
03000,제1종근린생활시설,공동창고겸작업대기소,1
18000,창고시설,쇼트테트라스트실,1
30000,자원순환관련시설,매점,1
02000,공동주택,차고및다세대주택,1
08000,운수시설,신청사,1
03000,제1종근린생활시설,매치,1
03000,제1종근린생활시설,고속도요금징수소및119구급대사무소,1
18000,창고시설,밑겨저장고,1
05000,문화및집회시설,구조물,1
03000,제1종근린생활시설,숙박영업소,1
22000,분뇨.쓰레기처리시설,침출수펌프장,1
01000,단독주택,동물가축병원,1
08000,운수시설,헬기장,1
01000,단독주택,농각주택,1
14000,업무시설,업무시설근생시설,1
03000,제1종근린생활시설,어린이전자오락실,1
33000,"국방,군사시설",사령관차고,1
17000,공장,액상소석회,1
Z8000,교육연구및복지시설,말목정,1
Z9000,공공용시설,건조장,1
Z8000,교육연구및복지시설,공주고,1
04000,제2종근린생활시설,택지4,1
04000,제2종근린생활시설,404동,1
14000,업무시설,업무시설외5,1
02000,공동주택,대학생스터디룸,1
14000,업무시설,빗물처리실,1
17000,공장,죽제품,1
17000,공장,가공조립,1
14000,업무시설,미술작업장,1
14000,업무시설,공공용업무시설,1
17000,공장,온도공조실,1
17000,공장,pitch보관장,1
17000,공장,정비차고,1
15000,숙박시설,2존근린생활시설,1
17000,공장,오락용품,1
04000,제2종근린생활시설,사무용테이프제조업,1
04000,제2종근린생활시설,곡물가공및처리기제조업,1
01000,단독주택,다가구주택11세대,1
09000,의료시설,오염세탁물,1
02000,공동주택,서원아파트단지내상가,1
Z3000,근린생활시설,대피호,1
27000,관광휴게시설,동헌,1
02000,공동주택,1006동1층피로티,1
02000,공동주택,수화물보관소,1
04000,제2종근린생활시설,제거식,1
01000,단독주택,곶감건조실,1
03000,제1종근린생활시설,유아시설,1
04000,제2종근린생활시설,성인,1
01000,단독주택,다가주택13가구,1
19000,위험물저장및처리시설,산소처리시설,1
17000,공장,암모니아저장,1
27000,관광휴게시설,사무동,1
08000,운수시설,지상역사,1
21000,동물및식물관련시설,간이소독조,1
07000,판매시설,비가림통로,1
Z3000,근린생활시설,근린생황시설,1
Z5000,문화및집회시설,사당및,1
17000,공장,채소박피공장,1
27000,관광휴게시설,여자화장실,1
01000,단독주택,헛간방,1
19000,위험물저장및처리시설,액화석유가스용기,1
02000,공동주택,노인회관,1
18000,창고시설,주택자재생산시설,1
17000,공장,달리분류되지않은기타특수산업용기계제조업,1
16000,위락시설,일반유흠음식점,1
17000,공장,방사선저장소,1
02000,공동주택,701동위치,1
20000,자동차관련시설,가스충전소,1
03000,제1종근린생활시설,냉동공장,1
17000,공장,p발전기실,1
15000,숙박시설,139,1
10000,교육연구시설,사범대부속유치원,1
04000,제2종근린생활시설,처리시설외1,1
17000,공장,bd압축기실,1
22000,분뇨.쓰레기처리시설,a동및b동,1
03000,제1종근린생활시설,새마을회관겸,1
08000,운수시설,오도,1
14000,업무시설,사우나,1
01000,단독주택,창고및파고라,1
01000,단독주택,일반유흥주점,1
Z3000,근린생활시설,이발소,1
19000,위험물저장및처리시설,휴게소및위험물저장및처리시설,1
17000,공장,불교용품제조업,1
17000,공장,ssbr자동창고,1
18000,창고시설,공업사,1
17000,공장,부산물비료,1
03000,제1종근린생활시설,입시,1
25000,발전시설,기숙사,1
02000,공동주택,e동,1
04000,제2종근린생활시설,물류현장사무실,1
18000,창고시설,보관용창고,1
02000,공동주택,개스실,1
21000,동물및식물관련시설,식물관련시설1,1
01000,단독주택,1974년도,1
23000,교정및군사시설,통제대,1
23000,교정및군사시설,다세대주택,1
01000,단독주택,다류업조에,1
18000,창고시설,근린새이활시설,1
05000,문화및집회시설,고라니사육장,1
05000,문화및집회시설,사자사육장,1
18000,창고시설,창고서실,1
04000,제2종근린생활시설,사택사무실,1
17000,공장,lpg탱크저장소,1
04000,제2종근린생활시설,학원및주택,1
17000,공장,전지위험물옥내저장소,1
04000,제2종근린생활시설,자동차영업소및사무소,1
02000,공동주택,부대시설및주민공동시설,1
14000,업무시설,10,1
04000,제2종근린생활시설,공장및제조업소,1
07000,판매시설,불교용품판매점,1
04000,제2종근린생활시설,집회당,1
02000,공동주택,주차장및주민공동시설,1
23000,교정및군사시설,전천후,1
18000,창고시설,종계사,1
04000,제2종근린생활시설,포도즙제조장,1
02000,공동주택,주차장f,1
02000,공동주택,2316동하부,1
04000,제2종근린생활시설,근생및교육연구시설,1
04000,제2종근린생활시설,농산물창고및부대시설,1
18000,창고시설,토밥창고,1
04000,제2종근린생활시설,한지공장,1
04000,제2종근린생활시설,카센타및사무소,1
06000,종교시설,대조사,1
04000,제2종근린생활시설,식품제조시설및창고,1
26000,묘지관련시설,제기고,1
04000,제2종근린생활시설,축사시설,1
04000,제2종근린생활시설,새마을공동목욕탕,1
18000,창고시설,목재건구제조업,1
06000,종교시설,도조사,1
06000,종교시설,교육관및사택,1
04000,제2종근린생활시설,훈련원,1
06000,종교시설,목욕실,1
04000,제2종근린생활시설,동물위탁관리시설,1
17000,공장,샘플링창고,1
04000,제2종근린생활시설,근린및다가구용단독주택,1
04000,제2종근린생활시설,신학당,1
04000,제2종근린생활시설,폐기물실,1
04000,제2종근린생활시설,농식품가공시설,1
04000,제2종근린생활시설,복지센타,1
04000,제2종근린생활시설,1종근린생활시설및주택,1
04000,제2종근린생활시설,건조장및수리센타,1
04000,제2종근린생활시설,제2종근린생활시설및영업소,1
04000,제2종근린생활시설,열녀비각,1
18000,창고시설,폐모,1
04000,제2종근린생활시설,근제1,1
06000,종교시설,수도자실,1
14000,업무시설,근생용,1
20000,자동차관련시설,자동차관련시설및판매시설,1
02000,공동주택,부대복리시설용,1
02000,공동주택,헬스장등,1
06000,종교시설,재상,1
04000,제2종근린생활시설,가금사,1
04000,제2종근린생활시설,씽크대제조공장,1
03000,제1종근린생활시설,발전설비,1
04000,제2종근린생활시설,제2종근린생활시섫,1
04000,제2종근린생활시설,무선기지국,1
18000,창고시설,창고및대기실,1
30000,자원순환관련시설,폐기물분리수거장,1
18000,창고시설,식품제조업,1
04000,제2종근린생활시설,농업새산시설,1
31000,야영장시설,위생시설,1
17000,공장,내부반,1
04000,제2종근린생활시설,제조장및사무소,1
04000,제2종근린생활시설,안전등실,1
10000,교육연구시설,사택2동,1
04000,제2종근린생활시설,단층관리사,1
04000,제2종근린생활시설,제품전시장,1
18000,창고시설,물류터미널및냉장창고,1
14000,업무시설,재활용생활폐기물보관소,1
04000,제2종근린생활시설,전통통가마실,1
04000,제2종근린생활시설,양조장및주택,1
18000,창고시설,비료공장,1
22000,분뇨.쓰레기처리시설,비축창고a,1
06000,종교시설,협동조합실,1
06000,종교시설,부목실,1
06000,종교시설,전법동,1
04000,제2종근린생활시설,사무실및교육훈련실,1
18000,창고시설,전작창고,1
04000,제2종근린생활시설,주택및사무실점포,1
04000,제2종근린생활시설,용암당,1
01000,단독주택,면적산정제외,1
04000,제2종근린생활시설,식품제조창,1
10000,교육연구시설,숙질실,1
04000,제2종근린생활시설,용지제조업,1
06000,종교시설,종중제실관리사,1
06000,종교시설,화장실및관리사,1
02000,공동주택,입주자동호회실,1
06000,종교시설,수변실,1
21000,동물및식물관련시설,선별장동,1
06000,종교시설,각황전,1
01000,단독주택,주택및점포부속사,1
04000,제2종근린생활시설,자동차관련시설외1,1
26000,묘지관련시설,자연장지부속건축물,1
04000,제2종근린생활시설,본채,1
04000,제2종근린생활시설,5가구용,1
17000,공장,완구조립,1
02000,공동주택,빗물이용저수조,1
02000,공동주택,주민멀티룸,1
04000,제2종근린생활시설,사찰및화장실,1
17000,공장,bess공장,1
17000,공장,해태공장원초실,1
04000,제2종근린생활시설,공설시장,1
04000,제2종근린생활시설,몸채,1
17000,공장,연료탱크실,1
14000,업무시설,56개호,1
04000,제2종근린생활시설,제조업소및판매장,1
04000,제2종근린생활시설,숙소및사무실,1
04000,제2종근린생활시설,자동차영업소부속창고,1
13000,운동시설,관람,1
04000,제2종근린생활시설,주차장및위락시설및근린생활시설및교육연구시설,1
,,도서실및체육실,1
02000,공동주택,장기일반민간임대주택,1
04000,제2종근린생활시설,기관차검수실,1
17000,공장,폐가스처리동,1
04000,제2종근린생활시설,불교서적센터,1
02000,공동주택,가스스텐이션,1
,,정비공장사무실,1
26000,묘지관련시설,조경묘서제,1
17000,공장,공단내,1
03000,제1종근린생활시설,진위면사무소,1
19000,위험물저장및처리시설,근린생활주택,1
21000,동물및식물관련시설,수의실,1
17000,공장,수지간이휴게소,1
01000,단독주택,9가구다가구,1
02000,공동주택,749,1
21000,동물및식물관련시설,280,1
21000,동물및식물관련시설,농가용주택및,1
13000,운동시설,저수조,1
08000,운수시설,항만근로자식당,1
04000,제2종근린생활시설,종합분소,1
17000,공장,합성동,1
17000,공장,드라이룸,1
13000,운동시설,창고4,1
21000,동물및식물관련시설,69,1
22000,분뇨.쓰레기처리시설,농축조,1
13000,운동시설,선수대기실5,1
03000,제1종근린생활시설,노인복지,1
15000,숙박시설,136호,1
14000,업무시설,별관2,1
13000,운동시설,컨베이어1,1
01000,단독주택,공용건물,1
04000,제2종근린생활시설,pcs기지국,1
20000,자동차관련시설,28,1
04000,제2종근린생활시설,가동2층,1
13000,운동시설,관리동1,1
15000,숙박시설,일반숙박,1
03000,제1종근린생활시설,후생동,1
13000,운동시설,운동시설및휴게실,1
Z8000,교육연구및복지시설,사료배합공장,1
03000,제1종근린생활시설,컴퓨터게임장,1
21000,동물및식물관련시설,양돈용,1
13000,운동시설,선수대기실10,1
17000,공장,청화소다공장,1
12000,수련시설,근로청소년,1
19000,위험물저장및처리시설,위험물창고동,1
13000,운동시설,론볼링장,1
04000,제2종근린생활시설,관광,1
11000,노유자시설,유료복지주택부대시설,1
02000,공동주택,신재생기계전기실,1
14000,업무시설,오피스텔35호,1
01000,단독주택,예체능계학원,1
01000,단독주택,95농가주택지원분,1
,,방송,1
17000,공장,크링카빈,1
01000,단독주택,10농지전용,1
13000,운동시설,공판매소,1
18000,창고시설,농어업용건조장,1
,,관리사및,1
05000,문화및집회시설,문화시설회관,1
01000,단독주택,도정공,1
17000,공장,가스환기실,1
06000,종교시설,교회건축물,1
03000,제1종근린생활시설,소방항공대,1
Z9000,공공용시설,대곶복지회관,1
02000,공동주택,vr존,1
13000,운동시설,게이트볼,1
07000,판매시설,공공화장실,1
10000,교육연구시설,벨브실,1
10000,교육연구시설,연립관사3,1
25000,발전시설,lng정압기동,1
17000,공장,도장열처리장,1
06000,종교시설,갈항사,1
10000,교육연구시설,내,1
10000,교육연구시설,정화조기계실1,1
10000,교육연구시설,교육연규시설,1
02000,공동주택,복지아파트,1
08000,운수시설,신호소,1
03000,제1종근린생활시설,gis,1
04000,제2종근린생활시설,금고회관,1
10000,교육연구시설,정보종합센터,1
03000,제1종근린생활시설,위험물취급소및,1
10000,교육연구시설,교재보관실,1
17000,공장,33,1
10000,교육연구시설,실내야구훈련장,1
10000,교육연구시설,학생복지시설,1
10000,교육연구시설,지하수관측소,1
03000,제1종근린생활시설,및제2종근,1
08000,운수시설,위험물창고,1
10000,교육연구시설,간이음식대,1
12000,수련시설,자연휴양림,1
03000,제1종근린생활시설,새마을체육관,1
01000,단독주택,매점휴게실,1
01000,단독주택,2018년도농촌주택개량,1
10000,교육연구시설,용기보관소,1
17000,공장,우유저장고,1
10000,교육연구시설,화학실험실,1
10000,교육연구시설,코크스공장,1
10000,교육연구시설,실기실,1
03000,제1종근린생활시설,유개차고,1
09000,의료시설,정신요양원,1
,,철구조물제작공장,1
10000,교육연구시설,자연대3호관,1
,,그늘막,1
17000,공장,과자제조장,1
02000,공동주택,종합방재시설,1
02000,공동주택,목공방,1
02000,공동주택,및주민공동시설,1
18000,창고시설,생산품,1
01000,단독주택,가스용기보관실,1
02000,공동주택,저류조1,1
09000,의료시설,휴게파고라,1
21000,동물및식물관련시설,정수시설,1
14000,업무시설,발전기시운전실,1
10000,교육연구시설,탁구연습장,1
02000,공동주택,15동경비실,1
10000,교육연구시설,장례식장,1
04000,제2종근린생활시설,창고및주택,1
10000,교육연구시설,교육연구소,1
04000,제2종근린생활시설,커피제조,1
05000,문화및집회시설,대체에너지진열관,1
09000,의료시설,의료선교시설,1
10000,교육연구시설,사대부중모터실,1
17000,공장,나무젖가락,1
17000,공장,소방호스저장소5,1
20000,자동차관련시설,및공장,1
10000,교육연구시설,양성소,1
04000,제2종근린생활시설,남자화장실,1
03000,제1종근린생활시설,마을공동건강관리실,1
05000,문화및집회시설,어린이집,1
06000,종교시설,찰륜당,1
03000,제1종근린생활시설,능촌회관,1
04000,제2종근린생활시설,배전용,1
01000,단독주택,7군동의필,1
04000,제2종근린생활시설,야외점포,1
03000,제1종근린생활시설,홍수예경보시설,1
18000,창고시설,간이처리시설,1
03000,제1종근린생활시설,소매점및건조장,1
03000,제1종근린생활시설,다방및소매점,1
11000,노유자시설,다목적복지회관,1
03000,제1종근린생활시설,부속전기실,1
27000,관광휴게시설,티하우스,1
03000,제1종근린생활시설,상수도관청,1
03000,제1종근린생활시설,근린생활시설및축사,1
03000,제1종근린생활시설,책문화관,1
15000,숙박시설,청소년유기장,1
03000,제1종근린생활시설,공동정자,1
17000,공장,생활폐기물분리수거장,1
03000,제1종근린생활시설,호프건조장,1
03000,제1종근린생활시설,일용품소매점및점포,1
21000,동물및식물관련시설,흉발,1
17000,공장,염포로,1
03000,제1종근린생활시설,도시가스실,1
03000,제1종근린생활시설,위험물저장고,1
03000,제1종근린생활시설,육상어류축양장부속건물,1
03000,제1종근린생활시설,마을공동농산어촌체험장및작업장,1
22000,분뇨.쓰레기처리시설,트럭스케일,1
03000,제1종근린생활시설,도양자율방범대,1
03000,제1종근린생활시설,지하도헛간,1
03000,제1종근린생활시설,소독시설,1
11000,노유자시설,교회교육관,1
Z5000,문화및집회시설,객방,1
06000,종교시설,종교시설외주택,1
03000,제1종근린생활시설,휴게소및관리실,1
03000,제1종근린생활시설,세정배수지펌프실,1
03000,제1종근린생활시설,일용품소매점및휴게음식점,1
04000,제2종근린생활시설,주택및감자저장고,1
03000,제1종근린생활시설,마을공동위판장,1
03000,제1종근린생활시설,노인회관회의실,1
03000,제1종근린생활시설,옥봉보건진료소,1
09000,의료시설,산소공급실,1
17000,공장,생산부,1
17000,공장,rpc공장,1
03000,제1종근린생활시설,근린샐황시설,1
03000,제1종근린생활시설,위락시설및제2종근생및단독주택,1
03000,제1종근린생활시설,청년커뮤니티시설,1
03000,제1종근린생활시설,근린생활시설주차장,1
02000,공동주택,저장창고,1
Z8000,교육연구및복지시설,외,1
11000,노유자시설,본촌공단복지회관,1
03000,제1종근린생활시설,우체국직원관사,1
03000,제1종근린생활시설,제2종근린행활시설,1
04000,제2종근린생활시설,사무소및제1종근생,1
03000,제1종근린생활시설,사료창고,1
03000,제1종근린생활시설,고물상관리실,1
03000,제1종근린생활시설,구민회관,1
33000,"국방,군사시설",해군회관,1
03000,제1종근린생활시설,월현1양수장,1
17000,공장,계량동,1
10000,교육연구시설,박나물건조기공및연구실,1
03000,제1종근린생활시설,어촌지도소,1
21000,동물및식물관련시설,농작물관리,1
10000,교육연구시설,청소년회관,1
04000,제2종근린생활시설,사무소동,1
10000,교육연구시설,사료배합시설,1
06000,종교시설,직원휴게실,1
10000,교육연구시설,유치원교사,1
10000,교육연구시설,고등학교기숙사,1
17000,공장,모시제조,1
18000,창고시설,주기장,1
02000,공동주택,주차장10,1
10000,교육연구시설,관람동,1
10000,교육연구시설,태권도훈련장,1
10000,교육연구시설,옥외지킴이실,1
10000,교육연구시설,농기구실,1
10000,교육연구시설,교양시설,1
18000,창고시설,농기구센터,1
17000,공장,악취제거시설,1
17000,공장,기구제조,1
19000,위험물저장및처리시설,저유탱크8,1
09000,의료시설,병원실,1
02000,공동주택,136대,1
02000,공동주택,ess,1
10000,교육연구시설,농기계실,1
04000,제2종근린생활시설,간이수영장,1
21000,동물및식물관련시설,기숙사및작물재배사,1
10000,교육연구시설,곡물건조저장고,1
10000,교육연구시설,교사및다목적강당,1
21000,동물및식물관련시설,무,1
21000,동물및식물관련시설,19,1
01000,단독주택,목욕탕및창고,1
05000,문화및집회시설,재실및,1
04000,제2종근린생활시설,제2종근린생활시설학원,1
10000,교육연구시설,임간수련,1
03000,제1종근린생활시설,진찰실,1
04000,제2종근린생활시설,2가구주택,1
18000,창고시설,팟치가열로실,1
06000,종교시설,가동,1
22000,분뇨.쓰레기처리시설,케익보관창고,1
14000,업무시설,제조시설,1
10000,교육연구시설,교관실,1
23000,교정및군사시설,보급대대본부,1
19000,위험물저장및처리시설,판금,1
05000,문화및집회시설,선실,1
02000,공동주택,주거복리시설,1
04000,제2종근린생활시설,무도연습장,1
10000,교육연구시설,전천후경기장,1
17000,공장,p폐기물보관장,1
17000,공장,노트인쇄업,1
10000,교육연구시설,교원편의시설,1
14000,업무시설,오피스텔144호,1
03000,제1종근린생활시설,당진포,1
18000,창고시설,216,1
01000,단독주택,다가구주팩,1
10000,교육연구시설,페수처리시설,1
15000,숙박시설,식품위생시설,1
10000,교육연구시설,망실,1
04000,제2종근린생활시설,식품및체험실,1
03000,제1종근린생활시설,주행실험실,1
17000,공장,클링커싸일로2,1
20000,자동차관련시설,실험실가공설비동,1
11000,노유자시설,공공,1
Z5000,문화및집회시설,판매시설,1
10000,교육연구시설,시험동,1
03000,제1종근린생활시설,위험물저장및처시시설,1
19000,위험물저장및처리시설,충전소기계실,1
25000,발전시설,비상대응설비,1
09000,의료시설,폐기물창고,1
10000,교육연구시설,행정지원실,1
08000,운수시설,노무자건물,1
01000,단독주택,의약품소매점,1
10000,교육연구시설,농업계열,1
01000,단독주택,다다구주택,1
Z5000,문화및집회시설,사찰부속사,1
27000,관광휴게시설,기계,1
17000,공장,가스통보관소,1
Z8000,교육연구및복지시설,용수저장탱크,1
17000,공장,361020,1
13000,운동시설,구락부,1
04000,제2종근린생활시설,건설주기장관리사무실,1
21000,동물및식물관련시설,축사및축분저장고,1
18000,창고시설,약국,1
03000,제1종근린생활시설,상업,1
17000,공장,냉동저장고,1
20000,자동차관련시설,동차관련시설,1
04000,제2종근린생활시설,일용품소매정,1
02000,공동주택,148세대,1
03000,제1종근린생활시설,화약고,1
Z8000,교육연구및복지시설,비각,1
24000,방송통신시설,분가국사,1
03000,제1종근린생활시설,마을유선각,1
22000,분뇨.쓰레기처리시설,열원설비,1
Z5000,문화및집회시설,심우장,1
05000,문화및집회시설,동물관,1
17000,공장,장비분석실,1
01000,단독주택,94농촌주택개량자,1
07000,판매시설,농헙공판장,1
07000,판매시설,상가용,1
01000,단독주택,카타기실,1
26000,묘지관련시설,봉안,1
Z8000,교육연구및복지시설,공대양수장,1
Z5000,문화및집회시설,집회실,1
13000,운동시설,종합체육관,1
04000,제2종근린생활시설,경사로,1
10000,교육연구시설,가스충전실,1
17000,공장,89003,1
17000,공장,금속파스너및나사제품,1
13000,운동시설,보관소,1
13000,운동시설,운동부실,1
10000,교육연구시설,이용자숙소,1
08000,운수시설,광기소유지고,1
Z5000,문화및집회시설,종교집회장외단독주택및창고,1
14000,업무시설,금융업소및사무소,1
26000,묘지관련시설,연결다리,1
18000,창고시설,농기계보관및농산물보관,1
17000,공장,사무실및계단,1
21000,동물및식물관련시설,축사시설물,1
09000,의료시설,명복관,1
01000,단독주택,화장실및창고시설,1
03000,제1종근린생활시설,행정실,1
20000,자동차관련시설,인근부설주차장,1
17000,공장,옥내변전실,1
04000,제2종근린생활시설,변소및샤워실,1
13000,운동시설,체육이용시설,1
06000,종교시설,요식채,1
17000,공장,비료제조업,1
20000,자동차관련시설,사업장,1
03000,제1종근린생활시설,커피공방,1
18000,창고시설,화훼보관창고,1
Z8000,교육연구및복지시설,심신장애자재활원,1
18000,창고시설,전기실및기계실,1
18000,창고시설,일반음식점및,1
14000,업무시설,쇼핑센타,1
Z5000,문화및집회시설,문각,1
13000,운동시설,정비고창고4,1
05000,문화및집회시설,外三門,1
05000,문화및집회시설,전시동a형,1
Z5000,문화및집회시설,수도원,1
10000,교육연구시설,2종근린생활시설제1,1
02000,공동주택,주민문화센타,1
18000,창고시설,w4,1
23000,교정및군사시설,선박보관소,1
10000,교육연구시설,화교교육관,1
18000,창고시설,저온창고사무실,1
Z5000,문화및집회시설,물품보관창고및부속사,1
13000,운동시설,인공암벽등반장,1
21000,동물및식물관련시설,시약창고,1
04000,제2종근린생활시설,근생3,1
08000,운수시설,탱크세척장,1
21000,동물및식물관련시설,집란실,1
18000,창고시설,휴게,1
11000,노유자시설,정신지체장애인,1
10000,교육연구시설,불곡초등학교,1
,,설탕과자류제조및,1
17000,공장,c오일하역펌프실,1
04000,제2종근린생활시설,청절당,1
03000,제1종근린생활시설,보일러보호통,1
10000,교육연구시설,2종근린생환시설,1
19000,위험물저장및처리시설,공공시설,1
13000,운동시설,수영장부속건물,1
01000,단독주택,조적,1
15000,숙박시설,o,1
15000,숙박시설,q,1
06000,종교시설,체력단련실,1
17000,공장,기계정비창고및차량정비창고,1
17000,공장,화학창고,1
05000,문화및집회시설,학,1
03000,제1종근린생활시설,중대본부청,1
Z8000,교육연구및복지시설,교육연구실,1
01000,단독주택,보일어실,1
13000,운동시설,실내연습장,1
13000,운동시설,실내빙상경기장,1
22000,분뇨.쓰레기처리시설,폐수종말처리시설관리동,1
03000,제1종근린생활시설,막사,1
04000,제2종근린생활시설,마을공동농산어촌체험시설,1
04000,제2종근린생활시설,위험물저장소및처리시설,1
06000,종교시설,취백루,1
04000,제2종근린생활시설,체력단련장및사무소,1
12000,수련시설,다가구주택,1
12000,수련시설,연결통로,1
17000,공장,일반목재가구제조업36102,1
06000,종교시설,수녀원및사제관,1
06000,종교시설,시민선원,1
21000,동물및식물관련시설,92농촌주택개량,1
04000,제2종근린생활시설,대자리작업장,1
04000,제2종근린생활시설,의용소방대격납고,1
03000,제1종근린생활시설,공동작업시설,1
06000,종교시설,문화및집회시설외3,1
17000,공장,주유쉘타,1
04000,제2종근린생활시설,숙소및식당,1
04000,제2종근린생활시설,사무실숙소,1
17000,공장,mag공장,1
06000,종교시설,문화재관리동,1
04000,제2종근린생활시설,농업관련체험장,1
04000,제2종근린생활시설,비금속광물제품제조업,1
17000,공장,타이탄5,1
06000,종교시설,복음회관,1
04000,제2종근린생활시설,근린생활시설외2용,1
06000,종교시설,천도교,1
,,충전소,1
04000,제2종근린생활시설,사무실및단독주택,1
06000,종교시설,세면장및설법당,1
02000,공동주택,도시형생활주택원룸형25세대,1
11000,노유자시설,어린이보육시설,1
01000,단독주택,일부일반주거지역,1
04000,제2종근린생활시설,백산제실,1
04000,제2종근린생활시설,점포학원,1
04000,제2종근린생활시설,영업조,1
17000,공장,중장비,1
01000,단독주택,사입실,1
24000,방송통신시설,전화중계소,1
04000,제2종근린생활시설,청자제조업소,1
04000,제2종근린생활시설,일반음힉점,1
14000,업무시설,농산물집하장,1
06000,종교시설,불사,1
06000,종교시설,나한절,1
04000,제2종근린생활시설,기타운동시시설,1
04000,제2종근린생활시설,학습교육시설,1
17000,공장,금속파스너,1
06000,종교시설,향교사당,1
21000,동물및식물관련시설,퇴비발효사,1
04000,제2종근린생활시설,납가,1
04000,제2종근린생활시설,산나물작업장,1
06000,종교시설,산영각,1
04000,제2종근린생활시설,자동차전문정비업,1
06000,종교시설,보은전,1
04000,제2종근린생활시설,소형보전사무실,1
04000,제2종근린생활시설,위락시설주점,1
15000,숙박시설,및주택및근린생활시설,1
04000,제2종근린생활시설,쓰레기집적소,1
04000,제2종근린생활시설,불구화점,1
11000,노유자시설,간이양로원,1
04000,제2종근린생활시설,우량관측소,1
18000,창고시설,농용,1
17000,공장,50ton전기실,1
05000,문화및집회시설,농원내구내식당,1
19000,위험물저장및처리시설,주유소캐노피및사무실,1
13000,운동시설,관리사4,1
03000,제1종근린생활시설,일반소매사무소,1
05000,문화및집회시설,한남루협문,1
01000,단독주택,포교소,1
04000,제2종근린생활시설,어린이오락실,1
04000,제2종근린생활시설,펌프실및기계실,1
01001,단독주택,1,1
17000,공장,불화인산리튬,1
15000,숙박시설,12호,1
03000,제1종근린생활시설,양어장,1
18000,창고시설,제1종근린시설및다가구,1
18000,창고시설,창고및장례편의시설,1
21000,동물및식물관련시설,우사및부속사,1
20000,자동차관련시설,주차장법,1
17000,공장,식품공장작업장,1
24000,방송통신시설,무선호출기계실,1
18000,창고시설,농산물관련시설,1
21000,동물및식물관련시설,개폐식톱밥발효우사,1
10000,교육연구시설,생명공학실험실,1
10000,교육연구시설,가6동,1
18000,창고시설,미역건조장,1
18000,창고시설,입고사무실,1
14000,업무시설,장,1
05000,문화및집회시설,경비휴게동,1
01000,단독주택,94농촌주택개량융자대상,1
18000,창고시설,주소변경,1
01000,단독주택,위위험물저장,1
18000,창고시설,폐기물분리수거장,1
21000,동물및식물관련시설,가스저장고,1
06000,종교시설,사랑채,1
17000,공장,화공과,1
18000,창고시설,우사및관리사,1
21000,동물및식물관련시설,버섯육종연구시설,1
01000,단독주택,근린생활및다가구,1
03000,제1종근린생활시설,차량진입램프,1
21000,동물및식물관련시설,공공용시설,1
18000,창고시설,모래보관창고,1
21000,동물및식물관련시설,종합유리온실,1
21000,동물및식물관련시설,방역소독실,1
01000,단독주택,농가주택및창고및근린생활시설,1
21000,동물및식물관련시설,오수정화조,1
01000,단독주택,서문,1
05000,문화및집회시설,문화및종교시설,1
01000,단독주택,민박형농가주택,1
21000,동물및식물관련시설,흡수정,1
05000,문화및집회시설,여곽,1
18000,창고시설,가소품창고,1
20000,자동차관련시설,정자,1
17000,공장,1배수,1
21000,동물및식물관련시설,첨단버섯재배시설,1
18000,창고시설,농산물저온저장고및보관창고,1
18000,창고시설,수지창고,1
08000,운수시설,위험물저장및,1
04000,제2종근린생활시설,어업,1
01000,단독주택,후문,1
01000,단독주택,다세대주택외2,1
01000,단독주택,관리사옥,1
01000,단독주택,축사부속사,1
17000,공장,신규실험동,1
18000,창고시설,특산단지작업장,1
09000,의료시설,구내식당,1
21000,동물및식물관련시설,야생조수사육,1
21000,동물및식물관련시설,마사1,1
18000,창고시설,그린벨트초소,1
18000,창고시설,창고및공장시설,1
01000,단독주택,흙벽돌조,1
19000,위험물저장및처리시설,g저장시설,1
18000,창고시설,농기계수리센타및보관창고,1
21000,동물및식물관련시설,소독설비창고,1
01000,단독주택,물칭,1
17000,공장,자동차판매사무실,1
17000,공장,형강쿨링륨,1
01000,단독주택,청호양수장사택,1
19000,위험물저장및처리시설,토목시험실,1
18000,창고시설,근생및다가구주택,1
18000,창고시설,사각정자,1
18000,창고시설,창고및욕식,1
18000,창고시설,창고및회의실,1
18000,창고시설,가공창고,1
20000,자동차관련시설,관리사무실및세차장,1
18000,창고시설,임산물집하장및관리소,1
01000,단독주택,주택및점포및근린생활시설,1
01000,단독주택,풍여장,1
26000,묘지관련시설,비,1
17000,공장,cob빌딩,1
18000,창고시설,유황창고,1
01000,단독주택,간이창고,1
01000,단독주택,제일,1
05000,문화및집회시설,간이잠실,1
03000,제1종근린생활시설,직원식당,1
03000,제1종근린생활시설,코어,1
09000,의료시설,외4,1
03000,제1종근린생활시설,용도1,1
17000,공장,안경테제조업,1
01000,단독주택,주식,1
01000,단독주택,슬래브,1
03000,제1종근린생활시설,사설강습실,1
10000,교육연구시설,맹인기능연수원,1
Z5000,문화및집회시설,관구관,1
18000,창고시설,콘베아배전실,1
18000,창고시설,별신위탁영농회사농기계보관창고,1
21000,동물및식물관련시설,농가주택및창고축사,1
18000,창고시설,창고시설및동물관련시설,1
21000,동물및식물관련시설,히팅펌프실,1
01000,단독주택,부속사저온창고,1
01000,단독주택,다세대주택및근린시설,1
25000,발전시설,정비공장,1
21000,동물및식물관련시설,버섯재배사c,1
18000,창고시설,배보관창고및집하장,1
18000,창고시설,석고저장고,1
01000,단독주택,수산업협동조합사택,1
18000,창고시설,농산건조장,1
17000,공장,전시장기숙사,1
06000,종교시설,법당요사채,1
21000,동물및식물관련시설,축사및퇴비처리장,1
17000,공장,기기용전기회로,1
17000,공장,상용파일롯,1
03000,제1종근린생활시설,제1종체육도장,1
01000,단독주택,다중및단독주택,1
21000,동물및식물관련시설,후문수위실,1
25000,발전시설,우치지구,1
04000,제2종근린생활시설,우상각,1
18000,창고시설,저울창고,1
03000,제1종근린생활시설,자동차관련시설및,1
21000,동물및식물관련시설,백합재배사,1
18000,창고시설,조험지관리사,1
01000,단독주택,사음국교사택,1
18000,창고시설,재활용품선별보관창고,1
01000,단독주택,주택및두부공장,1
21000,동물및식물관련시설,난재배장,1
01000,단독주택,주택및냉동창고,1
21000,동물및식물관련시설,먹이공급시설,1
21000,동물및식물관련시설,본가,1
06000,종교시설,제2종근린생할시설,1
13000,운동시설,레포츠공원,1
17000,공장,적하시설,1
17000,공장,티플러실,1
10000,교육연구시설,교구실,1
01000,단독주택,제1종근린생활시설다가구주택,1
17000,공장,v6주조공장,1
04000,제2종근린생활시설,노조,1
17000,공장,회수동,1
07000,판매시설,판매업무,1
13000,운동시설,체육창고,1
20000,자동차관련시설,객화차검수고,1
Z8000,교육연구및복지시설,노유자시설및근린공공시설,1
17000,공장,의약품공장,1
03000,제1종근린생활시설,전경숙영시설,1
07000,판매시설,가공제조실,1
13000,운동시설,교육연구실,1
17000,공장,목제재제업,1
17000,공장,전자제품제조업,1
10000,교육연구시설,l실,1
21000,동물및식물관련시설,94경재력재고사업보조금사업대상,1
03000,제1종근린생활시설,안마시술소,1
17000,공장,3에이,1
04000,제2종근린생활시설,주택1세대,1
17000,공장,옥내저장소1,1
15000,숙박시설,공동주방,1
01000,단독주택,생횔,1
22000,분뇨.쓰레기처리시설,분뇨및쓰레기처리장,1
11000,노유자시설,교육연구및복지시설및,1
11000,노유자시설,저온실,1
21000,동물및식물관련시설,옥외발전기,1
01000,단독주택,교회시설,1
,,마을,1
04000,제2종근린생활시설,토하양식장,1
17000,공장,33123,1
18000,창고시설,시멘트보관,1
05000,문화및집회시설,남행각2,1
18000,창고시설,농기계보관창고및수리소,1
21000,동물및식물관련시설,계근실,1
17000,공장,방사선실험실,1
03000,제1종근린생활시설,연구원동및독신자숙소동,1
Z3000,근린생활시설,압축기실,1
17000,공장,11s,1
20000,자동차관련시설,건설기계정비공장,1
17000,공장,베처,1
03000,제1종근린생활시설,상리면사무소,1
15000,숙박시설,지상1,1
24000,방송통신시설,부속사,1
03000,제1종근린생활시설,야영장부대시설,1
11000,노유자시설,장애인직업재활,1
Z3000,근린생활시설,대문,1
Z3000,근린생활시설,차고지부대시설,1
04000,제2종근린생활시설,검계서원,1
04000,제2종근린생활시설,충훈사삼문,1
18000,창고시설,동식물관련시설및창고시설,1
21000,동물및식물관련시설,농산물부속사,1
20000,자동차관련시설,화장실및샤워장,1
21000,동물및식물관련시설,야생화재배시설,1
Z3000,근린생활시설,근린생활시설및위험물저장,1
07000,판매시설,판매점,1
30000,자원순환관련시설,전기분해시설,1
01000,단독주택,분가,1
Z3000,근린생활시설,톱밥제조사,1
21000,동물및식물관련시설,쓰레기처리장,1
11000,노유자시설,장애영유아생활시설,1
21000,동물및식물관련시설,사료가열시설,1
22000,분뇨.쓰레기처리시설,배수펌프장,1
Z3000,근린생활시설,귀정각,1
05000,문화및집회시설,전통공방,1
18000,창고시설,주택및사무소,1
17000,공장,제11호,1
02000,공동주택,도시형생활주택단지내다세대형,1
02000,공동주택,전망데크홀,1
02000,공동주택,주민체력단련장,1
11000,노유자시설,모자시설,1
03000,제1종근린생활시설,분재온실,1
17000,공장,자수용재료제조업,1
02000,공동주택,외부elev2,1
20000,자동차관련시설,차량장,1
07000,판매시설,놀이형시설,1
21000,동물및식물관련시설,퇴비사및저온창고,1
10000,교육연구시설,야구장,1
24000,방송통신시설,차고동,1
24000,방송통신시설,무선통신소,1
15000,숙박시설,2종근생및위락시설,1
Z3000,근린생활시설,농기계경납고,1
22000,분뇨.쓰레기처리시설,d,1
29000,장례시설,종근린생활시설,1
15000,숙박시설,파도풀기계실,1
Z3000,근린생활시설,사감실,1
06000,종교시설,비노전,1
01000,단독주택,농림수산업용시설,1
17000,공장,다용도,1
05000,문화및집회시설,고직사,1
18000,창고시설,가설,1
10000,교육연구시설,유아방,1
Z3000,근린생활시설,운전실,1
06000,종교시설,atm기,1
03000,제1종근린생활시설,근린생활시서설,1
20000,자동차관련시설,경정비시설,1
17000,공장,집진용싸이로,1
02000,공동주택,저수조창고,1
24000,방송통신시설,숙소,1
17000,공장,목제건조장,1
Z3000,근린생활시설,근린생활시설외3,1
05000,문화및집회시설,대피실,1
04000,제2종근린생활시설,1ㆍ2종근린생활시설,1
17000,공장,포말혼합실,1
10000,교육연구시설,잡창고,1
18000,창고시설,제재소제품보관,1
03000,제1종근린생활시설,이동전화기지국,1
04000,제2종근린생활시설,목재제조작업장,1
04000,제2종근린생활시설,기념품센타,1
21000,동물및식물관련시설,육상수산종묘배양시설,1
07000,판매시설,쓰레기처리실,1
22000,분뇨.쓰레기처리시설,관리실동,1
04000,제2종근린생활시설,묵상소,1
10000,교육연구시설,교사성당,1
04000,제2종근린생활시설,안내,1
17000,공장,식품첨가물제조실,1
21000,동물및식물관련시설,헛간및방,1
17000,공장,쇼트,1
17000,공장,kolene장,1
16000,위락시설,게임장,1
15000,숙박시설,단독주택1가구,1
04000,제2종근린생활시설,천막수리업,1
02000,공동주택,택배물품보관실,1
21000,동물및식물관련시설,염소퇴비사,1
17000,공장,목재건축제조업,1
18000,창고시설,농축산물저장창고,1
04000,제2종근린생활시설,clave,1
17000,공장,식품가공공장및주택,1
Z8000,교육연구및복지시설,4동,1
12000,수련시설,석모도자연휴양림,1
17000,공장,청장,1
Z5000,문화및집회시설,부락공동시설,1
01000,단독주택,2근린생활시설외1,1
17000,공장,운천산업,1
22000,분뇨.쓰레기처리시설,굴박신처리장,1
Z3000,근린생활시설,면회실,1
Z3000,근린생활시설,경비초소,1
05000,문화및집회시설,익낭,1
05000,문화및집회시설,좌익량,1
04000,제2종근린생활시설,유자보관창고,1
17000,공장,아세톤처리장,1
17000,공장,선별,1
02000,공동주택,지상ev,1
20000,자동차관련시설,무상점검장,1
21000,동물및식물관련시설,지층중113,1
30000,자원순환관련시설,운동시설,1
03000,제1종근린생활시설,농산어촌공동체험장,1
16000,위락시설,제1종및제2종근린생활시설,1
04000,제2종근린생활시설,세벽,1
18000,창고시설,까스저장창고,1
02000,공동주택,도전숙,1
18000,창고시설,주산,1
06000,종교시설,교육관식당,1
04000,제2종근린생활시설,가구제조업소,1
17000,공장,전복축양장,1
04000,제2종근린생활시설,농수산물직판장,1
04000,제2종근린생활시설,아파트상가,1
06000,종교시설,교회복지관,1
04000,제2종근린생활시설,목제가구,1
11000,노유자시설,미술학원,1
04000,제2종근린생활시설,세멘벽돌공장,1
17000,공장,변압기공장,1
04000,제2종근린생활시설,마을공동회관,1
04000,제2종근린생활시설,작업장및보일러실,1
02000,공동주택,119동,1
06000,종교시설,수학당,1
04000,제2종근린생활시설,제2종근린생활시설택,1
17000,공장,잣가공,1
04000,제2종근린생활시설,근근생활시설,1
04000,제2종근린생활시설,주차관리시설,1
17000,공장,비금속,1
07000,판매시설,호텔,1
06000,종교시설,신도용기숙사및집회소및기도실및교회유치원,1
21000,동물및식물관련시설,종축분양장,1
04000,제2종근린생활시설,근린생활위락시설,1
02000,공동주택,118세대,1
06000,종교시설,폐실,1
04000,제2종근린생활시설,기타종교시설,1
04000,제2종근린생활시설,장갑차차고,1
04000,제2종근린생활시설,도정공정,1
21000,동물및식물관련시설,조직배양식,1
04000,제2종근린생활시설,제관실,1
18000,창고시설,사료저장용,1
04000,제2종근린생활시설,일반음식점및부동산중개업소,1
04000,제2종근린생활시설,커뮤니티동,1
04000,제2종근린생활시설,빨래건조장,1
17000,공장,포장대,1
06000,종교시설,예불전,1
04000,제2종근린생활시설,근린생활시설및주택교육연구시설,1
27000,관광휴게시설,잡화점,1
Z6000,판매및영업시설,공동작업장,1
04000,제2종근린생활시설,외부변소,1
03000,제1종근린생활시설,다가구주택8가구,1
04000,제2종근린생활시설,위험물처리저장시설,1
04000,제2종근린생활시설,신풍교회,1
06000,종교시설,양화기도원,1
17000,공장,10동,1
03000,제1종근린생활시설,성인유기장,1
01000,단독주택,증탕가공시설,1
04000,제2종근린생활시설,국수건조,1
03000,제1종근린생활시설,불치,1
04000,제2종근린생활시설,구매및생활시설,1
02000,공동주택,전자독서실,1
02000,공동주택,주민시설1,1
02000,공동주택,찜질방,1
04000,제2종근린생활시설,공동주택외2,1
17000,공장,polyol,1
04000,제2종근린생활시설,치장,1
02000,공동주택,기수련원부속시설,1
06000,종교시설,공용화장실,1
04000,제2종근린생활시설,사무실및중대본부,1
04000,제2종근린생활시설,플랜트제조,1
14000,업무시설,전기기계실,1
04000,제2종근린생활시설,근린생활시설및공동주택9세대,1
04000,제2종근린생활시설,요술의,1
08000,운수시설,제객소창고,1
04000,제2종근린생활시설,매실가공업소,1
17000,공장,식품제조가공업,1
01000,단독주택,동물및동물관련시설,1
14000,업무시설,변소및숙직실,1
01000,단독주택,1층부속사,1
04000,제2종근린생활시설,식품제조가공유통업,1
16000,위락시설,흡연부스,1
06000,종교시설,팔효문,1
17000,공장,shot공장,1
08000,운수시설,검수차고,1
17000,공장,cooling,1
04000,제2종근린생활시설,근린생활시설및위락시설및주택,1
17000,공장,고객안내센터,1
,,95,1
,,25,1
15000,숙박시설,여인숙및,1
04000,제2종근린생활시설,수산물제조가공공장,1
04000,제2종근린생활시설,예체능,1
06000,종교시설,케노피,1
04000,제2종근린생활시설,정수시제조업,1
17000,공장,옥내제조소,1
17000,공장,포장부스,1
17000,공장,29294,1
17000,공장,케미컬쉘타,1
17000,공장,lv,1
04000,제2종근린생활시설,2종근린생활시설및위락시설,1
20000,자동차관련시설,농가주택,1
Z3000,근린생활시설,고시학원,1
17000,공장,익서프랜트,1
17000,공장,운전사대기실,1
19000,위험물저장및처리시설,위험물시설및점포,1
18000,창고시설,주택및근린생활,1
17000,공장,기타영상,1
01000,단독주택,잔독주택,1
01000,단독주택,근린생활시설일용품점,1
03000,제1종근린생활시설,장흥119안전센터,1
06000,종교시설,기타근생시설,1
03000,제1종근린생활시설,마을공동농업용창고,1
,,경빙실,1
10000,교육연구시설,금융365코너,1
19000,위험물저장및처리시설,근린생활시설및위험물저장및처리시설,1
04000,제2종근린생활시설,사무실및교육장,1
04000,제2종근린생활시설,기사숙사,1
04000,제2종근린생활시설,단독주,1
Z6000,판매및영업시설,선로반처소,1
07000,판매시설,소매시장외2,1
03000,제1종근린생활시설,동문,1
04000,제2종근린생활시설,농산물보관용창고,1
,,가설사무실,1
23000,교정및군사시설,병기,1
19000,위험물저장및처리시설,충전설비,1
19000,위험물저장및처리시설,화약폭약고,1
11000,노유자시설,복지시설외2용도,1
17000,공장,80ton펌프실,1
17000,공장,성형동및운전실,1
04000,제2종근린생활시설,숙박업시설,1
Z5000,문화및집회시설,교육연구,1
19000,위험물저장및처리시설,저장탱크1기,1
07000,판매시설,판매및영업시시설,1
,,여탈의실및숙소,1
03000,제1종근린생활시설,295,1
01000,단독주택,고방채,1
19000,위험물저장및처리시설,액화석유가스및고압가스저장소,1
07000,판매시설,단독주택외1,1
17000,공장,부대동,1
19000,위험물저장및처리시설,근린생활시설및주택위험물저장및처리시설,1
20000,자동차관련시설,자동세차장관리실,1
10000,교육연구시설,성남매송초교,1
18000,창고시설,제품출하포장장,1
27000,관광휴게시설,제2종,1
33000,"국방,군사시설",a콘,1
17000,공장,제품판매장,1
01000,단독주택,5가구및일반음식점,1
17000,공장,원료탱크및기계실,1
19000,위험물저장및처리시설,사무실및보일러실,1
01000,단독주택,및부대시설,1
03000,제1종근린생활시설,공동수도시설,1
02000,공동주택,중간관리,1
,,주민복지관,1
Z3000,근린생활시설,터미날,1
02000,공동주택,우수저류조1,1
02000,공동주택,공동보육실,1
,,부대창고시설,1
03000,제1종근린생활시설,탁구장외,1
17000,공장,샤프트킬른,1
17000,공장,지정폐기물보관고,1
18000,창고시설,농산물집하장및,1
19000,위험물저장및처리시설,위험물판매및처리시설,1
01000,단독주택,취사용,1
04000,제2종근린생활시설,양곡도정공장,1
06000,종교시설,경인교구청,1
02000,공동주택,h,1
03000,제1종근린생활시설,유류판매시설,1
,,프렌트시설,1
02000,공동주택,분리수거창고,1
21000,동물및식물관련시설,정수탱크실,1
10000,교육연구시설,먹이생물배양동,1
19000,위험물저장및처리시설,위험물저장처리및시설,1
19000,위험물저장및처리시설,위펌물저장및처리시설,1
04000,제2종근린생활시설,농업용창고및,1
03000,제1종근린생활시설,국수제조장,1
18000,창고시설,연돌,1
19000,위험물저장및처리시설,주유소기계식세차설비기계실,1
01000,단독주택,와이어판넬조,1
06000,종교시설,예배장사택,1
17000,공장,설비보온시설,1
,,양곡창고,1
04000,제2종근린생활시설,극락대보전,1
03000,제1종근린생활시설,근생활린시설,1
17000,공장,cms,1
03000,제1종근린생활시설,현동면,1
03000,제1종근린생활시설,염소주입,1
24000,방송통신시설,송신탑,1
19000,위험물저장및처리시설,착수정,1
19000,위험물저장및처리시설,개스저장창고,1
,,노인마을회관,1
19000,위험물저장및처리시설,임항지구항만시설,1
,,상수도수원지관리실,1
18000,창고시설,기숙사식당,1
19000,위험물저장및처리시설,폐기물저장소,1
21000,동물및식물관련시설,설비,1
03000,제1종근린생활시설,관리실및변소,1
19000,위험물저장및처리시설,오수처리장및오수처리장관리사무소,1
14000,업무시설,물품보관소,1
03000,제1종근린생활시설,자전거거치장,1
,,청암정,1
02000,공동주택,주민집회시설등,1
19000,위험물저장및처리시설,처분용기보관창고,1
18000,창고시설,농산물관리관련시설,1
19000,위험물저장및처리시설,회전식가스충전소,1
17000,공장,1502b,1
03000,제1종근린생활시설,설비실,1
30000,자원순환관련시설,반응조300톤,1
10000,교육연구시설,작은체육관,1
17000,공장,끈및로우프제조,1
14000,업무시설,해안초소주분초,1
02000,공동주택,커뮤니티셀,1
02000,공동주택,다세대주택및생활편익시설,1
02000,공동주택,정보열람실,1
01000,단독주택,93농촌주택개량사업지원대상자,1
05000,문화및집회시설,93호,1
20000,자동차관련시설,주창고,1
04000,제2종근린생활시설,운영사무실,1
07000,판매시설,위탁시설,1
04000,제2종근린생활시설,자동차정비,1
21000,동물및식물관련시설,부속다용도,1
03000,제1종근린생활시설,부속건설물,1
30000,자원순환관련시설,폐기물수집운반업,1
07000,판매시설,비료,1
07000,판매시설,야적장,1
01000,단독주택,방화지구,1
22000,분뇨.쓰레기처리시설,유출계단실,1
17000,공장,폐비닐분쇄실,1
17000,공장,a공장,1
Z5000,문화및집회시설,근린생활지역,1
14000,업무시설,2세대,1
27000,관광휴게시설,구1티,1
23000,교정및군사시설,교정및국방시설,1
23000,교정및군사시설,a컨버터실,1
01000,단독주택,부대층,1
03000,제1종근린생활시설,농업용휴게시설,1
10000,교육연구시설,청소년공부방,1
15000,숙박시설,여관및음식점,1
03000,제1종근린생활시설,전화기지국,1
13000,운동시설,원정팀,1
02000,공동주택,어린이북카페,1
02000,공동주택,육아나눔장터,1
20000,자동차관련시설,1종및2종근린생활시설,1
04000,제2종근린생활시설,아파트내,1
17000,공장,케이블타워,1
15000,숙박시설,일용품점,1
01000,단독주택,종탑,1
17000,공장,산세척장,1
17000,공장,분말야금제품,1
21000,동물및식물관련시설,보온덮개,1
26000,묘지관련시설,묘사채,1
01000,단독주택,주택근생,1
03000,제1종근린생활시설,저온저장시설,1
22000,분뇨.쓰레기처리시설,침사야적장,1
02000,공동주택,부대원숙소,1
15000,숙박시설,및제2종근린생활시설,1
23000,교정및군사시설,여수용동,1
Z6000,판매및영업시설,근린생활시설및판매및교육연구시설,1
Z6000,판매및영업시설,학원,1
02000,공동주택,사용시설,1
25000,발전시설,관리사무소,1
21000,동물및식물관련시설,어류종묘배양시설,1
04000,제2종근린생활시설,단독주택3가구용,1
25000,발전시설,암모니아투약동,1
06000,종교시설,주택및창고,1
17000,공장,저장기계실,1
17000,공장,소포장실,1
07000,판매시설,천전공설시장,1
04000,제2종근린생활시설,슈퍼,1
17000,공장,하화실,1
04000,제2종근린생활시설,제1종근린생활시럴,1
25000,발전시설,발전기운전실,1
21000,동물및식물관련시설,금속문및관련제품제조업,1
04000,제2종근린생활시설,제2종근련생활시설,1
01000,단독주택,행락부속,1
18000,창고시설,농업농기계보관,1
,,세차장,1
05000,문화및집회시설,초,1
04000,제2종근린생활시설,소화시설,1
Z3000,근린생활시설,6세대,1
23000,교정및군사시설,합동사무실,1
18000,창고시설,원면창고하치장,1
14000,업무시설,p,1
07000,판매시설,영농자재판매소,1
17000,공장,산소공장모터실,1
15000,숙박시설,게이트,1
02000,공동주택,영화관람실,1
02000,공동주택,공동육아나눔터포함,1
17000,공장,가스보관시설,1
15000,숙박시설,흡연실,1
17000,공장,색채선별기공장,1
02000,공동주택,교실,1
13000,운동시설,기타공용,1
01000,단독주택,휘트니스,1
15000,숙박시설,재활용품창고,1
10000,교육연구시설,교기연습장,1
21000,동물및식물관련시설,식물관련ㅅ설,1
01000,단독주택,2다가구,1
Z6000,판매및영업시설,후문수위실,1
04000,제2종근린생활시설,가정용유지제품제조업,1
04000,제2종근린생활시설,18,1
15000,숙박시설,여관외2용도,1
17000,공장,17299,1
17000,공장,농특산물가공,1
27000,관광휴게시설,광관지에부수되는시설,1
18000,창고시설,축양,1
16000,위락시설,실내주차장,1
03000,제1종근린생활시설,홍보관,1
18000,창고시설,분리수거장,1
17000,공장,산업쓰레기,1
14000,업무시설,제2종근림생활시설,1
01000,단독주택,공동보관창고,1
09000,의료시설,창고및발전기실,1
02000,공동주택,페기물보관소,1
17000,공장,장식용합판제조업,1
02000,공동주택,전망용엘레베이터,1
02000,공동주택,주민복지관2,1
03000,제1종근린생활시설,한약품,1
03000,제1종근린생활시설,잉여오니펌프장,1
22000,분뇨.쓰레기처리시설,돈사분뇨,1
02000,공동주택,데크상부엘리베이터,1
02000,공동주택,발전기및수변전실,1
02000,공동주택,180대,1
02000,공동주택,생활편익시설및아파트,1
02000,공동주택,팔각정자,1
17000,공장,폐사료창고,1
04000,제2종근린생활시설,마포,1
02000,공동주택,계절창고4,1
15000,숙박시설,다중생활시설및,1
02000,공동주택,유아열람실,1
10000,교육연구시설,로얄박스,1
18000,창고시설,착유장및사료창고,1
02000,공동주택,건식세차장,1
18000,창고시설,집출하장,1
04000,제2종근린생활시설,관리사무소및전시장,1
22000,분뇨.쓰레기처리시설,플라스틱재활용,1
01000,단독주택,농막용,1
06000,종교시설,석굴전,1
Z3000,근린생활시설,근린생활및주택,1
10000,교육연구시설,문화및관람집회시설,1
14000,업무시설,민방공대피소,1
22000,분뇨.쓰레기처리시설,퇴비저장시설,1
Z8000,교육연구및복지시설,후생관,1
18000,창고시설,점미소,1
04000,제2종근린생활시설,농산물가공센터,1
17000,공장,원재료보관장,1
,,철문및관련제품제조업,1
04000,제2종근린생활시설,열원용lpg탱크저장실,1
08000,운수시설,철도청,1
10000,교육연구시설,물탱크기계실,1
03000,제1종근린생활시설,주택부속,1
11000,노유자시설,제2종근린생홀시설,1
01000,단독주택,주택내부창고,1
04000,제2종근린생활시설,관광농원시설,1
04000,제2종근린생활시설,우형기사실,1
04000,제2종근린생활시설,유류판매사무실,1
01000,단독주택,즉석식품판매제조가공업소,1
13000,운동시설,스키하우스,1
18000,창고시설,농약공병수집장,1
17000,공장,증유공장,1
17000,공장,플렛트홈,1
18000,창고시설,주2,1
04000,제2종근린생활시설,제거식회장실,1
01000,단독주택,직원휴게실,1
11000,노유자시설,묵정공원사무소,1
04000,제2종근린생활시설,대학교,1
01000,단독주택,방송통신시설,1
02000,공동주택,아파트8세대,1
02000,공동주택,관리소및,1
09000,의료시설,제외,1
17000,공장,홍보체험관,1
17000,공장,28112,1
01000,단독주택,주택에서부수된창고,1
10000,교육연구시설,재활용수집소,1
02000,공동주택,외제2종근린생활시설,1
03000,제1종근린생활시설,주차,1
25000,발전시설,부속경비실,1
09000,의료시설,캐노피,1
17000,공장,e렉,1
03000,제1종근린생활시설,부화장,1
19000,위험물저장및처리시설,용기저장,1
10000,교육연구시설,예절관,1
01000,단독주택,농촌주택계량형,1
01000,단독주택,월현1배수장,1
,,기계보관실,1
03000,제1종근린생활시설,유아보육시설,1
17000,공장,ccss,1
24000,방송통신시설,판매시설,1
04000,제2종근린생활시설,배추,1
27000,관광휴게시설,대장간,1
17000,공장,pbs장,1
14000,업무시설,잠수풀장,1
17000,공장,mlb탱크,1
21000,동물및식물관련시설,95정주권주택개량대상건물,1
06000,종교시설,mdf실,1
03199,기타공공시설,기타,1
04000,제2종근린생활시설,문구점,1
24000,방송통신시설,중,1
01000,단독주택,주택및회관,1
02000,공동주택,입주휴게실,1
Z8000,교육연구및복지시설,식당및기숙사,1
18000,창고시설,농사물간이집하장,1
04000,제2종근린생활시설,소매점당구장,1
21000,동물및식물관련시설,제고사업,1
03000,제1종근린생활시설,의류수선소,1
06000,종교시설,물창고,1
21000,동물및식물관련시설,축사양성화,1
17000,공장,일반위험물취급소,1
04000,제2종근린생활시설,스쿼시,1
04000,제2종근린생활시설,위험저장및처리시설,1
02000,공동주택,저수조및펌프실,1
01000,단독주택,제2종근신생활시설,1
03000,제1종근린생활시설,복금1리노인회관,1
20000,자동차관련시설,부품보관창고1,1
17000,공장,일층,1
02000,공동주택,45세대,1
03000,제1종근린생활시설,농촌전통체험관,1
27000,관광휴게시설,외1건,1
03000,제1종근린생활시설,가스보관창고,1
17000,공장,분리수거시설,1
21000,동물및식물관련시설,젖소운동장,1
17000,공장,선박통신장비조립및,1
17000,공장,pc공정동,1
05000,문화및집회시설,노인복지시설,1
01000,단독주택,95농촌주거환경개선사업대상자,1
03000,제1종근린생활시설,약품투입실동,1
17000,공장,사무실및연구실,1
17000,공장,망초,1
02000,공동주택,584,1
14000,업무시설,일반게임제공업의시설,1
14000,업무시설,42세대,1
20000,자동차관련시설,운동,1
17000,공장,야적동,1
17000,공장,콤프레셔설비시설,1
03000,제1종근린생활시설,배수갑문,1
04000,제2종근린생활시설,2종근린생활시설및위험물저장및처리시설,1
01000,단독주택,생산시설창고,1
21000,동물및식물관련시설,근린생활시설및동물관련시설,1
04000,제2종근린생활시설,소매점및주차통로,1
03000,제1종근린생활시설,일용잡화점및주택,1
03000,제1종근린생활시설,비금우체국,1
17000,공장,노무자합숙소,1
17000,공장,경비실및기숙사,1
17000,공장,폐배터리보관장,1
17000,공장,농기계부품제조용공장,1
17000,공장,지하발아상,1
17000,공장,기계운전실,1
Z3000,근린생활시설,교육실,1
17000,공장,공조설비실,1
17000,공장,오토크레이브덮개,1
17000,공장,농산물가공처리장,1
17000,공장,제1철공장,1
17000,공장,핫오일기계실,1
17000,공장,저수동,1
17000,공장,차고및창고,1
17000,공장,적치장3동,1
17000,공장,출하경비실,1
17000,공장,도시가스정압기실,1
17000,공장,폐토보관장,1
10000,교육연구시설,세심원,1
22000,분뇨.쓰레기처리시설,폐유보관소,1
21000,동물및식물관련시설,철문및관련제품제조업,1
01000,단독주택,2020,1
17000,공장,화물주차장,1
17000,공장,체력단련장및기숙사,1
10000,교육연구시설,시료저장소,1
03000,제1종근린생활시설,보관소,1
17000,공장,정화조관리층,1
17000,공장,철광석및규암창고,1
17000,공장,숙소및연구실,1
02000,공동주택,공동점포,1
17000,공장,취수펌프장,1
04000,제2종근린생활시설,자공차관련시설,1
17000,공장,프린트부스,1
17000,공장,보일러에스씨알셀타,1
17000,공장,제2실험실,1
18000,창고시설,시이,1
17000,공장,과산화벤조일포장실,1
17000,공장,컴프레서동,1
17000,공장,직원흡연장,1
17000,공장,칩계량실,1
01000,단독주택,93농촌주택개량자력,1
17000,공장,2공장변전실,1
14000,업무시설,공무실,1
02000,공동주택,5년임대주택,1
17000,공장,염장공장작업장,1
17000,공장,농어촌부업단지공장,1
17000,공장,1호전처리공장,1
17000,공장,도정공장및가공식품,1
17000,공장,콤류레셔실,1
02000,공동주택,상가8호,1
Z3000,근린생활시설,기타,1
17000,공장,공장7,1
10000,교육연구시설,공동작업실,1
17000,공장,기계실2,1
11000,노유자시설,유아실,1
17000,공장,곡물가공,1
01000,단독주택,일반음식점사무소,1
17000,공장,종합냉동실,1
17000,공장,부대창고시설,1
Z3000,근린생활시설,변전소보관,1
04000,제2종근린생활시설,수산물냉동식품제조,1
17000,공장,7변전실,1
21000,동물및식물관련시설,소독실동,1
Z3000,근린생활시설,복리시설,1
04000,제2종근린생활시설,도사영정보존,1
15000,숙박시설,일반게임제공업의시설,1
01003,다가구주택,근린생활시설,1
17000,공장,섬유제조공장,1
17000,공장,응용연구소,1
05000,문화및집회시설,갤러리,1
16000,위락시설,당구장제외,1
17000,공장,농축산물가공장,1
18000,창고시설,벽돌,1
03000,제1종근린생활시설,제1종근린생활시실,1
18000,창고시설,의료장창고,1
17000,공장,근랜생활시설,1
17000,공장,분석기실9,1
17000,공장,감식초공장,1
17000,공장,육성시설,1
10000,교육연구시설,작물재배사,1
17000,공장,ct,1
17000,공장,재료공장,1
27000,관광휴게시설,역사공원문화관,1
06000,종교시설,주차관리실a,1
10000,교육연구시설,복합영농연수장,1
04000,제2종근린생활시설,제2종긍린생활시설,1
05000,문화및집회시설,언덕길집,1
08000,운수시설,검사장,1
17000,공장,탈사실,1
18000,창고시설,제2종근링생활시설,1
01000,단독주택,사찰부속용,1
24000,방송통신시설,내삼문1,1
06000,종교시설,친견실,1
14000,업무시설,사무소및회의실,1
14000,업무시설,자동차영업소,1
17000,공장,set공장,1
18000,창고시설,소금,1
13000,운동시설,운수시설,1
17000,공장,블렌딩하우스,1
17000,공장,정비대기실,1
18000,창고시설,지상형,1
04000,제2종근린생활시설,자재보관창고,1
13000,운동시설,예지물적치장,1
17000,공장,녹떨이,1
19000,위험물저장및처리시설,chemical,1
21000,동물및식물관련시설,숙소및연구실,1
04000,제2종근린생활시설,제봉기부속품제조업,1
17000,공장,열처리,1
24000,방송통신시설,전송로,1
17000,공장,침사지실,1
18000,창고시설,매점,1
17000,공장,기공,1
30000,자원순환관련시설,자원순환관련시설부속시설,1
29000,장례시설,미용원,1
14000,업무시설,4개소,1
01000,단독주택,웅변학원,1
14000,업무시설,음식점소매점,1
03000,제1종근린생활시설,배양실,1
03000,제1종근린생활시설,外,1
11000,노유자시설,방,1
,,철도역사,1
24000,방송통신시설,c,1
17000,공장,작업상차대,1
Z6000,판매및영업시설,쓰레기처리실,1
03000,제1종근린생활시설,자동차경수리점,1
14000,업무시설,과학수사실,1
04000,제2종근린생활시설,중앙감시실,1
02000,공동주택,물품창고,1
02000,공동주택,기전기실,1
03000,제1종근린생활시설,후생관,1
15000,숙박시설,가족형숙박시설,1
17000,공장,방사선촬영시설,1
15000,숙박시설,도립공원지역내숙박시설,1
27000,관광휴게시설,체험공간,1
18000,창고시설,두사농기계보관창고,1
17000,공장,식육점,1
23000,교정및군사시설,a발사통제실,1
01000,단독주택,농산물저장소,1
17000,공장,브럭제조,1
01000,단독주택,대피서,1
17000,공장,고압가스보관함,1
07000,판매시설,의류,1
11000,노유자시설,보모실,1
17000,공장,목재제재업,1
21000,동물및식물관련시설,냉각접종실,1
04000,제2종근린생활시설,위생용품판매점,1
15000,숙박시설,여과실및정수장관리실,1
17000,공장,코일부,1
27000,관광휴게시설,강당,1
06000,종교시설,팔상전,1
03000,제1종근린생활시설,레저뻘배,1
17000,공장,생연칩처리장,1
33000,"국방,군사시설",신궁탄약고,1
01000,단독주택,금고,1
17000,공장,뻥튀기,1
18000,창고시설,용산역제5호창고,1
06000,종교시설,교육장및,1
05000,문화및집회시설,근린생활시설및예식장,1
30000,자원순환관련시설,소각열회수시설,1
19000,위험물저장및처리시설,충전동,1
19000,위험물저장및처리시설,우험물취급소,1
03000,제1종근린생활시설,전화자동기,1
20000,자동차관련시설,농기계수리소,1
02000,공동주택,주차장11,1
04000,제2종근린생활시설,공장창고,1
20000,자동차관련시설,기숙사식당,1
20000,자동차관련시설,변호제작소,1
23000,교정및군사시설,3지역식당,1
01000,단독주택,06,1
04000,제2종근린생활시설,제7갱,1
19000,위험물저장및처리시설,화장실및창고,1
04000,제2종근린생활시설,n,1
03000,제1종근린생활시설,급수가압장,1
03000,제1종근린생활시설,무인소전화국,1
23000,교정및군사시설,레펠훈련장,1
19000,위험물저장및처리시설,수리창고,1
02000,공동주택,71,1
23000,교정및군사시설,교정및군사시시설,1
,,모고헌,1
,,동재,1
03000,제1종근린생활시설,위락시설단란주점,1
21000,동물및식물관련시설,제1종근린생활시설및단독주택,1
10000,교육연구시설,항공정비동,1
14000,업무시설,전산사무실,1
10000,교육연구시설,기상대,1
17000,공장,m및,1
01000,단독주택,a동은주택,1
01000,단독주택,b동은,1
11000,노유자시설,제2종근린생활시설외,1
02000,공동주택,각종실,1
Z5000,문화및집회시설,도자기작업장및전시장,1
23000,교정및군사시설,초소6,1
17000,공장,샷쉬,1
22000,분뇨.쓰레기처리시설,업무처리시설,1
15000,숙박시설,7가구,1
01000,단독주택,5구획,1
17000,공장,사무실및식당및화장실,1
03000,제1종근린생활시설,계산마을,1
18000,창고시설,승강기정비시설,1
08000,운수시설,문화및관람집회시설,1
04000,제2종근린생활시설,건축기자재,1
03000,제1종근린생활시설,의료기일용품소매점,1
26000,묘지관련시설,묘지관련시설및문화집회시설,1
17000,공장,pam,1
01000,단독주택,76,1
04000,제2종근린생활시설,어육,1
03000,제1종근린생활시설,b형,1
02000,공동주택,채광층,1
08000,운수시설,홈,1
10000,교육연구시설,교실및창고,1
17000,공장,gb651,1
03000,제1종근린생활시설,위험물취급및저장시설,1
17000,공장,계근소,1
17000,공장,문서창고,1
17000,공장,부가창고,1
17000,공장,석재공예수가공공장,1
17000,공장,식수조보온건물,1
17000,공장,장류,1
17000,공장,재활용수집소,1
17000,공장,가스보관실,1
17000,공장,전장동부속동,1
17000,공장,사무후생동,1
17000,공장,급수설비염소투입기실,1
03000,제1종근린생활시설,금속공작물,1
19000,위험물저장및처리시설,위험물취급관리소,1
18000,창고시설,지원주택,1
21000,동물및식물관련시설,트랜치,1
17000,공장,아스콘운전실,1
17000,공장,시험계측실,1
17000,공장,공업,1
17000,공장,시작동,1
17000,공장,e동소방펌프실,1
17000,공장,제2가공공장,1
17000,공장,콘프롬,1
17000,공장,제품폐기소,1
13000,운동시설,장비관리동,1
17000,공장,7공장파우다실,1
04000,제2종근린생활시설,건조시설,1
17000,공장,친환경비료공장,1
17000,공장,스타리아터치업부스,1
17000,공장,부품연구동,1
10000,교육연구시설,오케스트라연습실,1
17000,공장,망루경비초소,1
17000,공장,소규모가구공장,1
17000,공장,작업통로,1
10000,교육연구시설,기술계강습소,1
02000,공동주택,이미용실,1
02000,공동주택,영유아,1
17000,공장,아파트형공장외2,1
17000,공장,재활용품보관창고,1
17000,공장,솔벤트콤프레샤실,1
17000,공장,a1부속동,1
17000,공장,개스차단실,1
17000,공장,중앙사무실,1
17000,공장,시멘트싸이로및배차프랜트,1
01000,단독주택,곰사육사,1
21000,동물및식물관련시설,육상어류종묘배양장,1
03000,제1종근린생활시설,일반유흥점,1
17000,공장,오퍼레이터실,1
12000,수련시설,대피실,1
09000,의료시설,부속의원,1
20000,자동차관련시설,위험물옥내탱크저장소,1
17000,공장,프라즈마작업장,1
21000,동물및식물관련시설,집란및,1
17000,공장,제3조작공장,1
01000,단독주택,5각구,1
03000,제1종근린생활시설,2종근린생활및주택,1
17000,공장,생선냉동공장,1
08000,운수시설,초소1,1
02000,공동주택,3638,1
17000,공장,자동전화기계실,1
,,진남역사,1
17000,공장,압출여과동,1
01000,단독주택,위락시설및제1,1
21000,동물및식물관련시설,식당및휴게실,1
17000,공장,고압정류실,1
17000,공장,광석장,1
17000,공장,공장물품고,1
01000,단독주택,근린생활시서례,1
17000,공장,양조간장,1
02000,공동주택,대피소포함,1
17000,공장,직접수수조,1
17000,공장,건축자재생산공장,1
17000,공장,알지알엠공장,1
17000,공장,면류공장,1
01000,단독주택,2일종근린생활시설,1
19000,위험물저장및처리시설,간이실험실,1
17000,공장,산업보건센타,1
18000,창고시설,제조업시설,1
17000,공장,프라스틱성형사출공장,1
01000,단독주택,농산물망제조공장,1
02000,공동주택,단지내계단,1
22000,분뇨.쓰레기처리시설,콘테이너실,1
17000,공장,기자재반입센터,1
17000,공장,원수처리장,1
17000,공장,부로우워실,1
17000,공장,식당및목욕탕,1
17000,공장,세차소독실,1
04000,제2종근린생활시설,계원당,1
14000,업무시설,오피스텔82실,1
17000,공장,오퍼레이터룸,1
17000,공장,폐수탱크실,1
17000,공장,부원료변전실,1
17000,공장,수산물가공공장및주택,1
17000,공장,중합폴리머실,1
17000,공장,기계실03,1
17000,공장,에스비에스기계실,1
17000,공장,창고시설외,1
17000,공장,규암창고,1
03000,제1종근린생활시설,공동구판장및소매점,1
21000,동물및식물관련시설,볏집,1
18000,창고시설,수산물용,1
17000,공장,판매시설외2용도,1
11000,노유자시설,노유자실설,1
17000,공장,급수취급소,1
17000,공장,출하자재사무실,1
17000,공장,고밀도촉매공장,1
17000,공장,차륜전삭고,1
17000,공장,출하실및조정실,1
10000,교육연구시설,통학로1,1
17000,공장,영선배관실,1
21000,동물및식물관련시설,농수산보관창고시설,1
03000,제1종근린생활시설,옥외휴게공간,1
17000,공장,cover시험장,1
17000,공장,직원식당및숙소,1
17000,공장,생석회미분실,1
17000,공장,아세틸렌공장,1
17000,공장,엠씨이현장대기실,1
17000,공장,오수수거실,1
17000,공장,체석장관리사,1
17000,공장,분리동,1
22000,분뇨.쓰레기처리시설,4냉연공장,1
17000,공장,스레트,1
17000,공장,소지공장,1
10000,교육연구시설,착암기교장,1
04001,일반음식점,제1종근린생활시설,1
10000,교육연구시설,유흥음식점,1
17000,공장,윤활유조탱크,1
17000,공장,컨베이어타워2,1
17000,공장,2호원료저장고,1
17000,공장,nh4oh,1
17000,공장,생활쓰레기보관소,1
17000,공장,파이프설비동1,1
17000,공장,식탁용품제조업,1
17000,공장,목재보관소,1
17000,공장,기계식타워주차,1
17000,공장,계기판넬실,1
17000,공장,액비탱크기계실,1
17000,공장,아세톤저장소,1
17000,공장,종업원목욕탕,1
17000,공장,물품도장공장,1
17000,공장,자재분류장,1
17000,공장,질소제조실,1
17000,공장,정재유탱크,1
17000,공장,소각로셀타,1
17000,공장,서열하치장,1
17000,공장,소형버스공장,1
17000,공장,열매체가열로,1
17000,공장,배소공장펌프실,1
17000,공장,광석창고,1
17000,공장,촉매시설,1
17000,공장,공잔,1
17000,공장,펌프실및전기실,1
17000,공장,질소압공실,1
17000,공장,엠에이충진장,1
17000,공장,소음기실,1
Z5000,문화및집회시설,213,1
,,분뇨및,1
01000,단독주택,94정주생활권,1
21000,동물및식물관련시설,자돈인큐베이터,1
17000,공장,물저장실,1
11000,노유자시설,종교,1
17000,공장,산업등시설군,1
17000,공장,공장기관실,1
17000,공장,통제소휴게실,1
17000,공장,흑판제조공장,1
04000,제2종근린생활시설,슬러지건조장,1
01000,단독주택,선실,1
17000,공장,태양광발전기실,1
03000,제1종근린생활시설,브럭,1
17000,공장,퇴비저장창고,1
17000,공장,혼화제저장소,1
03000,제1종근린생활시설,주동마을회관,1
20000,자동차관련시설,근린생활시설자동차관련시설,1
10000,교육연구시설,우수펌프실,1
02000,공동주택,기계시라,1
02000,공동주택,단지형다세대주택외,1
17000,공장,화분공장,1
04000,제2종근린생활시설,농기계센타,1
17000,공장,elevator,1
17000,공장,사무소등,1
17000,공장,플라스틱일반성형,1
17000,공장,골재저장고4,1
17000,공장,식품저장창고,1
14000,업무시설,본부빌딩,1
08000,운수시설,압축공기실,1
,,운동및경기용구제조,1
17000,공장,소화전실,1
17000,공장,조정동사무실,1
17000,공장,자재적치창고,1
21000,동물및식물관련시설,오리사축사,1
17000,공장,저온및냉동창고,1
17000,공장,수처리콤프,1
17000,공장,수산공장,1
Z3000,근린생활시설,말소,1
03000,제1종근린생활시설,문화센터,1
17000,공장,전기조정실,1
17000,공장,상수도사택,1
10000,교육연구시설,자동차주차장,1
17000,공장,브록공장,1
17000,공장,생산본부동,1
17000,공장,미곡종합처리장제어실,1
15000,숙박시설,관광농원용,1
17000,공장,석고공장,1
11000,노유자시설,시립장애인종합복지시설,1
17000,공장,재활용품보관소,1
17000,공장,간접수처리,1
17000,공장,60톤시멘트밀실,1
17000,공장,영양사실,1
20000,자동차관련시설,시행령,1
Z8000,교육연구및복지시설,체육실및다목적실,1
16000,위락시설,위락시설외2용도,1
15000,숙박시설,112,1
03000,제1종근린생활시설,제과,1
27000,관광휴게시설,선큰주차장화장실,1
19000,위험물저장및처리시설,위엄물저장및처리시설,1
Z3000,근린생활시설,전자유기장,1
01000,단독주택,다중주택6호,1
17000,공장,기계조립및제작,1
17000,공장,방사능계기저장고,1
27000,관광휴게시설,간이매표소,1
17000,공장,tilting,1
20000,자동차관련시설,885,1
05000,문화및집회시설,만유문,1
17000,공장,아연말투입룸,1
03000,제1종근린생활시설,농산물하치장,1
21000,동물및식물관련시설,정수처리시설,1
04000,제2종근린생활시설,시계수리점,1
21000,동물및식물관련시설,2092,1
17000,공장,기설연결홉퍼,1
06000,종교시설,상문,1
14000,업무시설,다,1
06000,종교시설,제조업,1
17000,공장,축분뇨,1
01000,단독주택,부동산소개업,1
02000,공동주택,다세대6,1
11000,노유자시설,근린공공시설및,1
02000,공동주택,발전기실22,1
02000,공동주택,2305동하부,1
04000,제2종근린생활시설,국수및유사제품제조업,1
Z5000,문화및집회시설,대피소,1
27000,관광휴게시설,관리사무소1,1
01000,단독주택,연초굴,1
27000,관광휴게시설,미화반창고,1
04000,제2종근린생활시설,석제품제조업,1
15000,숙박시설,슈퍼마켓,1
08000,운수시설,발전실,1
01000,단독주택,및사무실,1
17000,공장,접속장치제조,1
17000,공장,인쇄기계기자재업,1
22000,분뇨.쓰레기처리시설,제품창고,1
16000,위락시설,휴흥음식점,1
04000,제2종근린생활시설,단과교육학원,1
04000,제2종근린생활시설,까데기,1
01000,단독주택,식품용기제조업,1
06000,종교시설,육모정,1
04000,제2종근린생활시설,전자기기용,1
04000,제2종근린생활시설,사원요사체,1
04000,제2종근린생활시설,침구관련제품제조업,1
10000,교육연구시설,기기동,1
04000,제2종근린생활시설,죽염제조및작업장,1
04000,제2종근린생활시설,유흥음식점외3용도,1
10000,교육연구시설,기술훈련원,1
15000,숙박시설,유홍주점,1
04000,제2종근린생활시설,비품보관실,1
17000,공장,프레온실,1
04000,제2종근린생활시설,교회분원,1
04000,제2종근린생활시설,금형제조장,1
01000,단독주택,으한,1
01000,단독주택,불량주택개량용,1
01000,단독주택,공동및창고,1
04000,제2종근린생활시설,탑,1
04000,제2종근린생활시설,읍청루,1
04000,제2종근린생활시설,죵교시설,1
06000,종교시설,영업용,1
04000,제2종근린생활시설,골프장휴게소,1
04000,제2종근린생활시설,물레방앗간,1
04000,제2종근린생활시설,사무소및다중주택,1
14000,업무시설,92실,1
04000,제2종근린생활시설,축산물유가공시설,1
03000,제1종근린생활시설,제1종근린생활시설위락시설,1
06000,종교시설,청천서원,1
04000,제2종근린생활시설,일반음식점및체력단련장,1
01000,단독주택,지상부속사,1
04000,제2종근린생활시설,영업업무시설군,1
04000,제2종근린생활시설,목공예공장,1
01000,단독주택,무도장,1
04000,제2종근린생활시설,제2종근린생할및단독주택,1
07000,판매시설,제12종근린생활시설,1
04000,제2종근린생활시설,일신주유소,1
04000,제2종근린생활시설,공공근린시설,1
Z5000,문화및집회시설,용왕각,1
18000,창고시설,농산물보관및선별창고,1
04000,제2종근린생활시설,일반음식점및스크린골프연습장,1
04000,제2종근린생활시설,1종근린생활시설외1,1
04000,제2종근린생활시설,제2종근린생활시설1건,1
03000,제1종근린생활시설,제1종근로생활시설,1
06000,종교시설,교육시설,1
17000,공장,휴게실및탈의실,1
03000,제1종근린생활시설,2존근린생활시설,1
02000,공동주택,남자,1
Z8000,교육연구및복지시설,일반교실,1
14000,업무시설,53호,1
17000,공장,분석실d,1
27000,관광휴게시설,구6티하우스,1
04000,제2종근린생활시설,유게차고,1
Z6000,판매및영업시설,제1종,1
10000,교육연구시설,오수정화조,1
17000,공장,분형석호퍼,1
21000,동물및식물관련시설,차량용소독기,1
11000,노유자시설,사회,1
10000,교육연구시설,pilot,1
03000,제1종근린생활시설,주택및노유자시설,1
18000,창고시설,안타나실,1
04000,제2종근린생활시설,노래연습장및2종근린시설,1
11000,노유자시설,피트니스센터,1
10000,교육연구시설,양로원,1
Z3000,근린생활시설,관림집회시설,1
02000,공동주택,방문자대기실,1
17000,공장,포장용유리용기제조업26104,1
01000,단독주택,업무시설군,1
Z3000,근린생활시설,저온저장고,1
04000,제2종근린생활시설,1419,1
04000,제2종근린생활시설,섬유제조업,1
18000,창고시설,실습장,1
18000,창고시설,페이트창고,1
04000,제2종근린생활시설,특수화물사무실,1
21000,동물및식물관련시설,축산정화조,1
04000,제2종근린생활시설,교육및연구싯설,1
18000,창고시설,aid,1
14000,업무시설,장비창고,1
04000,제2종근린생활시설,다가주구택,1
15000,숙박시설,휴양콘도미디엄,1
17000,공장,제강슬래그보관장,1
04000,제2종근린생활시설,음식점및창고,1
17000,공장,pe공장,1
13000,운동시설,그늘집15홀,1
20000,자동차관련시설,사무실외,1
02000,공동주택,시장상가,1
Z5000,문화및집회시설,등재,1
15000,숙박시설,생및숙박시설,1
21000,동물및식물관련시설,다목적,1
17000,공장,관리,1
17000,공장,결정화동,1
03000,제1종근린생활시설,분초소,1
03000,제1종근린생활시설,탑조등실,1
17000,공장,마을공동창고,1
03000,제1종근린생활시설,2층및주택3층,1
21000,동물및식물관련시설,마우스사육실,1
03000,제1종근린생활시설,2종근린활시설,1
02000,공동주택,아파트부속구매,1
02000,공동주택,점포및제2종근린생활시설,1
02000,공동주택,453,1
14000,업무시설,주거용업무시설,1
,,재활용품보관소,1
03000,제1종근린생활시설,및즉석판매제조가공업,1
11000,노유자시설,2종근생교회,1
17000,공장,주행수정장,1
08000,운수시설,관광기반시설,1
04000,제2종근린생활시설,컴퓨터실,1
Z5000,문화및집회시설,문방,1
18000,창고시설,크링커,1
01000,단독주택,가축시설,1
04000,제2종근린생활시설,도서전시실,1
17000,공장,옥내탱크,1
15000,숙박시설,여관및다방,1
19000,위험물저장및처리시설,sih4,1
02000,공동주택,901동1층피로티,1
05000,문화및집회시설,농촌체험관,1
03000,제1종근린생활시설,농자재판매,1
19000,위험물저장및처리시설,지하유류,1
22000,분뇨.쓰레기처리시설,과원용,1
03000,제1종근린생활시설,지하대피소및화장실,1
10000,교육연구시설,평생학습관,1
04000,제2종근린생활시설,지조암,1
17000,공장,경기용및기타특수용신발제조,1
17000,공장,소독조,1
17000,공장,gas감지실,1
04000,제2종근린생활시설,일반음식식점,1
18000,창고시설,자동차영업소,1
17000,공장,용수계량실,1
17000,공장,운영동,1
04000,제2종근린생활시설,영업용주택,1
31000,야영장시설,캠핑안내소,1
02000,공동주택,기숙사a동,1
30000,자원순환관련시설,재생원료보관창고,1
02000,공동주택,나눔문화동,1
17000,공장,기숙사외4,1
Z8000,교육연구및복지시설,자동측정소,1
04000,제2종근린생활시설,문구제조,1
17000,공장,cod,1
10000,교육연구시설,운동장차양막3,1
04000,제2종근린생활시설,지역특산품,1
10000,교육연구시설,산학기술관,1
01000,단독주택,화장,1
04000,제2종근린생활시설,외1종근생및단독주택,1
01000,단독주택,유락시설,1
08000,운수시설,동물,1
08000,운수시설,식물관련시설,1
02000,공동주택,7개동,1
03000,제1종근린생활시설,외6,1
14000,업무시설,도시형생활주택다세대주택,1
02000,공동주택,우수조관리,1
03000,제1종근린생활시설,대중음식점2종,1
06000,종교시설,사찰요사체,1
15000,숙박시설,청소년게임제공업의시설,1
21000,동물및식물관련시설,주택관리사,1
21000,동물및식물관련시설,떡공장,1
16000,위락시설,차고,1
04000,제2종근린생활시설,공장부속,1
03000,제1종근린생활시설,회관외,1
17000,공장,가공목재산업,1
11000,노유자시설,청소년복지회관,1
18000,창고시설,참외작목반,1
22000,분뇨.쓰레기처리시설,관리인사택,1
10000,교육연구시설,정구장본부석,1
18000,창고시설,기숙사및휴게실,1
04000,제2종근린생활시설,203동,1
02000,공동주택,2종근린생활시설및,1
08000,운수시설,정비공장동,1
04000,제2종근린생활시설,열람실서고,1
17000,공장,제2부두질소보관소,1
01000,단독주택,부록창고,1
Z3000,근린생활시설,수리실,1
27000,관광휴게시설,콘도라,1
02000,공동주택,110동,1
07000,판매시설,업무시설등,1
14000,업무시설,펌프실및사무동,1
13000,운동시설,정수처리장기계실,1
Z8000,교육연구및복지시설,기타아동관련시설,1
05000,문화및집회시설,고라니사,1
17000,공장,달리분류되지않은기성복제조업,1
17000,공장,잔유물공장,1
18000,창고시설,벼저온창고,1
13000,운동시설,마사및퇴비사,1
01000,단독주택,계사및,1
17000,공장,벽타일제조,1
17000,공장,압축기쉘타a,1
19000,위험물저장및처리시설,철근콘크리트조,1
04000,제2종근린생활시설,식품가공처리시설,1
13000,운동시설,예산게이트볼협회화장실,1
06000,종교시설,학교시설,1
17000,공장,lpg저장실,1
08000,운수시설,전철원거소,1
01000,단독주택,인터넷컴퓨터게임제공업의시설,1
,,근생2종,1
17000,공장,산업용펌프시험실,1
01000,단독주택,다주택,1
21000,동물및식물관련시설,전복축양장여과정,1
04000,제2종근린생활시설,토산품점,1
04000,제2종근린생활시설,기사숙소,1
13000,운동시설,수원시체육회선수촌,1
13000,운동시설,야구연습장2동,1
03000,제1종근린생활시설,금성,1
13000,운동시설,농구팀연습장,1
17000,공장,제습실2,1
17000,공장,a501헤드타워,1
01000,단독주택,소림정사,1
01000,단독주택,서예원,1
Z8000,교육연구및복지시설,사제관,1
21000,동물및식물관련시설,93농촌개량사업에의함,1
02000,공동주택,자동차정비공장,1
07000,판매시설,미용학원,1
10000,교육연구시설,경비대숙소,1
17000,공장,검색대및캐노피,1
30000,자원순환관련시설,전기관리실,1
03000,제1종근린생활시설,사우나,1
04000,제2종근린생활시설,발전실및차고,1
02000,공동주택,근로자휴게소2,1
18000,창고시설,농산물및농기구보관창고,1
02000,공동주택,현대아파트상가,1
04000,제2종근린생활시설,고체유용미생물생산시설,1
02000,공동주택,제2종근린생활시설외1,1
17000,공장,폐수재생시설,1
17000,공장,옥외통로,1
01000,단독주택,변전소,1
14200,일반업무시설,차고,1
02000,공동주택,공동주택지하주차장,1
04000,제2종근린생활시설,향군회관,1
17000,공장,콜크제품,1
18000,창고시설,창고및작업실,1
03000,제1종근린생활시설,판매시설및사설강습소,1
17000,공장,블록제조업,1
18000,창고시설,미용원,1
17000,공장,분석실cod,1
17000,공장,공무본부사무실,1
23000,교정및군사시설,급수장,1
17000,공장,3가구,1
01000,단독주택,일반사무소,1
22000,분뇨.쓰레기처리시설,가압펌프실,1
04000,제2종근린생활시설,의류기구판매점,1
03000,제1종근린생활시설,1117,1
03000,제1종근린생활시설,306,1
17000,공장,eps제품창고,1
02000,공동주택,셔틀엘리베이터3,1
03000,제1종근린생활시설,양수장및정수장,1
16000,위락시설,간이음식점,1
02000,공동주택,기숙사휴게실식당,1
02000,공동주택,생활편익시설등,1
02000,공동주택,건물형주차장,1
04000,제2종근린생활시설,농산물처리업,1
02000,공동주택,실내다목적실,1
02000,공동주택,공동주택3,1
02000,공동주택,외부공용계단실,1
01000,단독주택,노전채,1
02000,공동주택,재활용품선별보관창고2,1
02000,공동주택,센트럴북카페,1
02000,공동주택,단지형다세대주택및제1종근린생활시설,1
02000,공동주택,제2종근린생활시설외2,1
02000,공동주택,다세대주택15세대용,1
02000,공동주택,도시형생활주택및근생시설,1
02000,공동주택,나눔까페,1
02000,공동주택,소방용품보관창고,1
02000,공동주택,공유도서관,1
02000,공동주택,국선단자함실,1
02000,공동주택,45대,1
02000,공동주택,가스관리조정실,1
03000,제1종근린생활시설,유수지관사,1
19000,위험물저장및처리시설,유류저장및처리시설,1
02000,공동주택,지하데크층주차장,1
04000,제2종근린생활시설,경찰관숙소,1
02000,공동주택,셔틀코아,1
02000,공동주택,주택전유,1
17000,공장,예냉창고,1
14000,업무시설,기계실관련,1
14000,업무시설,경유탱크실,1
01000,단독주택,제거식축사,1
01000,단독주택,가마기계창,1
01000,단독주택,마방,1
30000,자원순환관련시설,부속차고,1
10000,교육연구시설,학생회관겸도서관,1
12000,수련시설,저온저장고,1
02000,공동주택,근린생활시설아파트,1
30000,자원순환관련시설,제2종근린생화리설,1
06000,종교시설,변소및,1
17000,공장,원료치장동,1
01000,단독주택,사랑의집,1
03000,제1종근린생활시설,예능계사설강습소,1
18000,창고시설,농수산물보관및관리,1
18000,창고시설,음식점및주택,1
04000,제2종근린생활시설,문루,1
20000,자동차관련시설,이동통로,1
02000,공동주택,상가2,1
03000,제1종근린생활시설,직판,1
03000,제1종근린생활시설,원단창고,1
30000,자원순환관련시설,막분리고급산화동,1
02000,공동주택,파티홀2,1
02000,공동주택,연립주택10세대,1
01000,단독주택,다목적저장고,1
30000,자원순환관련시설,폐기물감화시설,1
11000,노유자시설,세탁소,1
17000,공장,초안창고,1
19000,위험물저장및처리시설,처리시설사무실,1
17000,공장,수욕조,1
02000,공동주택,자전거정비실,1
02000,공동주택,공동세탁실및휴게공간,1
04000,제2종근린생활시설,제1종근생근린생활시설,1
02000,공동주택,펫하우스,1
02000,공동주택,상가및기계실,1
17000,공장,일반관리,1
22000,분뇨.쓰레기처리시설,피그동,1
02000,공동주택,근린생활시설및점포및주택및차고,1
08000,운수시설,강의실,1
,,목조스레트,1
,,동각,1
25000,발전시설,냉각탑,1
07000,판매시설,수처리관리실,1
04000,제2종근린생활시설,요소비료제조업소,1
19000,위험물저장및처리시설,위험물장처리시설,1
07000,판매시설,상가및제2종근린생활시설,1
22000,분뇨.쓰레기처리시설,장비동,1
,,미륵당,1
,,스레이트,1
04000,제2종근린생활시설,생필품공장,1
17000,공장,lpg저장창고,1
02000,공동주택,다함께볼돔센터,1
12000,수련시설,산림관시설,1
08000,운수시설,영선소창고,1
21000,동물및식물관련시설,창고시설외,1
09000,의료시설,감시옥,1
10000,교육연구시설,학습활동실,1
10000,교육연구시설,송풍기실,1
10000,교육연구시설,사업화시설,1
10000,교육연구시설,다4동,1
02000,공동주택,중고나눔센터,1
27000,관광휴게시설,농산물판매소,1
09000,의료시설,직업재활훈련장,1
10000,교육연구시설,예절실,1
08000,운수시설,서울역남부역,1
08000,운수시설,락커룸,1
14000,업무시설,130세대,1
17000,공장,폐자재보관실,1
08000,운수시설,시외버스공용터미널,1
10000,교육연구시설,실험실습용,1
10000,교육연구시설,서애관,1
09000,의료시설,병원부속용창고,1
18000,창고시설,위탁영농시설,1
27000,관광휴게시설,구15티하우스,1
09000,의료시설,대기소,1
10000,교육연구시설,교육연구및복지시설외1건,1
03000,제1종근린생활시설,h,1
04000,제2종근린생활시설,양식,1
10000,교육연구시설,다목적교실및급식소,1
17000,공장,수산물냉동품제조업,1
17000,공장,117,1
17000,공장,자재창고a,1
12000,수련시설,휴양관,1
10000,교육연구시설,농기구보관소,1
14000,업무시설,오피스텔46실,1
10000,교육연구시설,교육연구시설외4,1
18000,창고시설,임항저온창고,1
09000,의료시설,경당,1
01000,단독주택,임산물집하장,1
03000,제1종근린생활시설,천문체험관,1
10000,교육연구시설,교육연구시설및복시시설,1
10000,교육연구시설,어체측정동,1
17000,공장,쓰레기분리수거,1
24000,방송통신시설,기재실,1
01000,단독주택,다가구13주택,1
10000,교육연구시설,여중급식실,1
17000,공장,위생용품제조장,1
18000,창고시설,농기계서비스센터,1
20000,자동차관련시설,자동차as코너,1
Z5000,문화및집회시설,유관순회관,1
08000,운수시설,거촌역,1
17000,공장,사무실겸,1
10000,교육연구시설,비상발전기실,1
04000,제2종근린생활시설,34실,1
10000,교육연구시설,동재,1
10000,교육연구시설,교육및연구및복지시설,1
18000,창고시설,곡물보관고,1
18000,창고시설,주자장,1
Z5000,문화및집회시설,소매점및,1
04000,제2종근린생활시설,공장외1용도,1
03000,제1종근린생활시설,포유동물,1
03000,제1종근린생활시설,다구구용단독주택,1
03000,제1종근린생활시설,어패류도소매점,1
14000,업무시설,농산물처리가공시설,1
04000,제2종근린생활시설,오일교환실,1
03000,제1종근린생활시설,전기실및침사지실,1
18000,창고시설,일반주택외,1
06000,종교시설,3용도,1
10000,교육연구시설,교구준비실,1
04000,제2종근린생활시설,냉동기실,1
03000,제1종근린생활시설,후생복지영업소,1
31000,야영장시설,경비실,1
03000,제1종근린생활시설,및기타제1종근린생활시설,1
22000,분뇨.쓰레기처리시설,축분발효사,1
,,96,1
23000,교정및군사시설,일반a,1
01000,단독주택,군수,1
06000,종교시설,일반창고,1
03000,제1종근린생활시설,점포및다가구주택,1
06000,종교시설,삼성당,1
20000,자동차관련시설,냉동기기제작,1
06000,종교시설,제1종근린생할시설,1
04000,제2종근린생활시설,않는,1
17000,공장,n2제네레이터,1
02000,공동주택,제1종근린샐활시설,1
02000,공동주택,시장외,1
02000,공동주택,요가센터,1
04000,제2종근린생활시설,문화재관리용,1
01000,단독주택,홍살문,1
08000,운수시설,고속도로영업소,1
16000,위락시설,식육점,1
18000,창고시설,도자기작업장,1
17000,공장,안내소,1
18000,창고시설,영농자재창고,1
31000,야영장시설,농산물판매장,1
15000,숙박시설,동식물관련시설,1
09000,의료시설,정문정산소,1
19000,위험물저장및처리시설,석유판메취급소,1
17000,공장,피이조정실,1
04000,제2종근린생활시설,현미경,1
17000,공장,출하하역장,1
19000,위험물저장및처리시설,위험물저장처리서설,1
,,작업실,1
,,농가용창고,1
07000,판매시설,농축산물가공및판매시설,1
08000,운수시설,실내테니스장,1
19000,위험물저장및처리시설,정유탱크,1
02000,공동주택,린넨실,1
03000,제1종근린생활시설,금융업소및사무소,1
04000,제2종근린생활시설,농축산물판매장,1
06000,종교시설,고삼제일교회,1
07000,판매시설,서울대공원시설,1
17000,공장,사무및화학용품제조,1
23000,교정및군사시설,무선반,1
07000,판매시설,전처리시설,1
04000,제2종근린생활시설,수직갈포,1
01000,단독주택,다용도쉼터,1
04000,제2종근린생활시설,업무주택,1
11000,노유자시설,식품저장고,1
14000,업무시설,운전원대기실,1
04000,제2종근린생활시설,제작전시판매장,1
17000,공장,유지공장동,1
08000,운수시설,운수사무실,1
17000,공장,푸란공장,1
02000,공동주택,29호실,1
18000,창고시설,소방대차고,1
02000,공동주택,직원식당,1
21000,동물및식물관련시설,볕짚,1
02000,공동주택,다세대9,1
01000,단독주택,및식물관련시설,1
04000,제2종근린생활시설,레이크티하우스,1
01000,단독주택,공동쥐사장,1
17000,공장,밀타워,1
03000,제1종근린생활시설,분뇨처리시설,1
17000,공장,공구실창고,1
03000,제1종근린생활시설,용봉탕액기스,1
03000,제1종근린생활시설,옹벽,1
17000,공장,3열연,1
02000,공동주택,냉장창고,1
17000,공장,농업인복지시설,1
Z3000,근린생활시설,근린생활시설및주택및자동차관련시설,1
04000,제2종근린생활시설,자돈판매장,1
01000,단독주택,간이음식,1
18000,창고시설,1945년,1
17000,공장,기계수리공장등,1
03000,제1종근린생활시설,주택관사,1
17000,공장,차량통행용,1
21000,동물및식물관련시설,주1,1
02000,공동주택,근린생활시시설,1
18000,창고시설,97팩키지마을사업,1
17000,공장,본사,1
26000,묘지관련시설,수복방,1
04000,제2종근린생활시설,에이동,1
17000,공장,가공및저장처리업,1
20000,자동차관련시설,농기계수리센터,1
07000,판매시설,재활용창고,1
02000,공동주택,804,1
05000,문화및집회시설,우익랑,1
22000,분뇨.쓰레기처리시설,정자,1
03000,제1종근린생활시설,유적복원,1
01000,단독주택,흙,1
02000,공동주택,209세대,1
24000,방송통신시설,방송통시시설,1
04000,제2종근린생활시설,다가구형단독주택,1
24000,방송통신시설,간이전화국,1
04000,제2종근린생활시설,설화장실,1
10000,교육연구시설,권투연습장,1
17000,공장,에어,1
18000,창고시설,공용시설,1
03000,제1종근린생활시설,농촌상담소,1
Z3000,근린생활시설,방범초소,1
03000,제1종근린생활시설,bar,1
05000,문화및집회시설,곤충체험관,1
05000,문화및집회시설,문화및집회시실,1
04000,제2종근린생활시설,제조시설및창고,1
14000,업무시설,오피스텔32실,1
02000,공동주택,근린생활시설및기계실,1
20000,자동차관련시설,항만시설,1
Z3000,근린생활시설,협동주택,1
17000,공장,쏠라티,1
19000,위험물저장및처리시설,lpg용기저장소,1
17000,공장,전장수선장,1
04000,제2종근린생활시설,사과저장창고,1
14000,업무시설,훈련장,1
17000,공장,펠트및부직포제조업,1
24000,방송통신시설,공용화기지국,1
10000,교육연구시설,교무실및원장실,1
24000,방송통신시설,단말송신소,1
01000,단독주택,주택겸강당,1
10000,교육연구시설,11,1
10000,교육연구시설,25,1
07000,판매시설,부속관리사무실,1
17000,공장,곡분과자제조,1
21000,동물및식물관련시설,육상어류축양장용,1
Z3000,근린생활시설,변소욕실,1
19000,위험물저장및처리시설,원동기정비업,1
02000,공동주택,da등,1
17000,공장,유치원,1
17000,공장,전기로전기실,1
Z8000,교육연구및복지시설,마을공동집하장,1
22000,분뇨.쓰레기처리시설,분뇨및쓰,1
22000,분뇨.쓰레기처리시설,레기처리시설,1
04000,제2종근린생활시설,세통장,1
17000,공장,영선설,1
02000,공동주택,멀티플렉스,1
,,공동퇴비사,1
03000,제1종근린생활시설,송풍기및,1
17000,공장,ph,1
30000,자원순환관련시설,주택,1
15000,숙박시설,관광숙박시설중,1
21000,동물및식물관련시설,21동,1
04000,제2종근린생활시설,중각,1
17000,공장,ro포장실,1
Z3000,근린생활시설,새마을창고,1
17000,공장,벽지제조업,1
17000,공장,ilc약제보관소,1
17000,공장,페인트류,1
17000,공장,n2기계실동,1
22000,분뇨.쓰레기처리시설,재활용품보관시설,1
04000,제2종근린생활시설,가공식품,1
03000,제1종근린생활시설,동서학동,1
26000,묘지관련시설,영묘전,1
06000,종교시설,사찰부속쉼터,1
24000,방송통신시설,통신중개소,1
10000,교육연구시설,전산관,1
18000,창고시설,화훼작업장,1
10000,교육연구시설,분리수거실,1
24000,방송통신시설,통신시설중계소,1
18000,창고시설,체육도장,1
18000,창고시설,재활용품수집보관창고,1
03000,제1종근린생활시설,전화분국,1
17000,공장,px,1
19000,위험물저장및처리시설,탱크저장실,1
03000,제1종근린생활시설,물건보관창고,1
15000,숙박시설,재활용품보관장,1
04000,제2종근린생활시설,도예작업장,1
26000,묘지관련시설,숙직실,1
01000,단독주택,제2종근린생활시설및차고,1
06000,종교시설,궁현당,1
17000,공장,80ton부로아실,1
21000,동물및식물관련시설,잠,1
Z9000,공공용시설,수도시설물,1
05000,문화및집회시설,일각문,1
01000,단독주택,담배건조기,1
10000,교육연구시설,기자재실,1
01000,단독주택,4가,1
15000,숙박시설,및숙박시설,1
03000,제1종근린생활시설,생시설및대피소,1
01000,단독주택,모래장,1
05000,문화및집회시설,미지정문화재,1
04000,제2종근린생활시설,자동차용품점,1
05000,문화및집회시설,부대급식시설,1
03000,제1종근린생활시설,집선실,1
04000,제2종근린생활시설,해운사무실,1
05000,문화및집회시설,통천궁,1
18000,창고시설,시무실,1
03000,제1종근린생활시설,원룸형다세대,1
11000,노유자시설,일반목욕장,1
01000,단독주택,농기용창고,1
02000,공동주택,노인회사무실,1
05000,문화및집회시설,아산정,1
16000,위락시설,근리생활시설,1
02000,공동주택,선큰계단,1
01000,단독주택,개인풀장,1
12000,수련시설,외3,1
18000,창고시설,감귤저장소,1
05000,문화및집회시설,혜릉수복방,1
21000,동물및식물관련시설,양송이재배용보이라실,1
13000,운동시설,재활용품창고,1
17000,공장,클링타워분석동,1
04000,제2종근린생활시설,도시형공장제조업,1
04000,제2종근린생활시설,피난계단보호시설,1
10000,교육연구시설,인터넷컴퓨터게임시설제공업소,1
02000,공동주택,1210대,1
21000,동물및식물관련시설,톱밥저장실,1
05000,문화및집회시설,온돌체험동,1
05000,문화및집회시설,화장실동,1
02000,공동주택,재활용품보관소b,1
05000,문화및집회시설,기사휴게실,1
02000,공동주택,29ea,1
17000,공장,합성고무공장,1
17000,공장,고철야적장,1
01003,다가구주택,8가구,1
05000,문화및집회시설,협문8,1
05000,문화및집회시설,건원릉수라간,1
03000,제1종근린생활시설,재1종,1
17000,공장,외의편조업,1
18000,창고시설,수전실,1
19000,위험물저장및처리시설,페인트,1
10000,교육연구시설,애완동물실습실,1
03000,제1종근린생활시설,매점및,1
17000,공장,원수계량판넬보호실,1
03000,제1종근린생활시설,차고관련부대시설,1
25000,발전시설,배압터빈동,1
19000,위험물저장및처리시설,가스정압실1,1
17000,공장,운전조작실,1
03000,제1종근린생활시설,농어업,1
21000,동물및식물관련시설,시험,1
11000,노유자시설,어패류,1
14000,업무시설,419실,1
18000,창고시설,장비,1
01000,단독주택,황초실,1
10000,교육연구시설,공동보육시설,1
19000,위험물저장및처리시설,적사장,1
18000,창고시설,직원사택,1
08000,운수시설,페수처리장,1
03000,제1종근린생활시설,콤푸렛사실,1
21000,동물및식물관련시설,먹이제조실,1
15000,숙박시설,숙박영업소,1
14000,업무시설,38호,1
04000,제2종근린생활시설,제본작업소,1
17000,공장,집진기조정실,1
Z6000,판매및영업시설,식품센타,1
19000,위험물저장및처리시설,thinner저장소,1
03000,제1종근린생활시설,강습,1
15000,숙박시설,여관및단란주점,1
04000,제2종근린생활시설,연수,1
17000,공장,수중시험장,1
27000,관광휴게시설,동물원,1
10000,교육연구시설,체육센터,1
14000,업무시설,금융업및점포,1
14000,업무시설,임야관리사,1
05000,문화및집회시설,목욕탕,1
17000,공장,창고정비장,1
14000,업무시설,정문경비실,1
14000,업무시설,후생동,1
01000,단독주택,군복지시설,1
11000,노유자시설,주택및,1
14000,업무시설,동식물관련시설,1
04000,제2종근린생활시설,슈마켓,1
14000,업무시설,사무실외2,1
17000,공장,기타건축용목재품재조업,1
14000,업무시설,주기장관리실,1
04000,제2종근린생활시설,전수장,1
17000,공장,골판제조업,1
04000,제2종근린생활시설,복합주택,1
14000,업무시설,공공업무시설외1,1
14000,업무시설,선관위,1
17000,공장,계단실및물탱크,1
04000,제2종근린생활시설,판지용기제조업,1
14000,업무시설,4냉연공장,1
02000,공동주택,27대형,1
10000,교육연구시설,10가구,1
24000,방송통신시설,l,1
03000,제1종근린생활시설,성물판매소,1
14000,업무시설,차고시설,1
14000,업무시설,창고및농기구센타,1
17000,공장,제2종근생시설,1
04000,제2종근린생활시설,선유원,1
04000,제2종근린생활시설,미술감상실,1
14000,업무시설,지하창고,1
04000,제2종근린생활시설,소화수조관리실,1
14000,업무시설,공용세탁실,1
04000,제2종근린생활시설,비주거용,1
18000,창고시설,염장실,1
01000,단독주택,79농촌주택개량사업,1
14000,업무시설,농기구센타,1
14000,업무시설,오피스텔및주택,1
17000,공장,에나멜공장,1
14000,업무시설,폐사토보관창고,1
03000,제1종근린생활시설,제17녹,1
01000,단독주택,축사및관리방,1
04000,제2종근린생활시설,식품소매점,1
03000,제1종근린생활시설,기전기실,1
03000,제1종근린생활시설,주택의부속된창고,1
02000,공동주택,주민협의회실,1
04000,제2종근린생활시설,아궁이,1
17000,공장,실험실및,1
20000,자동차관련시설,유계차고,1
14000,업무시설,업무용시설,1
13000,운동시설,휴게소c동,1
17000,공장,놀이방,1
03000,제1종근린생활시설,경찰관지구대,1
06000,종교시설,입법당,1
14000,업무시설,상사,1
04000,제2종근린생활시설,사무실및관리사,1
18000,창고시설,상차장,1
15000,숙박시설,52실,1
03000,제1종근린생활시설,정수시설등,1
14000,업무시설,근린제조장,1
19000,위험물저장및처리시설,펌프및출장하,1
02000,공동주택,아이케어센터,1
03000,제1종근린생활시설,점표,1
10000,교육연구시설,외5,1
21000,동물및식물관련시설,추양장,1
17000,공장,8ccl,1
10000,교육연구시설,cod분석실,1
02000,공동주택,주상복합건축물,1
Z3000,근린생활시설,변소및,1
04000,제2종근린생활시설,목재거구제조업,1
03000,제1종근린생활시설,관광농업직판장,1
10000,교육연구시설,재활용폐기물보관소,1
04000,제2종근린생활시설,다중생할시설,1
05000,문화및집회시설,제1종근,1
21000,동물및식물관련시설,창고a동,1
10000,교육연구시설,드론축구장,1
10000,교육연구시설,장비실,1
03000,제1종근린생활시설,무인통신장비항,1
17000,공장,고철폐기장,1
04000,제2종근린생활시설,그주변기기제조업,1
04000,제2종근린생활시설,38실,1
,,우사및퇴비사,1
10000,교육연구시설,아동정보센타,1
10000,교육연구시설,환경온실,1
,,감자저장,1
02000,공동주택,업무및근린시설,1
10000,교육연구시설,발전실,1
10000,교육연구시설,학교식당,1
17000,공장,80ton메인팬모터,1
17000,공장,금속문및관련제품제조업소,1
09000,의료시설,물료병원,1
01000,단독주택,단독주택중,1
18000,창고시설,임시수장고,1
10000,교육연구시설,직업훈련원교직원아파트,1
21000,동물및식물관련시설,수산물처리작업장,1
04000,제2종근린생활시설,도로표지판제조,1
10000,교육연구시설,여민루,1
08000,운수시설,공동주택,1
10000,교육연구시설,교육구및복지시설,1
10000,교육연구시설,교재보관소,1
17000,공장,4부두,1
01000,단독주택,주거및창고,1
10000,교육연구시설,분리수거소,1
06000,종교시설,농가주택및,1
21000,동물및식물관련시설,영농용,1
10000,교육연구시설,골프체험학습장,1
18000,창고시설,버섯종균배양실,1
17000,공장,품질,1
06000,종교시설,주택외,1
06000,종교시설,종신교회,1
10000,교육연구시설,럭비부숙소,1
24000,방송통신시설,온실,1
10000,교육연구시설,포수연습실,1
08000,운수시설,자동차고,1
19000,위험물저장및처리시설,주유소및숙소,1
10000,교육연구시설,거실,1
10000,교육연구시설,설비,1
04000,제2종근린생활시설,아동,1
01000,단독주택,기계보관창고,1
10000,교육연구시설,분석센타,1
14000,업무시설,체육부대시설,1
10000,교육연구시설,수위동,1
10000,교육연구시설,정비실습실,1
20000,자동차관련시설,납금실,1
04000,제2종근린생활시설,야외데크,1
02000,공동주택,41호,1
02000,공동주택,232,1
02000,공동주택,455,1
10000,교육연구시설,제일삼림이용학실,1
04000,제2종근린생활시설,및주차장,1
04000,제2종근린생활시설,안경제조업,1
10000,교육연구시설,고육연구및복지시설,1
04000,제2종근린생활시설,샤워장및매점,1
25000,발전시설,약품주입,1
21000,동물및식물관련시설,식물관련실시설,1
10000,교육연구시설,관리숙소,1
09000,의료시설,감사옥부속건물,1
17000,공장,산소압력,1
10000,교육연구시설,의대본관,1
10000,교육연구시설,생물실험실,1
05000,문화및집회시설,재배온실,1
14000,업무시설,근로자대기실,1
10000,교육연구시설,샤워및펌프실,1
01000,단독주택,7호실,1
04000,제2종근린생활시설,제2종근생시설의,1
10000,교육연구시설,교육연수및복지시설,1
27000,관광휴게시설,쓰레기분리고,1
17000,공장,1996,1
09000,의료시설,관리사무실,1
12000,수련시설,창고및탈의,1
09000,의료시설,공가,1
10000,교육연구시설,보행통로,1
10000,교육연구시설,편의점,1
08000,운수시설,화산역본체,1
10000,교육연구시설,화생방교육장,1
04000,제2종근린생활시설,건어물,1
18000,창고시설,타이어보관소,1
17000,공장,부속창고동,1
17000,공장,폐드럼창고,1
17000,공장,화학물질,1
13000,운동시설,리프트,1
04000,제2종근린생활시설,정구장,1
17000,공장,중합방지시설실,1
Z8000,교육연구및복지시설,양궁장사무실,1
20000,자동차관련시설,여객운수사업법차고,1
10000,교육연구시설,농과대학1호관,1
10000,교육연구시설,종중강당,1
17000,공장,융설설비,1
17000,공장,rod장,1
17000,공장,계단및화장실,1
08000,운수시설,철도국,1
10000,교육연구시설,산림교육장,1
02000,공동주택,무대,1
15000,숙박시설,연돌,1
17000,공장,철물및관련제품,1
18000,창고시설,스위실,1
17000,공장,시멘트사일로,1
10000,교육연구시설,생활관동,1
11000,노유자시설,전시장,1
17000,공장,멸균실,1
10000,교육연구시설,생활지도관,1
19000,위험물저장및처리시설,ipa저장소,1
03000,제1종근린생활시설,경찰관지서,1
02000,공동주택,키즈클러스터,1
06000,종교시설,목공소,1
22000,분뇨.쓰레기처리시설,수질개선장치,1
06000,종교시설,종교시설주차장,1
17000,공장,농수산물건조실,1
17000,공장,갠트리크레인,1
02000,공동주택,교직원공동사택,1
04000,제2종근린생활시설,판맨시설,1
01000,단독주택,복층형,1
18000,창고시설,쾌속후송선,1
24000,방송통신시설,기계실및,1
24000,방송통신시설,철도통신중계소,1
02000,공동주택,오수처리시설관리층,1
17000,공장,가,1
18000,창고시설,어망작업장,1
Z3000,근린생활시설,마을공동구판장,1
03000,제1종근린생활시설,의류재봉,1
04000,제2종근린생활시설,유락장,1
17000,공장,안전팀,1
,,식료,1
13000,운동시설,p,1
04000,제2종근린생활시설,식품접객업소,1
14000,업무시설,266호,1
04000,제2종근린생활시설,아동풀장부대건물,1
04000,제2종근린생활시설,관람석,1
04000,제2종근린생활시설,자동차운수사업법에의한차고,1
04000,제2종근린생활시설,수선장,1
03000,제1종근린생활시설,위험물판매,1
04000,제2종근린생활시설,종교건물,1
01000,단독주택,곡물건조기설치용,1
04000,제2종근린생활시설,제2종근린생활시실및창고,1
20000,자동차관련시설,기계수리장,1
04000,제2종근린생활시설,54호실,1
14000,업무시설,제,1
04000,제2종근린생활시설,금속및,1
17000,공장,nc담당케노피,1
04000,제2종근린생활시설,냉동및냉장업,1
04000,제2종근린생활시설,제2종근랜싱활시설,1
04000,제2종근린생활시설,근생지하주차장,1
04000,제2종근린생활시설,간이급소기계실,1
10000,교육연구시설,펜싱연습장,1
,,가공시설,1
04000,제2종근린생활시설,도정업,1
04000,제2종근린생활시설,사무실주유소,1
03000,제1종근린생활시설,전통음료판매점,1
06000,종교시설,제1종근린시설,1
04000,제2종근린생활시설,천주교교회,1
04000,제2종근린생활시설,사무실및공장사무실,1
06000,종교시설,수녀수련원,1
06000,종교시설,재2종근린생활시설및주택,1
01000,단독주택,4가구다가구,1
10000,교육연구시설,제2자연과학관,1
06000,종교시설,종중제각시설,1
04000,제2종근린생활시설,선박엔진수리점,1
04000,제2종근린생활시설,간이농기계수리정,1
06000,종교시설,여자수도원,1
04000,제2종근린생활시설,관리사및공중변소,1
18000,창고시설,개발센타,1
27000,관광휴게시설,관측실,1
04000,제2종근린생활시설,내사문,1
11000,노유자시설,급식시설,1
04000,제2종근린생활시설,리사무소,1
04000,제2종근린생활시설,사무소및계사,1
06000,종교시설,열녀문,1
20000,자동차관련시설,차고부지관리사무실,1
04000,제2종근린생활시설,국악원,1
Z3000,근린생활시설,유아원,1
02000,공동주택,겸,1
06000,종교시설,완도향교,1
19000,위험물저장및처리시설,주유소취급소,1
04000,제2종근린생활시설,아파트관리사무실,1
10000,교육연구시설,근리생활시설,1
03000,제1종근린생활시설,재활용센터,1
06000,종교시설,문화및집회시설외3용도,1
17000,공장,di동,1
17000,공장,pm3,1
,,중앙공급전기실,1
06000,종교시설,수녀관사,1
04000,제2종근린생활시설,수산장,1
20000,자동차관련시설,54,1
20000,자동차관련시설,73,1
17000,공장,산화농축공장,1
04000,제2종근린생활시설,청결미공장,1
17000,공장,특급도계장,1
18000,창고시설,피드빈,1
10000,교육연구시설,전기실등,1
27000,관광휴게시설,패밀리코스타,1
04000,제2종근린생활시설,제1종근랜생활시설외1,1
20000,자동차관련시설,제1종ㆍ,1
04000,제2종근린생활시설,근린생활시설및교육시설,1
04000,제2종근린생활시설,수변전실,1
02000,공동주택,1101동,1
17000,공장,제3부두질소보관소,1
04000,제2종근린생활시설,제조업소부속사무실,1
02000,공동주택,우수조중간관리층,1
21999,기타동식물관련시설,기타,1
02000,공동주택,유류저류조,1
15000,숙박시설,무지개방가로,1
01000,단독주택,93주택개량자,1
01000,단독주택,농산물가공시설,1
02000,공동주택,지상복리시설,1
02000,공동주택,농산물집하장,1
01000,단독주택,탕비실,1
17000,공장,가정용플라스틱일반성형제품제조,1
Z5000,문화및집회시설,법당사찰,1
18000,창고시설,90,1
03000,제1종근린생활시설,기타판매,1
24000,방송통신시설,송풍실,1
Z5000,문화및집회시설,관리사무실,1
17000,공장,설비개량센터,1
13000,운동시설,운동장부속건축물,1
17000,공장,제조업소및사무실,1
10000,교육연구시설,분임및세미나실,1
,,간이vtr,1
10000,교육연구시설,요트보관창고,1
18000,창고시설,석유판매취급소,1
17000,공장,도료공장a,1
01000,단독주택,빈집,1
03000,제1종근린생활시설,다가구용단독,1
03000,제1종근린생활시설,제2증근린생활시설,1
Z8000,교육연구및복지시설,풍물및음악실,1
23000,교정및군사시설,정신교육관,1
04000,제2종근린생활시설,사원회,1
23000,교정및군사시설,가스저장탱크관리실,1
Z6000,판매및영업시설,2,1
17000,공장,테스트룸,1
04000,제2종근린생활시설,농산물판매소,1
01000,단독주택,92농촌주택개량사업분임,1
19000,위험물저장및처리시설,위험물처리시설및단독주택,1
04000,제2종근린생활시설,철가공제조업,1
18000,창고시설,농수산물보관및농기구보관,1
17000,공장,가스처리실,1
04000,제2종근린생활시설,자동차정비학원,1
19000,위험물저장및처리시설,석유저장창고및위험물판매취급소,1
21000,동물및식물관련시설,축사및부속관리사,1
01000,단독주택,광감주,1
,,적환장,1
10000,교육연구시설,정압실,1
21000,동물및식물관련시설,착유기기계실,1
19000,위험물저장및처리시설,험물저장및처리시설,1
,,발효돈사,1
01000,단독주택,업무시실,1
01000,단독주택,부속건출물,1
17000,공장,일반성형용기제조업,1
24000,방송통신시설,전신전화국통신시설,1
06000,종교시설,서원산문,1
19000,위험물저장및처리시설,가스저장소사무실,1
11000,노유자시설,휴게쉼터,1
17000,공장,설탕,1
17000,공장,ut동,1
04000,제2종근린생활시설,가축시장,1
02000,공동주택,라이프스타일센터,1
07000,판매시설,전기실등,1
,,작목반휴게소,1
27000,관광휴게시설,조종실,1
10000,교육연구시설,펌프,1
19000,위험물저장및처리시설,g창고,1
,,잡화,1
03000,제1종근린생활시설,의원및,1
23000,교정및군사시설,까스실,1
13000,운동시설,빙상장경비실,1
03000,제1종근린생활시설,일용품판매장,1
03000,제1종근린생활시설,폐수오니탈수기실,1
17000,공장,전기기구,1
01000,단독주택,주택건물,1
03000,제1종근린생활시설,근린생활시설목용탕,1
22000,분뇨.쓰레기처리시설,건설폐기물처리시설,1
13000,운동시설,종각,1
Z8000,교육연구및복지시설,농기계창고,1
01000,단독주택,2종근린근린생활시설,1
03000,제1종근린생활시설,노인회관부속창고,1
01000,단독주택,제1호물치,1
17000,공장,자가,1
04000,제2종근린생활시설,배수갑문조작실,1
Z3000,근린생활시설,차량수리점,1
17000,공장,공장부속경비실,1
05000,문화및집회시설,표범사,1
,,스팀실,1
04200,종교집회장,판매시설,1
13000,운동시설,노인체육시설,1
13000,운동시설,세마장,1
Z3000,근린생활시설,주택및변소,1
18000,창고시설,공동퇴비발효장,1
17000,공장,cellroom,1
11000,노유자시설,지하,1
04000,제2종근린생활시설,조경단비각,1
17000,공장,터미널,1
Z5000,문화및집회시설,식물원,1
13000,운동시설,근린생활시설및주택,1
13000,운동시설,휴게소b,1
13000,운동시설,실내운동장,1
19000,위험물저장및처리시설,기계공구실,1
13000,운동시설,족구장락카룸,1
03000,제1종근린생활시설,위험물판매위급소,1
03000,제1종근린생활시설,일반음식점등,1
10000,교육연구시설,학원숙소,1
03000,제1종근린생활시설,제2종린생활시설,1
02000,공동주택,다세대13,1
02000,공동주택,육아나눔방,1
02000,공동주택,카페라운지,1
01000,단독주택,지원대상자,1
Z8000,교육연구및복지시설,씨름장,1
05000,문화및집회시설,평삼문,1
22000,분뇨.쓰레기처리시설,운영실,1
17000,공장,문주,1
Z8000,교육연구및복지시설,교육연구및복지,1
13000,운동시설,외부화장실,1
04000,제2종근린생활시설,와인가공공장,1
05000,문화및집회시설,배연정,1
13000,운동시설,가압장기계실,1
16000,위락시설,주방,1
13000,운동시설,다목적체력단련장,1
19000,위험물저장및처리시설,저유탱크3,1
03000,제1종근린생활시설,2종근린생활시설외1건,1
01000,단독주택,전업사,1
Z5000,문화및집회시설,사당문,1
17000,공장,p조선소,1
04000,제2종근린생활시설,신방,1
10000,교육연구시설,교욱연구,1
20000,자동차관련시설,합숙사,1
Z9000,공공용시설,무인중개소,1
18000,창고시설,과수일반,1
06000,종교시설,근린생할시설,1
11000,노유자시설,외부창고,1
17000,공장,유압실,1
13000,운동시설,창고3,1
17000,공장,펄프,1
02000,공동주택,행복라운지,1
02000,공동주택,감시반제어실,1
20000,자동차관련시설,세차사무실,1
01000,단독주택,공판경비실,1
02000,공동주택,감사실,1
04000,제2종근린생활시설,위험물일반취급판매소,1
14000,업무시설,오피스텔24호,1
04000,제2종근린생활시설,우유처리실,1
17000,공장,제1종그린생활시설,1
03000,제1종근린생활시설,운문터널관리사무소,1
Z9000,공공용시설,가스정압기실,1
03000,제1종근린생활시설,음악당,1
01000,단독주택,임시가설건축,1
07000,판매시설,상가관리실,1
15000,숙박시설,인쇄업,1
10000,교육연구시설,강당및교실,1
10000,교육연구시설,생태학습장,1
03000,제1종근린생활시설,지방문화재,1
10000,교육연구시설,과학실및도서실,1
19000,위험물저장및처리시설,사무실및자동세차장,1
30000,자원순환관련시설,보관소,1
17000,공장,설비관리,1
10000,교육연구시설,의료연구소,1
21000,동물및식물관련시설,멧되지축사,1
09000,의료시설,2용도,1
07000,판매시설,직물센타,1
17000,공장,편의점,1
17000,공장,기중기,1
08000,운수시설,도선대기소,1
25000,발전시설,tt08,1
17000,공장,제품시험장,1
10000,교육연구시설,수소실,1
10000,교육연구시설,조리장및식당,1
17000,공장,위험물저상소,1
17000,공장,저장소및비상발전기실,1
02000,공동주택,903동1층피로티,1
08000,운수시설,레다실,1
17000,공장,ore,1
21000,동물및식물관련시설,다용도,1
10000,교육연구시설,창고실,1
21000,동물및식물관련시설,2호,1
30000,자원순환관련시설,수처리동2,1
01000,단독주택,위험물저장소및,1
21000,동물및식물관련시설,축사외5,1
12000,수련시설,도예실,1
10000,교육연구시설,종교관,1
10000,교육연구시설,공정육묘,1
10000,교육연구시설,안전교육충돌체험관,1
17000,공장,gas보관소,1
04010,학원,2종,1
17000,공장,실가공업,1
,,가스저장고,1
13000,운동시설,사료창고,1
10000,교육연구시설,놀이방,1
10000,교육연구시설,냉각수펌프실,1
10000,교육연구시설,학교수련원,1
04000,제2종근린생활시설,기숙박시설,1
03000,제1종근린생활시설,관리창고,1
17000,공장,물수건처리업,1
09000,의료시설,건가시설및관리사,1
08000,운수시설,철도전기실,1
10000,교육연구시설,스크린실,1
10000,교육연구시설,민속자료실,1
08000,운수시설,종합청사,1
05000,문화및집회시설,두루미사,1
08000,운수시설,광차소일상작업장,1
12000,수련시설,a동,1
10000,교육연구시설,물류하역장,1
10000,교육연구시설,교육활동지원센터,1
06000,종교시설,보이라실,1
12000,수련시설,청소년수련실,1
10000,교육연구시설,사격연습장,1
04000,제2종근린생활시설,목양실,1
22000,분뇨.쓰레기처리시설,폐기물매립시설,1
10000,교육연구시설,통제센타,1
10000,교육연구시설,교육연구시절,1
17000,공장,완제품출하실,1
08000,운수시설,항만운영건물,1
10000,교육연구시설,놀이터지붕,1
Z3000,근린생활시설,자가정비공장,1
08000,운수시설,여객대합실,1
10000,교육연구시설,녹색어머니실,1
17000,공장,어망제조업,1
17000,공장,fil,1
12000,수련시설,유류저장소,1
01000,단독주택,창고시설및단독,1
03000,제1종근린생활시설,전력변환장치실4,1
10000,교육연구시설,중성자가속장치실,1
10000,교육연구시설,덕아웃2,1
02000,공동주택,67,1
20000,자동차관련시설,검차장작업장,1
04000,제2종근린생활시설,도시형업종인전구제조업,1
10000,교육연구시설,정화조모터실,1
12000,수련시설,청소년야영장매표소,1
04000,제2종근린생활시설,기요정,1
10000,교육연구시설,대단위방사,1
09000,의료시설,공용차량차고,1
01000,단독주택,서재실,1
26000,묘지관련시설,중문2,1
10000,교육연구시설,물품보관창고,1
10000,교육연구시설,청솔중학교,1
03000,제1종근린생활시설,어린이급식지원,1
01000,단독주택,판매시설시장,1
08000,운수시설,석수선상역,1
17000,공장,시멘벽돌공장,1
10000,교육연구시설,본교사,1
17000,공장,2호,1
17000,공장,ro실,1
02000,공동주택,지하주차장외,1
21000,동물및식물관련시설,단층물탱크실,1
04000,제2종근린생활시설,농산물가공세척장,1
17000,공장,발전기및전기변환장치제조업,1
03000,제1종근린생활시설,비료판매장,1
19000,위험물저장및처리시설,처리시설외2,1
21000,동물및식물관련시설,내수면,1
12000,수련시설,커뮤니센터,1
27000,관광휴게시설,냉장및,1
27000,관광휴게시설,냉동고,1
10000,교육연구시설,본관교실,1
17000,공장,무균동,1
10000,교육연구시설,종업원훈련소,1
18000,창고시설,도자기,1
03000,제1종근린생활시설,배전사업소,1
08000,운수시설,차륜전삭고,1
19000,위험물저장및처리시설,가스용기보관실,1
18000,창고시설,기타시설군,1
10000,교육연구시설,원자력연수원,1
21000,동물및식물관련시설,액비조,1
Z8000,교육연구및복지시설,관리동,1
11000,노유자시설,경로담,1
30000,자원순환관련시설,다용도실,1
18000,창고시설,농민회관,1
04000,제2종근린생활시설,제1종근린및단독주택,1
03000,제1종근린생활시설,공원관리실겸화장실,1
17000,공장,t창고,1
10000,교육연구시설,연립관사1,1
08000,운수시설,가리봉역신호계전기실,1
02000,공동주택,지상휀룸,1
27000,관광휴게시설,가요주점,1
27000,관광휴게시설,제작전시판매장,1
01000,단독주택,주택및하숙,1
09000,의료시설,강당연결통로2,1
09000,의료시설,생활폐기물보관소,1
08000,운수시설,철도변전시설,1
14000,업무시설,금융업,1
01000,단독주택,농가형단독주택,1
10000,교육연구시설,보건물리센터,1
17000,공장,700,1
17000,공장,오븐제조업,1
04000,제2종근린생활시설,제조시설및물품보관시설,1
04000,제2종근린생활시설,일반한식당,1
20000,자동차관련시설,장비창고,1
06000,종교시설,유이실,1
04000,제2종근린생활시설,차량경정비,1
04000,제2종근린생활시설,배합실,1
04000,제2종근린생활시설,주택및2종근린생활시설,1
14000,업무시설,흡연실,1
17000,공장,청량제조공장,1
10000,교육연구시설,심정보호실,1
02000,공동주택,차동,1
21000,동물및식물관련시설,도계처리장,1
17000,공장,도시락,1
04000,제2종근린생활시설,멸치젓갈공장,1
04000,제2종근린생활시설,천리교회,1
04000,제2종근린생활시설,제2조업소,1
03000,제1종근린생활시설,도예공방,1
06000,종교시설,108법당,1
04000,제2종근린생활시설,제2종근린생훨시설,1
04000,제2종근린생활시설,부대화장실,1
04000,제2종근린생활시설,통풍식발효장,1
01000,단독주택,술집,1
04000,제2종근린생활시설,사찰부속건축물,1
01000,단독주택,다중1가구,1
04000,제2종근린생활시설,음식점부속작업장,1
03000,제1종근린생활시설,마을공동다목적창고,1
03000,제1종근린생활시설,제1종근제린생활시설,1
17000,공장,건조기동,1
Z8000,교육연구및복지시설,탁아시설,1
03000,제1종근린생활시설,예비품창고,1
10000,교육연구시설,다2동,1
03000,제1종근린생활시설,팔봉마을회,1
12000,수련시설,다목적화장실,1
14000,업무시설,다세대주택원룸형,1
03000,제1종근린생활시설,양수장펌프실,1
03000,제1종근린생활시설,정수지검수구실,1
03000,제1종근린생활시설,근린활시설,1
17000,공장,비디오게임기제조업,1
11000,노유자시설,부속사무실,1
04000,제2종근린생활시설,농수산물가공제조업,1
03000,제1종근린생활시설,배수지및취수정,1
11000,노유자시설,시립장애인복지관,1
11000,노유자시설,기타복리시설,1
05000,문화및집회시설,판매및영업시설외,1
03000,제1종근린생활시설,서부노인당,1
03000,제1종근린생활시설,휴게소판매장,1
03000,제1종근린생활시설,정미공장,1
03000,제1종근린생활시설,점포및연쇄점,1
03000,제1종근린생활시설,집유소,1
03000,제1종근린생활시설,경찰서사택,1
03000,제1종근린생활시설,농업용수밸브조작실,1
03000,제1종근린생활시설,신기마을모정,1
03000,제1종근린생활시설,물탱크실1,1
04000,제2종근린생활시설,사철,1
11000,노유자시설,교육연구및복지시석,1
01000,단독주택,별장f,1
11000,노유자시설,매표소,1
11000,노유자시설,영유아교육시설,1
03000,제1종근린생활시설,다가구주택및제1종근린생활시설,1
01000,단독주택,취사용가스판매소,1
03000,제1종근린생활시설,공공주차장,1
21000,동물및식물관련시설,유용미생물작업장,1
03000,제1종근린생활시설,농산물가공체험장,1
03000,제1종근린생활시설,주민샤워장,1
03000,제1종근린생활시설,기계고,1
03000,제1종근린생활시설,부녀새마을회관,1
03000,제1종근린생활시설,화장실및보일러실,1
03000,제1종근린생활시설,침전조,1
03000,제1종근린생활시설,농기계소매점,1
03000,제1종근린생활시설,해수담수화시설,1
03000,제1종근린생활시설,창촌부락노인회관,1
03000,제1종근린생활시설,근린공공시설및단독주택,1
17000,공장,roll가공공장,1
03000,제1종근린생활시설,상여,1
17000,공장,폐선장,1
03000,제1종근린생활시설,장비기계실,1
03000,제1종근린생활시설,불구용품및토산품판매장,1
03000,제1종근린생활시설,상업시설,1
04000,제2종근린생활시설,식당및휴게소,1
11000,노유자시설,경로당및회관,1
03000,제1종근린생활시설,주택및근생1종,1
11000,노유자시설,단기거주시설,1
11000,노유자시설,노인성전문치료기관,1
03000,제1종근린생활시설,재활용품분리중간수집장,1
02000,공동주택,동측출입구,1
03000,제1종근린생활시설,근린생활시설및다세대,1
17000,공장,가정용전열기구제조업,1
Z8000,교육연구및복지시설,농공훈련소및농촌지도소,1
03000,제1종근린생활시설,본가영업소,1
02000,공동주택,기억키움센터,1
Z6000,판매및영업시설,놀이형시설,1
03000,제1종근린생활시설,근린생활시설및관리사무소,1
03000,제1종근린생활시설,다목적문화회관,1
03000,제1종근린생활시설,연립주택공중변소,1
03000,제1종근린생활시설,농가용관리사,1
03000,제1종근린생활시설,의원숙소,1
03000,제1종근린생활시설,화전1동청사,1
18000,창고시설,볍씨발아창고,1
03000,제1종근린생활시설,수도관리사,1
02000,공동주택,과실,1
03000,제1종근린생활시설,부녀회사무실,1
02000,공동주택,정보문화센터,1
11000,노유자시설,선원숙소및식당,1
17000,공장,어망직포,1
07000,판매시설,a,1
02000,공동주택,실내체육관선큰,1
14000,업무시설,85실,1
06000,종교시설,구서재,1
03000,제1종근린생활시설,죽청수원지관리사,1
03000,제1종근린생활시설,광부목욕탕,1
03000,제1종근린생활시설,어물판매장,1
03000,제1종근린생활시설,특산품보관실,1
03000,제1종근린생활시설,특산품보관창고,1
06000,종교시설,광산김씨전리판서공파원동소종중,1
03000,제1종근린생활시설,농가주,1
03000,제1종근린생활시설,경촌회관,1
04000,제2종근린생활시설,주택창고,1
03000,제1종근린생활시설,마을회사무실,1
01000,단독주택,유고,1
03000,제1종근린생활시설,공동체회관,1
03000,제1종근린생활시설,무등리새마을회관,1
11000,노유자시설,수용소,1
17000,공장,ess구축,1
03000,제1종근린생활시설,우물윗,1
03000,제1종근린생활시설,마을공동취사장,1
17000,공장,271동,1
01000,단독주택,제실및관리사,1
03000,제1종근린생활시설,근린생활시설및단독주택1가구,1
04000,제2종근린생활시설,일반엽무시설,1
17000,공장,bsgs동,1
03000,제1종근린생활시설,동계지서,1
03000,제1종근린생활시설,건축자재소매업,1
04000,제2종근린생활시설,강화플라스틱,1
03000,제1종근린생활시설,조선소,1
05000,문화및집회시설,우물각,1
03000,제1종근린생활시설,제1종근생및교육연구시설,1
03000,제1종근린생활시설,증설펌프장,1
03000,제1종근린생활시설,펌프정,1
03000,제1종근린생활시설,취수장경비실,1
03000,제1종근린생활시설,농산물식품제조업소,1
03000,제1종근린생활시설,개량변소,1
19000,위험물저장및처리시설,warehouse,1
23000,교정및군사시설,d,1
11000,노유자시설,원생수용소,1
04000,제2종근린생활시설,통신용,1
03000,제1종근린생활시설,상수도가압장관리사,1
23000,교정및군사시설,지휘관,1
02000,공동주택,주민운동시설390,1
17000,공장,전자부품제조업,1
03000,제1종근린생활시설,금화터널관리사무소,1
03000,제1종근린생활시설,점포및주택및영업용,1
03000,제1종근린생활시설,회당,1
03000,제1종근린생활시설,근린및위락시설,1
03000,제1종근린생활시설,마강1리마을회관,1
27000,관광휴게시설,골프장,1
11000,노유자시설,집단극식소,1
03000,제1종근린생활시설,대사농산물간이집하장,1
03000,제1종근린생활시설,가압장펌프실,1
17000,공장,도정및제분,1
03000,제1종근린생활시설,온천가압펌프장,1
03000,제1종근린생활시설,농산물집하저장시설,1
11000,노유자시설,노인정및화장실,1
03000,제1종근린생활시설,다방및주택,1
17000,공장,판매점,1
15000,숙박시설,2종그린생활시설,1
03000,제1종근린생활시설,역무시설,1
20000,자동차관련시설,기계식자전거주차장,1
20000,자동차관련시설,자전거보관소,1
Z6000,판매및영업시설,농산물,1
05000,문화및집회시설,동경관,1
20000,자동차관련시설,차량정비실,1
17000,공장,식품제조가공,1
17000,공장,노조원대기실,1
22000,분뇨.쓰레기처리시설,창고및감시실,1
16000,위락시설,오락실,1
20000,자동차관련시설,자동차관련시설2급자동차정비소,1
10000,교육연구시설,6강의실,1
,,기기용전기회로,1
17000,공장,폐유리,1
20000,자동차관련시설,자동차부분정비공장,1
01000,단독주택,종교집회,1
13000,운동시설,관리및장비창고동,1
Z3000,근린생활시설,목재가구제조업,1
17000,공장,와이어매쉬제작,1
06000,종교시설,요양사,1
10000,교육연구시설,요트교육원,1
22000,분뇨.쓰레기처리시설,폐지저장창고,1
17000,공장,치약공장,1
14000,업무시설,회의실및사무실,1
05000,문화및집회시설,건원릉수복방,1
19000,위험물저장및처리시설,고압가스판매소저장소,1
02000,공동주택,및원룸형,1
18000,창고시설,식품가공제조업,1
04000,제2종근린생활시설,용실,1
21000,동물및식물관련시설,탈취실,1
22000,분뇨.쓰레기처리시설,터빈실,1
21000,동물및식물관련시설,출입차량,1
22000,분뇨.쓰레기처리시설,소각물적치장,1
18000,창고시설,곶감,1
22000,분뇨.쓰레기처리시설,오물집하장,1
02000,공동주택,2162,1
02000,공동주택,102,1
05000,문화및집회시설,한센병박물관,1
21000,동물및식물관련시설,10동,1
10000,교육연구시설,상업고,1
22000,분뇨.쓰레기처리시설,마을하수도처리장,1
05000,문화및집회시설,고직사문간채,1
21000,동물및식물관련시설,교육연구시설및복지시설,1
21000,동물및식물관련시설,조작반,1
22000,분뇨.쓰레기처리시설,스치로폼감용장,1
10000,교육연구시설,지하철연결통로,1
01000,단독주택,방앗간및,1
04000,제2종근린생활시설,제2종근린생할시설일반음식점,1
01000,단독주택,제2종근린생활외,1
04000,제2종근린생활시설,141,1
22000,분뇨.쓰레기처리시설,분뇨및쓰레기처,1
03000,제1종근린생활시설,성인용,1
22000,분뇨.쓰레기처리시설,악취차단시설,1
03000,제1종근린생활시설,간의주점,1
07000,판매시설,펌프동,1
20000,자동차관련시설,분리수거장,1
20000,자동차관련시설,차량검사장,1
22000,분뇨.쓰레기처리시설,음식물쓰레기처리동,1
22000,분뇨.쓰레기처리시설,분배조전기계실,1
17000,공장,수공구및,1
18000,창고시설,95농촌주택개량사업대상자,1
02000,공동주택,103동1층에위치,1
02000,공동주택,단지형다세대주택및오피스텔,1
01000,단독주택,94주거환경개선사업,1
10000,교육연구시설,제2종근생시설,1
22000,분뇨.쓰레기처리시설,수처리시설,1
22000,분뇨.쓰레기처리시설,폐유저장창고,1
01000,단독주택,분양이불가함,1
03000,제1종근린생활시설,예비군지역대,1
02000,공동주택,오수정화조출입,1
04000,제2종근린생활시설,고금항동간척사업소,1
04000,제2종근린생활시설,소점포,1
20000,자동차관련시설,자동차검사실,1
30000,자원순환관련시설,반입장,1
30000,자원순환관련시설,반출장,1
02000,공동주택,부식고,1
22000,분뇨.쓰레기처리시설,유량조정조,1
04000,제2종근린생활시설,내과의원,1
18000,창고시설,곶감저장고,1
18000,창고시설,단독주택주택,1
17000,공장,기타고무제품제조,1
05000,문화및집회시설,역사,1
20000,자동차관련시설,정류장,1
21000,동물및식물관련시설,식물온실,1
19000,위험물저장및처리시설,압축설비,1
22000,분뇨.쓰레기처리시설,주민공동이용시설,1
06000,종교시설,감로당,1
20000,자동차관련시설,열처리도장실,1
02000,공동주택,경로동,1
01000,단독주택,십문,1
11000,노유자시설,입소자숙소별관,1
06000,종교시설,조교시설,1
02000,공동주택,기준공분,1
10000,교육연구시설,연구소겸,1
20000,자동차관련시설,스레트즙,1
04000,제2종근린생활시설,조명장치제조업및일반음식점,1
01000,단독주택,일반음시점,1
11000,노유자시설,변경할,1
22000,분뇨.쓰레기처리시설,오폐수장,1
21000,동물및식물관련시설,계란보관소,1
17000,공장,1폐수중화동,1
17000,공장,제1종근린생활시설및단독주택,1
17000,공장,콤프레샤전기실,1
17000,공장,목재제재장,1
18000,창고시설,행정실,1
03000,제1종근린생활시설,황토체험장,1
17000,공장,임산물공장,1
17000,공장,16방사선,1
17000,공장,유수지펌프실,1
04000,제2종근린생활시설,3급자동차수리점,1
17000,공장,비닐제조공장,1
17000,공장,융성설비설치,1
17000,공장,관리사2,1
18000,창고시설,액화가스,1
17000,공장,화차계중기실,1
17000,공장,기계실험실,1
17000,공장,질소발생장치,1
17000,공장,원료배합실부속건물,1
06000,종교시설,방문객숙소,1
17000,공장,임시호파실,1
17000,공장,촉매에이창고제2호,1
17000,공장,검수대,1
17000,공장,수처리기계실,1
22000,분뇨.쓰레기처리시설,기계반출입실,1
17000,공장,공장및작업장,1
04000,제2종근린생활시설,떡집,1
21000,동물및식물관련시설,육잠실,1
18000,창고시설,농업용시설물,1
17000,공장,일반주택,1
17000,공장,원료자동계량장치,1
17000,공장,제4소화기실,1
17000,공장,도자기공장및창고,1
03000,제1종근린생활시설,샤워동,1
22000,분뇨.쓰레기처리시설,종말처리장,1
04000,제2종근린생활시설,철문및관련제조업,1
17000,공장,해양생산관,1
17000,공장,휴게실및물탱크실,1
17000,공장,검수룸,1
17000,공장,철근블럭조,1
17000,공장,소괴저장고,1
17000,공장,함아크랏샤실,1
17000,공장,광산콘푸레샤실,1
17000,공장,제품공정동,1
17000,공장,화학주입실,1
17000,공장,일반제재업공장,1
17000,공장,옥외폐기물보관소,1
17000,공장,보조탑운전실,1
Z8000,교육연구및복지시설,정화조,1
03000,제1종근린생활시설,농산물집하판매장,1
03000,제1종근린생활시설,위락시설외1,1
17000,공장,외5,1
04000,제2종근린생활시설,다가구주택시설,1
11000,노유자시설,고아원욕실,1
03000,제1종근린생활시설,오폐수처리장관리실,1
13000,운동시설,무기고,1
03000,제1종근린생활시설,밑,1
03000,제1종근린생활시설,진료보건소,1
22000,분뇨.쓰레기처리시설,작업동,1
03000,제1종근린생활시설,근생소매점,1
03000,제1종근린생활시설,식당및휴계실,1
03000,제1종근린생활시설,공동우물,1
02000,공동주택,부대복리화장실용,1
11000,노유자시설,관람장,1
16000,위락시설,외3종,1
03000,제1종근린생활시설,식품가공제조업소,1
03000,제1종근린생활시설,근린및판매시설,1
03000,제1종근린생활시설,큰성마을,1
01000,단독주택,즉석식품제조가공업소,1
20000,자동차관련시설,저장소,1
03000,제1종근린생활시설,통합감시반실,1
03000,제1종근린생활시설,간이어업무선국,1
03000,제1종근린생활시설,중계가압펌프장,1
03000,제1종근린생활시설,스톤돔,1
12000,수련시설,친환경숙소,1
03000,제1종근린생활시설,신역파출소,1
20000,자동차관련시설,중장비운전면허학원,1
03000,제1종근린생활시설,상가및기계실,1
03000,제1종근린생활시설,주차부스,1
11000,노유자시설,부속다용도실,1
03000,제1종근린생활시설,숙박시설및음식점,1
04000,제2종근린생활시설,기재실및휴게실,1
10000,교육연구시설,교육및연구복리시설,1
03000,제1종근린생활시설,동막새마을회관,1
03000,제1종근린생활시설,밧데리실,1
04000,제2종근린생활시설,삼천포출장소,1
11000,노유자시설,영아원,1
03000,제1종근린생활시설,물류창고,1
33000,"국방,군사시설",교정및국방시설,1
03000,제1종근린생활시설,관문,1
03000,제1종근린생활시설,천안군농촌지도소성거지소사무실,1
03000,제1종근린생활시설,수향보건진료소,1
03000,제1종근린생활시설,전기처소,1
03000,제1종근린생활시설,근린생활시설외1용도주택,1
03000,제1종근린생활시설,마을창고및대피시설,1
03000,제1종근린생활시설,및공장,1
02000,공동주택,상설재활용가게,1
03000,제1종근린생활시설,2종근란생활시설,1
30000,자원순환관련시설,설비실,1
02000,공동주택,제2종근린생활시설및다가구주택,1
02000,공동주택,지하주차장경사로,1
02000,공동주택,오수저류조관리층,1
02000,공동주택,코웍스페이스,1
30000,자원순환관련시설,야외무대,1
04000,제2종근린생활시설,농산물공판장,1
02000,공동주택,마을학습아카데미,1
17000,공장,eps공장,1
17000,공장,꽃불류저장소,1
04000,제2종근린생활시설,법회당,1
,,건가시설,1
17000,공장,기숙사등,1
17000,공장,hcl건조실,1
02000,공동주택,아파트1동,1
01000,단독주택,2가주,1
17000,공장,떡,1
02000,공동주택,공동주택및근제1종근린생활시설,1
17000,공장,분창,1
11000,노유자시설,노인복지센터,1
20000,자동차관련시설,모래보관창고,1
08000,운수시설,면회,1
08000,운수시설,서창제2욕장,1
03000,제1종근린생활시설,여객자동차터미날,1
02000,공동주택,용원실1,1
01000,단독주택,관광지구,1
02000,공동주택,헬스케어,1
02000,공동주택,186세대,1
02000,공동주택,배급소,1
09000,의료시설,제과점,1
03000,제1종근린생활시설,경로당도서실구판장,1
04000,제2종근린생활시설,봉서정,1
04000,제2종근린생활시설,냉장실,1
01000,단독주택,접골원,1
17000,공장,아연,1
19000,위험물저장및처리시설,차량수리점,1
02000,공동주택,대기부스,1
22000,분뇨.쓰레기처리시설,장,1
17000,공장,전자병성기제조업,1
02000,공동주택,지열에너지기계실,1
02000,공동주택,사진관,1
02000,공동주택,청소년교육시설,1
07000,판매시설,자원순환관련시설,1
02000,공동주택,주민취미실,1
02000,공동주택,동별다목적실,1
02000,공동주택,다세대주택외1용도,1
02000,공동주택,까스저장공급실,1
02000,공동주택,다세대주택및사무실,1
01000,단독주택,농창,1
02000,공동주택,창고동,1
11000,노유자시설,동통신실,1
10000,교육연구시설,펜싱장,1
01000,단독주택,고추건조장,1
17000,공장,삼성어린이집,1
15000,숙박시설,관광형숙박시설,1
03000,제1종근린생활시설,영업및판매시설,1
01000,단독주택,농어가주택대상,1
02000,공동주택,다세대주택및노유자시설,1
02000,공동주택,다세대주택19,1
03000,제1종근린생활시설,공동구,1
03000,제1종근린생활시설,안내소및,1
04000,제2종근린생활시설,양봉소분시설,1
19000,위험물저장및처리시설,1813,1
10000,교육연구시설,시청각교육실,1
17000,공장,제품창고및사일로,1
04000,제2종근린생활시설,기능계강습소,1
01000,단독주택,1종근생및,1
18000,창고시설,농기계저장실,1
01000,단독주택,교당,1
17000,공장,토의실,1
18000,창고시설,할머니,1
30000,자원순환관련시설,고액분리실,1
18000,창고시설,기타관광휴게시설,1
02000,공동주택,차량통로및엘리베이터,1
02000,공동주택,유물전시관,1
27000,관광휴게시설,계단실,1
10000,교육연구시설,노유자시설및,1
02000,공동주택,재활용창고1,1
04000,제2종근린생활시설,우천정,1
04000,제2종근린생활시설,관리청,1
02000,공동주택,실외승강기,1
03000,제1종근린생활시설,마을공회당및마을공동작업소,1
02000,공동주택,가스집단공급시설,1
02000,공동주택,다함께돌봄센타,1
02000,공동주택,부평동아아파트상가,1
04000,제2종근린생활시설,방당실,1
02000,공동주택,스마트지원센터,1
17000,공장,일반폐기물집하장,1
01000,단독주택,3세대다가구주택,1
19000,위험물저장및처리시설,dbs,1
18000,창고시설,남자기숙사,1
22000,분뇨.쓰레기처리시설,총괄,1
03000,제1종근린생활시설,취수장관사,1
03000,제1종근린생활시설,분기구,1
10000,교육연구시설,교육육연구시설,1
17000,공장,케비넷공장,1
02000,공동주택,주거지원센터,1
15000,숙박시설,43실,1
19000,위험물저장및처리시설,양수실,1
17000,공장,부속0,1
01000,단독주택,지원주택개량,1
22000,분뇨.쓰레기처리시설,분료쓰레기처리시설,1
11000,노유자시설,폐기물창고,1
,,간이티브,1
06000,종교시설,법랑,1
02000,공동주택,아스콘제조공장,1
03000,제1종근린생활시설,신기모정,1
02000,공동주택,상가및부대복리시설,1
17000,공장,저토장,1
02000,공동주택,빗물처리실,1
04000,제2종근린생활시설,어린이놀이방,1
02000,공동주택,근린생활시설및도시형원룸형주택,1
27000,관광휴게시설,정화조기계실,1
02000,공동주택,주차장9,1
02000,공동주택,셔틀엘리베이터1,1
03000,제1종근린생활시설,생활시설및,1
02000,공동주택,pc실,1
02000,공동주택,주차계단실,1
05000,문화및집회시설,감로원,1
02000,공동주택,수전펌프실,1
17000,공장,원료이송펌프실,1
21000,동물및식물관련시설,미곡보관창고,1
06000,종교시설,순환수세식시스템구조물,1
11000,노유자시설,주민복지,1
02000,공동주택,공용코어,1
21000,동물및식물관련시설,몽물관련시설,1
17000,공장,방향족출하장흡연장,1
24000,방송통신시설,통신기계장치실,1
02000,공동주택,다세대주택및일반음식점,1
02000,공동주택,인피니티스카이,1
02000,공동주택,다세대11세대,1
02000,공동주택,재활용센터,1
02000,공동주택,경비실6동,1
03000,제1종근린생활시설,휴천지서청사,1
17000,공장,양생실2,1
Z8000,교육연구및복지시설,남자기숙사b동,1
05000,문화및집회시설,동물원매표소,1
02000,공동주택,의료시설및생활편익시설,1
14000,업무시설,근린점포,1
02000,공동주택,기타벽체공유,1
08000,운수시설,철도용지,1
10000,교육연구시설,가,1
17000,공장,pdm,1
17000,공장,4원동실,1
17000,공장,처리수,1
02000,공동주택,주차관리소,1
02000,공동주택,노인관리보육시설,1
02000,공동주택,지붕바닥,1
17000,공장,위험물저장동,1
17000,공장,flare,1
01000,단독주택,농업생산기술,1
02000,공동주택,부녀회실등,1
04000,제2종근린생활시설,한과공장,1
02000,공동주택,음식물처리장,1
19000,위험물저장및처리시설,세차기기계실및,1
02000,공동주택,음식물쓰레기수거장,1
02000,공동주택,행복지원센터,1
14000,업무시설,및아파트,1
02000,공동주택,음식물발효기실,1
02000,공동주택,2323동하부,1
14000,업무시설,9실,1
02000,공동주택,연립부택,1
09000,의료시설,본관,1
13000,운동시설,물품,1
02000,공동주택,도시형생활주택원룸및다세대주택,1
02000,공동주택,협동,1
22000,분뇨.쓰레기처리시설,소각동,1
01000,단독주택,부설주창장,1
17000,공장,옥외저장탱크dij실,1
02000,공동주택,9개조사원숙소,1
07000,판매시설,출하주휴게실,1
03000,제1종근린생활시설,농가용,1
02000,공동주택,나동주택,1
03000,제1종근린생활시설,내2호,1
16000,위락시설,작업실,1
02000,공동주택,공용승강기홀,1
02000,공동주택,사감동,1
02000,공동주택,통신실3,1
02000,공동주택,경량철골구조,1
02000,공동주택,어런이집,1
21000,동물및식물관련시설,창고기존건물이기,1
19000,위험물저장및처리시설,비상발전기실2,1
04000,제2종근린생활시설,축산물판매장,1
11000,노유자시설,지원시설,1
01000,단독주택,11주택,1
27000,관광휴게시설,기타일반숙박시설,1
14000,업무시설,종근린생활시설,1
02000,공동주택,아파트및점포및제1,1
17000,공장,연구소및사무실,1
03000,제1종근린생활시설,폼탱크실,1
,,기압실,1
19000,위험물저장및처리시설,위험물저장처리시설및제2종근생,1
03000,제1종근린생활시설,생태체험교육관,1
10000,교육연구시설,해양공학수조,1
04000,제2종근린생활시설,근린시설주방,1
17000,공장,기자재실,1
19000,위험물저장및처리시설,관광휴게실,1
19000,위험물저장및처리시설,가성소다탱크실,1
03000,제1종근린생활시설,월계,1
19000,위험물저장및처리시설,위험물저징및처리시설,1
10000,교육연구시설,통합막사,1
10000,교육연구시설,취사식당,1
17000,공장,메주가공처리소,1
19000,위험물저장및처리시설,위험물저장소4,1
03000,제1종근린생활시설,어학학원,1
01000,단독주택,근린생생활시설,1
14000,업무시설,차량등록사무소,1
17000,공장,j,1
19000,위험물저장및처리시설,상행휴게소,1
11000,노유자시설,제2종근생및단독주택,1
,,문화재관련시설,1
02000,공동주택,상가b동,1
02000,공동주택,57대,1
02000,공동주택,청년지원센터,1
02000,공동주택,지역교류센터,1
18000,창고시설,농산물간이저온저장고,1
17000,공장,왕겨간,1
19000,위험물저장및처리시설,공정동,1
04000,제2종근린생활시설,통문,1
03000,제1종근린생활시설,용수관리사무실,1
,,농수산물보관창고,1
19000,위험물저장및처리시설,선박용주유소,1
19000,위험물저장및처리시설,액화가스저장창고및사무실,1
,,문중제실,1
10000,교육연구시설,통신실,1
20000,자동차관련시설,농산물판매장,1
17000,공장,청수탱크,1
19000,위험물저장및처리시설,보일러실및위험물저장창고,1
04000,제2종근린생활시설,원유취급실,1
06000,종교시설,치과병원,1
14000,업무시설,업무시설및위락시설및,1
07000,판매시설,선어위판장,1
07000,판매시설,식육점,1
,,해태종묘배양장,1
01000,단독주택,기타제2종근린생활시설,1
17000,공장,1호탱크,1
17000,공장,안전환경팀,1
17000,공장,약품보관소1,1
17000,공장,탈에탄압축장치실,1
04000,제2종근린생활시설,정차장,1
17000,공장,세탁및보일러실,1
20000,자동차관련시설,지하주차장b,1
17000,공장,건가시설,1
17000,공장,통로2,1
20000,자동차관련시설,도장동,1
17000,공장,가스공습시설,1
17000,공장,특장차부품제조공장,1
17000,공장,흡연실동2,1
01000,단독주택,의무실,1
17000,공장,유량조정실,1
10000,교육연구시설,법정대학,1
17000,공장,규석채취공장,1
17000,공장,콤퓨레샤쉘타,1
03000,제1종근린생활시설,신북면대사무실,1
17000,공장,재순환압축기실,1
17000,공장,로프공장,1
04000,제2종근린생활시설,장육당,1
04000,제2종근린생활시설,의거,1
17000,공장,기압실,1
17000,공장,유류보관소,1
17000,공장,디티에이건조실,1
06000,종교시설,기도타운,1
03000,제1종근린생활시설,및일반음식점,1
22000,분뇨.쓰레기처리시설,하수찌꺼기처리시설,1
17000,공장,유류저장탱크보관취급소,1
17000,공장,아스팔트배치플랜트,1
04000,제2종근린생활시설,전통수재차가공공장,1
17000,공장,154수배전실,1
17000,공장,프레스금형공장,1
17000,공장,유황보세창고,1
17000,공장,수배전반실,1
30000,자원순환관련시설,농축기동,1
17000,공장,시멘트실2,1
17000,공장,고무가온동,1
03000,제1종근린생활시설,교회사택,1
13000,운동시설,위험물저장고,1
17000,공장,콘푸레샤실,1
17000,공장,키론판넬실,1
02000,공동주택,지역문화교실,1
02000,공동주택,기계및,1
07000,판매시설,비상발전기실,1
02000,공동주택,아파트43세대,1
21000,동물및식물관련시설,축산물비축창고,1
17000,공장,제품야적장,1
17000,공장,냉동가공공장,1
14000,업무시설,7등관사,1
17000,공장,호퍼2,1
17000,공장,쿨라판넬실,1
17000,공장,공업용수배수지초소,1
17000,공장,저온건견고,1
17000,공장,김가공업,1
Z3000,근린생활시설,차량관련시설,1
21000,동물및식물관련시설,꿩사육시설,1
07000,판매시설,일반게임업제공의시설,1
17000,공장,워터펌프룸,1
17000,공장,용기수리장,1
17000,공장,미장창고,1
21000,동물및식물관련시설,딸기재배사,1
04000,제2종근린생활시설,단무지저장고,1
02000,공동주택,기계실c,1
17000,공장,폐골재저장소,1
17000,공장,공장실험실,1
03000,제1종근린생활시설,삭도,1
17000,공장,규석적치장,1
17000,공장,축사및공장,1
17000,공장,물펌프실,1
17000,공장,유제보관창고,1
15000,숙박시설,식료품보관창고,1
13000,운동시설,남자기숙사,1
17000,공장,c1870a,1
02000,공동주택,리셉션홀,1
17000,공장,필터보관장,1
17000,공장,5호원료분쇄실,1
17000,공장,배전반공장,1
17000,공장,판스프링공장,1
17000,공장,공실,1
17000,공장,터빈발전기동,1
17000,공장,일반공장외1,1
06000,종교시설,혜성사,1
21000,동물및식물관련시설,폐수저장조,1
03000,제1종근린생활시설,방공대피소,1
17000,공장,650콤푸레샤실,1
03000,제1종근린생활시설,주막거리동,1
03000,제1종근린생활시설,구,1
17000,공장,점토분쇄실,1
17000,공장,라이닝준비실,1
17000,공장,y,1
17000,공장,폐신너탱크저장소,1
19000,위험물저장및처리시설,제1종근,1
17000,공장,직원복지시설,1
17000,공장,제3가스저장고,1
17000,공장,제1동력실,1
17000,공장,c1901a,1
17000,공장,충전창고,1
04000,제2종근린생활시설,기존1층,1
17000,공장,정비쎈타,1
17000,공장,소각로동,1
17000,공장,변압기덮개,1
03000,제1종근린생활시설,생및위락시설,1
17000,공장,금속가구제조체육및어린이놀이터용장비제조,1
17000,공장,로라밀실,1
17000,공장,농산물발아실,1
06000,종교시설,정무실,1
17000,공장,연담수조및펌프실,1
17000,공장,유연탄분쇄실,1
04000,제2종근린생활시설,인형제조작업,1
04000,제2종근린생활시설,자동차수리점및,1
08000,운수시설,인버터실,1
03000,제1종근린생활시설,시장고객휴게실,1
03000,제1종근린생활시설,철물적치장,1
10000,교육연구시설,오락실,1
17000,공장,mdi공장,1
20000,자동차관련시설,공단지원시설,1
01000,단독주택,94주택개량사업융자주택,1
05000,문화및집회시설,여공기숙사,1
20000,자동차관련시설,경유탱크실,1
04000,제2종근린생활시설,매실엑기스,1
03000,제1종근린생활시설,frp제거식화장실,1
04000,제2종근린생활시설,전천후시설,1
Z3000,근린생활시설,노래방,1
06000,종교시설,신사당,1
20000,자동차관련시설,부속지하주차장,1
01000,단독주택,2종근림생활시설,1
05000,문화및집회시설,견본주택,1
17000,공장,달리분류되지않는가죽제품제조,1
11000,노유자시설,거주시설,1
04000,제2종근린생활시설,2근생,1
20000,자동차관련시설,관리사및돈분장,1
13000,운동시설,스쿼시경기장,1
03000,제1종근린생활시설,반여1동사무소,1
17000,공장,비료,1
20000,자동차관련시설,주기장작업장,1
01000,단독주택,가스실,1
18000,창고시설,구령대,1
21000,동물및식물관련시설,96농어촌개량사업,1
17000,공장,농산물간이집하장,1
02000,공동주택,경비실19,1
02000,공동주택,가든북카페,1
02000,공동주택,도시형생활주택원름형,1
20000,자동차관련시설,주택및근린생활시설,1
17000,공장,설비,1
22000,분뇨.쓰레기처리시설,유류탱크창고,1
03000,제1종근린생활시설,dms운영센터,1
03000,제1종근린생활시설,수산물판매점,1
20000,자동차관련시설,자동차관련시설및1종근린생활시설,1
22000,분뇨.쓰레기처리시설,폐기물재활용공장,1
23000,교정및군사시설,재활용품창고,1
19000,위험물저장및처리시설,위험물저장및제조소,1
22000,분뇨.쓰레기처리시설,케이크야적장,1
22000,분뇨.쓰레기처리시설,분뇨및쓰레기처시설,1
18000,창고시설,농기구써비스센타,1
17000,공장,잎담배,1
20000,자동차관련시설,자동차종합검사장,1
20000,자동차관련시설,위험물저장고,1
24000,방송통신시설,동력실,1
23000,교정및군사시설,군견반,1
10000,교육연구시설,부속여중특별교사,1
01000,단독주택,93농촌주택,1
10000,교육연구시설,특수차량,1
18000,창고시설,재활용,1
17000,공장,금속단조공장,1
03000,제1종근린생활시설,제빵업소,1
03000,제1종근린생활시설,근린공공시설및교육연구시설,1
03000,제1종근린생활시설,새마을금고및공동구판장,1
11000,노유자시설,복지센타,1
03000,제1종근린생활시설,통신공사가야곡분기국사,1
01000,단독주택,제1종일근린생활시설,1
03000,제1종근린생활시설,농산물간이수집소,1
03000,제1종근린생활시설,좌안매점,1
03000,제1종근린생활시설,용앙검문소,1
10000,교육연구시설,학교급식소,1
10000,교육연구시설,직원합숙소,1
05000,문화및집회시설,농촌생활문화관,1
03000,제1종근린생활시설,농작업장,1
01000,단독주택,청소년수련시설,1
03000,제1종근린생활시설,농어가창고,1
03000,제1종근린생활시설,지하수관축소,1
09000,의료시설,의료시설및제1,1
03000,제1종근린생활시설,윤씨제각,1
03000,제1종근린생활시설,무인분기전화국,1
03000,제1종근린생활시설,지역난방펌프장,1
04000,제2종근린생활시설,건어물창고,1
03000,제1종근린생활시설,우수바제펌프장,1
03000,제1종근린생활시설,마을홍보센터,1
03000,제1종근린생활시설,관리공단사무소,1
02000,공동주택,140,1
03000,제1종근린생활시설,환자대기실,1
03000,제1종근린생활시설,홍수경보실,1
03000,제1종근린생활시설,공익,1
06000,종교시설,선교원,1
11000,노유자시설,식자재창고,1
19000,위험물저장및처리시설,과산화물,1
02000,공동주택,캐노피설치,1
15000,숙박시설,요가장,1
04000,제2종근린생활시설,기기실,1
03000,제1종근린생활시설,민방위대피소,1
02000,공동주택,02x2,1
10000,교육연구시설,본관교사동,1
03000,제1종근린생활시설,소매점및공장및제조업소,1
17000,공장,수유실,1
30000,자원순환관련시설,문화및집회시설,1
03000,제1종근린생활시설,근린생활시설및업무시설및주택,1
17000,공장,유황분쇄공장,1
03000,제1종근린생활시설,횡통로,1
01000,단독주택,94정주권사업대상,1
Z3000,근린생활시설,마을금고,1
17000,공장,예비처리용,1
03000,제1종근린생활시설,소송노인회관,1
03000,제1종근린생활시설,용두리간이집하장,1
03000,제1종근린생활시설,재산면보건지소,1
03000,제1종근린생활시설,제1및2종근린생활시설,1
03000,제1종근린생활시설,점포및미용실,1
03000,제1종근린생활시설,홍수예경보우량국사,1
03000,제1종근린생활시설,시험작업실,1
17000,공장,자동제어만제조업,1
03000,제1종근린생활시설,화성보건진료소,1
14000,업무시설,농측조,1
08000,운수시설,주방,1
Z5000,문화및집회시설,누각,1
05000,문화및집회시설,운동경기관람장,1
11000,노유자시설,부속변소,1
03000,제1종근린생활시설,이용영업소,1
03000,제1종근린생활시설,통신사무소,1
18000,창고시설,창고및공공장,1
02000,공동주택,방송실,1
14000,업무시설,106호,1
Z6000,판매및영업시설,연립주택,1
14000,업무시설,143실,1
02000,공동주택,용역시설,1
02000,공동주택,실내숲속놀이터,1
03000,제1종근린생활시설,하양농촌지도상담소,1
17000,공장,ro,1
18000,창고시설,철제보관소,1
03000,제1종근린생활시설,교통광장,1
03000,제1종근린생활시설,탈의실및화장실,1
03000,제1종근린생활시설,지방자치센터,1
03000,제1종근린생활시설,마을공동간이상수도,1
33000,"국방,군사시설",위병소,1
03000,제1종근린생활시설,마을골동농기계보관창고,1
17000,공장,추진기공장,1
17000,공장,광학1공장,1
03000,제1종근린생활시설,의원및및근린생활시설,1
03000,제1종근린생활시설,부곡1리새마을회관,1
03000,제1종근린생활시설,근린생활시설다가구주택,1
01000,단독주택,단독2세대,1
03000,제1종근린생활시설,i,1
14000,업무시설,ess저장장치,1
03000,제1종근린생활시설,제1총근린생활시설및주택,1
03000,제1종근린생활시설,양수장감시소,1
03000,제1종근린생활시설,부속실제8호,1
21000,동물및식물관련시설,운동장시설,1
03000,제1종근린생활시설,화장실및물품보관실,1
03000,제1종근린생활시설,양수장시설물,1
13000,운동시설,후생동,1
03000,제1종근린생활시설,계전기실및망루,1
07000,판매시설,공공용시설,1
03000,제1종근린생활시설,치료관,1
17000,공장,폐수저장조,1
03000,제1종근린생활시설,수산물종합처리장,1
01000,단독주택,아틀리에,1
18000,창고시설,집유장,1
17000,공장,폐프라스틱및고무재생재료가공처리업,1
22000,분뇨.쓰레기처리시설,선별창고,1
14000,업무시설,세차장및폐수처리시설,1
01000,단독주택,자가사무실,1
09000,의료시설,자료보관실,1
01000,단독주택,식물관렬시설,1
14000,업무시설,관리사사무실,1
04000,제2종근린생활시설,바케엘리베이터,1
17000,공장,열처리시설,1
,,부,1
10000,교육연구시설,학교용,1
03000,제1종근린생활시설,개발제한구역,1
07000,판매시설,건어,1
01000,단독주택,포장실,1
04000,제2종근린생활시설,용왕각,1
01000,단독주택,엿가공소,1
10000,교육연구시설,영업시설,1
09000,의료시설,차고지,1
Z8000,교육연구및복지시설,종교집회시설,1
02000,공동주택,아파트지하코아,1
04000,제2종근린생활시설,도시형공상,1
02000,공동주택,청소년,1
04000,제2종근린생활시설,교육관련학원및주택,1
06000,종교시설,가스붐배실,1
04000,제2종근린생활시설,농어촌특산단지,1
04000,제2종근린생활시설,보조주방,1
04000,제2종근린생활시설,교회강당,1
30000,자원순환관련시설,저수조,1
04000,제2종근린생활시설,화명질,1
03000,제1종근린생활시설,전실,1
03000,제1종근린생활시설,학원주택,1
17000,공장,선박구성부분품제조업,1
19000,위험물저장및처리시설,쓰레기소각장,1
04000,제2종근린생활시설,자동차정비고,1
04000,제2종근린생활시설,의복제조장,1
04000,제2종근린생활시설,어린이놀이터관리사무실,1
17000,공장,산업전시장,1
04000,제2종근린생활시설,3종자동차정비소,1
04000,제2종근린생활시설,요셉성당,1
04000,제2종근린생활시설,대종교,1
04000,제2종근린생활시설,일반주거지역,1
02000,공동주택,도시형생활주택단지형다세대14세대,1
03000,제1종근린생활시설,다가구형,1
02000,공동주택,멀티클럽,1
Z6000,판매및영업시설,관사,1
04000,제2종근린생활시설,스포츠센터,1
10000,교육연구시설,기숙사및도서관,1
04000,제2종근린생활시설,화장실및안내실,1
04000,제2종근린생활시설,재료보관실,1
04000,제2종근린생활시설,항만관리사무소,1
17000,공장,저온살균실,1
04000,제2종근린생활시설,전기분소,1
04000,제2종근린생활시설,대공초소,1
04000,제2종근린생활시설,제조방,1
03000,제1종근린생활시설,변전실22호,1
04000,제2종근린생활시설,작업용,1
04000,제2종근린생활시설,의용소방회관,1
04000,제2종근린생활시설,템플관,1
04000,제2종근린생활시설,실내골프장,1
04000,제2종근린생활시설,갱의실,1
18000,창고시설,멸치,1
04000,제2종근린생활시설,실험실및창고,1
04000,제2종근린생활시설,양곡가공협의사무실,1
04000,제2종근린생활시설,공근린생활시설,1
04000,제2종근린생활시설,세미나실,1
23000,교정및군사시설,여군샤워장,1
16000,위락시설,쓰레기수거장,1
17000,공장,오일,1
18000,창고시설,농가용단독주택및,1
06000,종교시설,기존,1
04000,제2종근린생활시설,식당부지,1
06000,종교시설,순교기념관,1
14000,업무시설,핏트,1
02000,공동주택,작업작,1
04000,제2종근린생활시설,근린생활시설및연립주택,1
03000,제1종근린생활시설,건강관리실및작업장,1
06000,종교시설,만월당,1
06000,종교시설,제당및관리사,1
06000,종교시설,향적당,1
25000,발전시설,회의실,1
04000,제2종근린생활시설,근린점포및사무실및공장,1
04000,제2종근린생활시설,4종사무실,1
04000,제2종근린생활시설,운동시설외2,1
04000,제2종근린생활시설,근린생왈시설,1
17000,공장,프레카룸,1
,,60,1
,,11,1
20000,자동차관련시설,89,1
03000,제1종근린생활시설,제2종근린생활시설업무시설,1
17000,공장,4110쉘타,1
13000,운동시설,배드민턴장부대시설,1
04000,제2종근린생활시설,영업용및위락시설,1
04000,제2종근린생활시설,종교집회장및노유자시설,1
04000,제2종근린생활시설,농기계수리접,1
04000,제2종근린생활시설,근린시설주택,1
04000,제2종근린생활시설,육류가공제조업,1
17000,공장,인쇄제조업,1
04000,제2종근린생활시설,볏집덮발생산시설,1
,,구조용,1
19000,위험물저장및처리시설,기계실4,1
04000,제2종근린생활시설,자건차치장,1
04000,제2종근린생활시설,문제2종근린생활시설,1
04000,제2종근린생활시설,자동차관련시설및단독주택,1
04000,제2종근린생활시설,글린생활시설,1
04000,제2종근린생활시설,유자가공제조업소,1
10000,교육연구시설,부설,1
02000,공동주택,미술관,1
04000,제2종근린생활시설,주택및1종근린생활시설,1
04000,제2종근린생활시설,사무소및다가구주택2가구,1
19000,위험물저장및처리시설,주유사무실,1
17000,공장,농축,1
17000,공장,msp공장,1
04000,제2종근린생활시설,임업용기계창고,1
04000,제2종근린생활시설,조정선수합숙소,1
18000,창고시설,중고농기계보관창고,1
04000,제2종근린생활시설,교회부속창고,1
04000,제2종근린생활시설,종교시설물,1
25000,발전시설,이송탑,1
14000,업무시설,연구실,1
04000,제2종근린생활시설,운전기사식당,1
01000,단독주택,고물상,1
01000,단독주택,농촌지원,1
04000,제2종근린생활시설,박씨제각,1
04000,제2종근린생활시설,가공지제조업,1
04000,제2종근린생활시설,제종2근린생활시설,1
04000,제2종근린생활시설,제2종근린생활시설및일반업무시설,1
17000,공장,송풍기및환풍기제조,1
04000,제2종근린생활시설,근린생활시설및교육연구시설및단독주택,1
17000,공장,철문제조업,1
04000,제2종근린생활시설,성덕도수도장,1
01000,단독주택,13가구주택,1
06000,종교시설,헨리관,1
04000,제2종근린생활시설,사무소및세차장사무소,1
04000,제2종근린생활시설,방아실,1
,,v,1
05000,문화및집회시설,포구민가1,1
04000,제2종근린생활시설,대형음식점,1
04000,제2종근린생활시설,부속물품저장실,1
,,농조사무실,1
04000,제2종근린생활시설,지상주차장,1
04000,제2종근린생활시설,주택및축사,1
04000,제2종근린생활시설,제조업소및숙소,1
02000,공동주택,58,1
17000,공장,소화기,1
03000,제1종근린생활시설,미용계학원,1
04000,제2종근린생활시설,재활승마장,1
21000,동물및식물관련시설,솔잎혹파리,1
04000,제2종근린생활시설,1종근린생활시설소매점,1
04000,제2종근린생활시설,도정창고,1
15000,숙박시설,사주문1,1
06000,종교시설,연화사,1
04000,제2종근린생활시설,죽세작업장,1
17000,공장,재활용함,1
04000,제2종근린생활시설,풍려장,1
04000,제2종근린생활시설,검사사무소,1
02000,공동주택,컨벤션센터,1
21000,동물및식물관련시설,식물관련시설및제2종근,1
04000,제2종근린생활시설,영업용및근린생활시설,1
21000,동물및식물관련시설,선별,1
04000,제2종근린생활시설,세면장및화장실,1
04000,제2종근린생활시설,제2종근생활시설외1,1
03000,제1종근린생활시설,침전지검수구실1,1
06000,종교시설,조사당,1
21000,동물및식물관련시설,채소종묘,1
02000,공동주택,제1종근린생활시설외,1
18000,창고시설,통신기계보관,1
02000,공동주택,1702동,1
07000,판매시설,터미널,1
04000,제2종근린생활시설,근린생활수리점,1
03000,제1종근린생활시설,10호실,1
10000,교육연구시설,체육교육연구소,1
17000,공장,폐고무보관창고,1
01000,단독주택,화,1
08000,운수시설,작업실,1
01000,단독주택,제2종근린생활시설로,1
04000,제2종근린생활시설,모의전투게임,1
17000,공장,저분자가공실,1
22000,분뇨.쓰레기처리시설,기계실및전기실,1
10000,교육연구시설,야구부실내연습장,1
04000,제2종근린생활시설,달리분류되지않은비료및질소화합물제조업,1
01000,단독주택,보육실,1
10000,교육연구시설,영양사실,1
01000,단독주택,물품고,1
17000,공장,통행로,1
09000,의료시설,분향소,1
14000,업무시설,69호,1
04000,제2종근린생활시설,13,1
08000,운수시설,고속버스터미날,1
03000,제1종근린생활시설,녹색체험마을,1
08000,운수시설,역종업원숙소,1
19000,위험물저장및처리시설,산소충전소,1
10000,교육연구시설,재활용품보관소,1
22000,분뇨.쓰레기처리시설,압축기,1
10000,교육연구시설,소방학교,1
10000,교육연구시설,유치원및주택,1
10000,교육연구시설,전시및교육시설,1
Z3000,근린생활시설,점포및음식점,1
03000,제1종근린생활시설,성북,1
08000,운수시설,평촌역사,1
10000,교육연구시설,제1과학관,1
03000,제1종근린생활시설,통제소,1
03000,제1종근린생활시설,무선실,1
17000,공장,하프전기실,1
21000,동물및식물관련시설,젖소사및퇴비사,1
21000,동물및식물관련시설,약용작물재배사,1
14000,업무시설,다세대12세대,1
17000,공장,개질아스팔트공정동,1
10000,교육연구시설,양파연구소,1
17000,공장,전기집진조정실,1
10000,교육연구시설,유틸리티동,1
18000,창고시설,사무실수위실,1
10000,교육연구시설,농민교육원,1
10000,교육연구시설,농대3호관,1
02000,공동주택,홈씨어터룸,1
20000,자동차관련시설,자동차운전교습장,1
27000,관광휴게시설,소맹수사,1
10000,교육연구시설,교육연구및복지시설문화및집회시설,1
06000,종교시설,문화회관,1
09000,의료시설,의료기관,1
14000,업무시설,당직실,1
19000,위험물저장및처리시설,mex3,1
01000,단독주택,사랑체,1
04000,제2종근린생활시설,칭설당,1
12000,수련시설,화장실및창고,1
08000,운수시설,낭도간이여객터미널,1
17000,공장,도정및,1
09000,의료시설,주차장및근린생활시설,1
17000,공장,함석창고,1
04000,제2종근린생활시설,천왕문,1
06000,종교시설,a동,1
10000,교육연구시설,여학생가사실,1
20000,자동차관련시설,교육장실,1
13000,운동시설,체육시설의부대시설,1
04000,제2종근린생활시설,식당및부속사,1
03000,제1종근린생활시설,수로국,1
05000,문화및집회시설,휴양관,1
05000,문화및집회시설,기타공공시설,1
17000,공장,o공장,1
30000,자원순환관련시설,단련실,1
03000,제1종근린생활시설,기계식세차설비,1
13000,운동시설,체육관동,1
17000,공장,no2전기실,1
07000,판매시설,공동작업장,1
10000,교육연구시설,여자생활관,1
01000,단독주택,칠성당,1
13000,운동시설,주택및근린생활시설,1
11000,노유자시설,단독주택및,1
03000,제1종근린생활시설,오수펌프장,1
17000,공장,기폭공실,1
17000,공장,고무저장창고,1
04000,제2종근린생활시설,자동차가스검사소,1
11000,노유자시설,보관창고,1
17000,공장,분석기계실,1
01000,단독주택,2가구및일반음식점,1
04000,제2종근린생활시설,일반음식점및노래연습장,1
21000,동물및식물관련시설,의,1
05000,문화및집회시설,변소및,1
03000,제1종근린생활시설,꽃묘장,1
04000,제2종근린생활시설,감시제어반실,1
02000,공동주택,경비원미화원휴게실,1
02000,공동주택,원룸형26세대,1
03000,제1종근린생활시설,외4건,1
01000,단독주택,ckdrh,1
Z6000,판매및영업시설,펌프장,1
14000,업무시설,166호,1
14000,업무시설,골프클럽,1
13000,운동시설,골프연습장휴게실,1
17000,공장,타올직제직,1
13000,운동시설,훈련장,1
13000,운동시설,게이트볼장화장실,1
04000,제2종근린생활시설,재래식,1
15000,숙박시설,101,1
,,농산물보관,1
Z8000,교육연구및복지시설,일반공공시설,1
02000,공동주택,기계펌프실,1
19000,위험물저장및처리시설,분산형,1
14000,업무시설,사격장,1
03000,제1종근린생활시설,태양열,1
04000,제2종근린생활시설,기계수리,1
10000,교육연구시설,급수대지붕,1
Z3000,근린생활시설,보이라실,1
30000,자원순환관련시설,정화조,1
10000,교육연구시설,육각정,1
04000,제2종근린생활시설,실내사격장,1
17000,공장,자수제품및자수용재료제조업,1
17000,공장,중장비보관동,1
10000,교육연구시설,온실관리동,1
21000,동물및식물관련시설,97축산분뇨처리사업,1
17000,공장,농공단지,1
01000,단독주택,퇴비사외,1
20999,기타자동차관련시설,자동차관련시설,1
05000,문화및집회시설,사육사,1
01000,단독주택,창고및계사,1
01000,단독주택,옥계정,1
21000,동물및식물관련시설,우육작업장,1
18000,창고시설,마을공동선별장,1
18000,창고시설,막,1
18000,창고시설,군창고,1
01000,단독주택,종가주택,1
14000,업무시설,b초소,1
01000,단독주택,관리지역,1
18000,창고시설,담요,1
17000,공장,비가림막,1
03000,제1종근린생활시설,공원관리실,1
18000,창고시설,퇴비제조장,1
18000,창고시설,시멘트저장창고,1
,,94정주생활권사업,1
16000,위락시설,위험물저장,1
27000,관광휴게시설,국수봉,1
17000,공장,폐가스처리시설,1
18000,창고시설,농기계수리보관창고,1
04000,제2종근린생활시설,선구소매점,1
08000,운수시설,배치실,1
01000,단독주택,주택2,1
13000,운동시설,단상및정자,1
18000,창고시설,실포저장소,1
10000,교육연구시설,학원자동차운전강의실,1
01000,단독주택,부속기계실,1
18000,창고시설,임야관리사,1
21000,동물및식물관련시설,송아지경매장,1
01000,단독주택,다가구공동주택,1
21000,동물및식물관련시설,종합수납사,1
18000,창고시설,농기계보관창소,1
,,사진,1
25000,발전시설,가스압축기동,1
17000,공장,수위실및복지시설,1
18000,창고시설,농기계창고및농산물집하장,1
01000,단독주택,농가생활,1
17000,공장,보건재활센터,1
21000,동물및식물관련시설,계분톱밥발효조,1
01000,단독주택,소각로,1
05000,문화및집회시설,투표소,1
18000,창고시설,창고건조장,1
18000,창고시설,창고시설및변소,1
06000,종교시설,복합시설,1
16000,위락시설,외2종,1
01000,단독주택,주택겸영업용,1
01000,단독주택,농사용창고및변소,1
21000,동물및식물관련시설,통풍식퇴비사,1
21000,동물및식물관련시설,잠종공동사육장,1
04000,제2종근린생활시설,제2동,1
01000,단독주택,주택및욕실,1
18000,창고시설,객화차분소창고,1
18000,창고시설,농기구공동보관창고,1
18000,창고시설,마을공동농산물저온창고및작업장,1
21000,동물및식물관련시설,관리사및가압장,1
01000,단독주택,제1종근린생활및단독주택,1
01000,단독주택,벼건조장및탈곡장,1
21000,동물및식물관련시설,농자재창고,1
04000,제2종근린생활시설,섬유질사료제조시설,1
21000,동물및식물관련시설,연유실,1
20000,자동차관련시설,무도교습소,1
21000,동물및식물관련시설,방문자센터,1
06000,종교시설,재단사무실,1
14000,업무시설,98호,1
18000,창고시설,하역장및창고,1
,,근랜생활시설,1
01000,단독주택,취락지구,1
18000,창고시설,상업,1
01000,단독주택,김용기,1
18000,창고시설,창고시설및식물관련시설,1
03000,제1종근린생활시설,1종근린생활외2용도,1
18000,창고시설,마을구판장,1
21000,동물및식물관련시설,과수온실,1
02000,공동주택,연립주택15세대,1
18000,창고시설,곶감막,1
10000,교육연구시설,기숙사및교사동,1
21000,동물및식물관련시설,축산업용창고,1
03000,제1종근린생활시설,마을공동정미소,1
21000,동물및식물관련시설,식물배양장,1
18000,창고시설,직판장및관리사,1
04000,제2종근린생활시설,부속사및,1
18000,창고시설,농기계수리소및창고,1
01000,단독주택,후생주택,1
01000,단독주택,단독주택외1종,1
21000,동물및식물관련시설,강의실,1
21000,동물및식물관련시설,어항시설,1
17000,공장,인공수정소,1
21000,동물및식물관련시설,부,1
18000,창고시설,농산물공동작업장,1
17000,공장,lpg용기검사소,1
10000,교육연구시설,화물용elev,1
18000,창고시설,주택및수산물보관창고,1
21000,동물및식물관련시설,제1저장소,1
01000,단독주택,위험물판매취급소및주택,1
18000,창고시설,유물보관창고,1
18000,창고시설,사과포장작업장,1
01000,단독주택,지산서당,1
01000,단독주택,단도주택및창고시설,1
04000,제2종근린생활시설,연사제조및실가공업,1
01000,단독주택,단독주택용14가구,1
01000,단독주택,단돌주택,1
01000,단독주택,부속농업용창고,1
18000,창고시설,일반창고및사무실,1
21000,동물및식물관련시설,가축용장비창고,1
21000,동물및식물관련시설,톱밥퇴비사,1
18000,창고시설,자재창고2,1
21000,동물및식물관련시설,동물및식믈관련시설,1
18000,창고시설,창고및건강원,1
18000,창고시설,칼라쉬트,1
01000,단독주택,근린생활시성및주택,1
03000,제1종근린생활시설,창정리,1
18000,창고시설,기자재집하장,1
21000,동물및식물관련시설,우유냉각실,1
04000,제2종근린생활시설,참기름가공,1
18000,창고시설,창고및가공업,1
07000,판매시설,각종기기,1
18000,창고시설,배차실,1
04000,제2종근린생활시설,발코니,1
04000,제2종근린생활시설,종업원식당,1
18000,창고시설,오미자숙성창고,1
18000,창고시설,농수산무저온저장고,1
04000,제2종근린생활시설,농자재판매점,1
18000,창고시설,원자재보관창고,1
18000,창고시설,창고시설및운동시설,1
10000,교육연구시설,새마을교실,1
21000,동물및식물관련시설,의식시설,1
21000,동물및식물관련시설,계사장,1
01000,단독주택,저장고농막,1
30000,자원순환관련시설,협잡물야적장,1
17000,공장,먼지테스트장,1
18000,창고시설,창고3,1
21000,동물및식물관련시설,동물및식물및관련시설,1
01000,단독주택,제거식변소,1
01000,단독주택,주택및미장원,1
04199,기타운동시설,스타트하우스,1
03000,제1종근린생활시설,간이tvr,1
04000,제2종근린생활시설,축산시열용,1
03000,제1종근린생활시설,상품전시창고,1
01000,단독주택,무간,1
01000,단독주택,준택,1
18000,창고시설,창고및방,1
18000,창고시설,축사변소,1
18000,창고시설,섬유가공,1
18000,창고시설,영농폐기물창고,1
14000,업무시설,청소년시설,1
21000,동물및식물관련시설,관리숙소,1
18000,창고시설,담배건조막및창고,1
30000,자원순환관련시설,폐기물종합재활용시설,1
01000,단독주택,다용도실및욕실,1
01000,단독주택,간이욕실,1
01000,단독주택,제1종근린생활시설외3,1
18000,창고시설,창고및업무시설,1
21000,동물및식물관련시설,급수및펌프실,1
03000,제1종근린생활시설,콤푸레샤실,1
03000,제1종근린생활시설,관망탑,1
21000,동물및식물관련시설,환축격리사,1
07000,판매시설,2층,1
01000,단독주택,정수권,1
01000,단독주택,단독주택3세대,1
01000,단독주택,곡물건도실,1
07000,판매시설,오수정화조,1
02000,공동주택,키즈플레이존,1
,,계근실,1
21000,동물및식물관련시설,우사장,1
,,8세대,1
17000,공장,건축용강화프라스틱성형제품제조업,1
13000,운동시설,창고및관리사무실,1
03000,제1종근린생활시설,점포겸사무실,1
17000,공장,농자재창고,1
17000,공장,남,1
03000,제1종근린생활시설,일반철물제조업,1
03000,제1종근린생활시설,무주경찰서,1
08000,운수시설,적량역사,1
18000,창고시설,1호,1
21000,동물및식물관련시설,외국어학원,1
14000,업무시설,자동차부속상,1
12000,수련시설,숙박동,1
14000,업무시설,원룸형다세대주택,1
06000,종교시설,교양실,1
01000,단독주택,연탄저장고,1
19000,위험물저장및처리시설,주유소기계식세차설비시설,1
27000,관광휴게시설,기공실,1
21000,동물및식물관련시설,참모자반종묘배양장,1
11000,노유자시설,농가용주택,1
18000,창고시설,sk텔레콤무인통신국사,1
17000,공장,회전로선별장,1
01000,단독주택,라,1
03000,제1종근린생활시설,민박시설,1
Z8000,교육연구및복지시설,사,1
04000,제2종근린생활시설,전구제조업,1
01000,단독주택,연립단독주택,1
27000,관광휴게시설,편의점창고,1
27000,관광휴게시설,공원부속창고,1
03000,제1종근린생활시설,환수펌프실,1
13000,운동시설,진행box,1
03000,제1종근린생활시설,홍보센터,1
22000,분뇨.쓰레기처리시설,중앙리오수,1
21000,동물및식물관련시설,호도관리사,1
01000,단독주택,단독주택및부속시설,1
18000,창고시설,곡물조리식품제조업,1
18000,창고시설,사슴장,1
03000,제1종근린생활시설,신림1동,1
17000,공장,주조정동,1
08000,운수시설,항운노조원대기실,1
17000,공장,직원기숙사,1
03000,제1종근린생활시설,성인오락,1
04000,제2종근린생활시설,제방제조실,1
05000,문화및집회시설,경기전외삼문,1
21000,동물및식물관련시설,벼최아실,1
02000,공동주택,조경,1
02000,공동주택,단지형다세대29세대,1
14000,업무시설,업무용오피스텔,1
27000,관광휴게시설,숲속의집1,1
03000,제1종근린생활시설,무대,1
04000,제2종근린생활시설,위험물저장및처리서설,1
17000,공장,전해7계열공장,1
01000,단독주택,제근린생활시설,1
21000,동물및식물관련시설,식물관련식물,1
01000,단독주택,통신기기실,1
17000,공장,미니밀공장,1
17000,공장,단조공장수처리b,1
17000,공장,합금철공장,1
21000,동물및식물관련시설,99,1
10000,교육연구시설,교원숙소,1
03000,제1종근린생활시설,방및다용도실,1
18000,창고시설,단층사무소,1
01000,단독주택,68,1
18000,창고시설,농기계보관창고및농기계수리쎈타,1
04000,제2종근린생활시설,수산물건조시설,1
11000,노유자시설,자활사업장,1
14000,업무시설,출하과사무실,1
06000,종교시설,세탁실,1
04000,제2종근린생활시설,컴퓨터계,1
04000,제2종근린생활시설,전통사찰,1
10000,교육연구시설,및종교시설,1
04000,제2종근린생활시설,재활용보관창고,1
17000,공장,대의원,1
17000,공장,투입구,1
17000,공장,39,1
14000,업무시설,수방창고,1
04000,제2종근린생활시설,모정형,1
17000,공장,17보일러동,1
14000,업무시설,폐토사보관시설,1
14000,업무시설,도로비축시설창고,1
,,수리센터,1
17000,공장,증류탑운전실,1
17000,공장,pta실,1
25000,발전시설,ess전기실,1
02000,공동주택,소공연장,1
07000,판매시설,판매침영업시설,1
10000,교육연구시설,관람석지붕2,1
06000,종교시설,목회자사택,1
04000,제2종근린생활시설,농업부대시설,1
14000,업무시설,축산업협동조합사무실,1
04000,제2종근린생활시설,204동,1
14000,업무시설,오피스텔및업무시설,1
02000,공동주택,교육,1
02000,공동주택,지열장비실,1
02000,공동주택,328대,1
10000,교육연구시설,시청각,1
10000,교육연구시설,강의동d,1
04000,제2종근린생활시설,운전자,1
14000,업무시설,간이차고,1
17000,공장,놀이터용장비제조업,1
04000,제2종근린생활시설,제조업및,1
14000,업무시설,공업용수펌프실,1
24000,방송통신시설,옥외변소,1
01000,단독주택,별장d,1
05000,문화및집회시설,좌승당,1
b7990,,근린생활시설,1
03000,제1종근린생활시설,전화국중계소,1
25000,발전시설,tt06,1
18000,창고시설,사이즈조제실,1
10000,교육연구시설,관악부실,1
13000,운동시설,인덕정,1
05000,문화및집회시설,주관,1
07000,판매시설,펌프장,1
01000,단독주택,여과지,1
18000,창고시설,공장용시설,1
02000,공동주택,지하주차장c,1
21000,동물및식물관련시설,야생화,1
21000,동물및식물관련시설,바가림시설,1
17000,공장,154k수배전실,1
04000,제2종근린생활시설,근린생활시설설및,1
13000,운동시설,쓰레기집하장,1
21000,동물및식물관련시설,비료,1
03000,제1종근린생활시설,가물치,1
17000,공장,quart크라샤,1
01000,단독주택,다가주택및,1
05000,문화및집회시설,운동경기관람시설,1
21000,동물및식물관련시설,병아리보관실,1
18000,창고시설,농업일,1
17000,공장,가죽제품봉제,1
05000,문화및집회시설,부속작업실,1
Z3000,근린생활시설,구조장비보관,1
Z8000,교육연구및복지시설,3,1
03000,제1종근린생활시설,남자,1
04000,제2종근린생활시설,제어실,1
10000,교육연구시설,미용학원,1
24000,방송통신시설,중계시설,1
17000,공장,유틸리티조정동,1
17000,공장,고철수거장,1
01000,단독주택,인터넷컴퓨터게임시설제공업의시설,1
17000,공장,콩나물가공공장,1
06000,종교시설,바닥면적제외,1
14000,업무시설,업무근린판매,1
06000,종교시설,4,1
18000,창고시설,고추,1
05000,문화및집회시설,오수처리시설,1
14000,업무시설,창고6,1
17000,공장,양봉,1
17000,공장,탈의실및샤워실,1
17000,공장,air콤프레샤실,1
03000,제1종근린생활시설,금형제조,1
14000,업무시설,주민공동이용시설,1
14000,업무시설,업무시설및근생,1
14000,업무시설,차량보관창고,1
04000,제2종근린생활시설,연면적제외,1
02000,공동주택,태권도실,1
23000,교정및군사시설,장비류,1
Z8000,교육연구및복지시설,심신장애자요양원,1
09000,의료시설,의료시설제1,1
04000,제2종근린생활시설,주간보호센터,1
15000,숙박시설,54객실,1
03000,제1종근린생활시설,석회투입실,1
23000,교정및군사시설,자동화사격장,1
04000,제2종근린생활시설,유류,1
04000,제2종근린생활시설,전기원대기실,1
03000,제1종근린생활시설,잡화소매점,1
27000,관광휴게시설,제33,1
11000,노유자시설,전기설,1
02000,공동주택,키즈스포츠센터,1
02000,공동주택,구메시설,1
02000,공동주택,공영,1
14000,업무시설,민방위창고,1
17000,공장,공장기,1
02000,공동주택,사제관,1
Z3000,근린생활시설,조적조,1
03000,제1종근린생활시설,외향선원대기소,1
01000,단독주택,축사겸,1
10000,교육연구시설,다용도온실,1
01000,단독주택,감,1
05000,문화및집회시설,충효문,1
,,제빵공장,1
21000,동물및식물관련시설,208,1
19000,위험물저장및처리시설,금속잉크동,1
04000,제2종근린생활시설,밸브및유사장치제조업,1
18000,창고시설,1995,1
17000,공장,베전반,1
01000,단독주택,목재도구,1
17000,공장,창고및건조실,1
04000,제2종근린생활시설,별모,1
06000,종교시설,나동,1
17000,공장,동창고,1
20000,자동차관련시설,도자기제품실,1
02000,공동주택,1종근린생활시설및,1
17000,공장,저장판매시설,1
18000,창고시설,타르저장소,1
05000,문화및집회시설,통일신라건물지,1
19000,위험물저장및처리시설,화기를,1
15000,숙박시설,환경위생시설,1
01000,단독주택,자동차수리시설,1
17000,공장,씨지엘본공장,1
14000,업무시설,은행부속실,1
17000,공장,탈취실,1
10000,교육연구시설,선교사무실,1
10000,교육연구시설,h동,1
04000,제2종근린생활시설,수경재배사,1
21000,동물및식물관련시설,미역염장공장,1
03000,제1종근린생활시설,장옥1,1
14000,업무시설,연수관리동,1
01000,단독주택,헛간광,1
18000,창고시설,1종및2종근생,1
20000,자동차관련시설,교환장소,1
10000,교육연구시설,방송스튜디오,1
04000,제2종근린생활시설,포장육,1
05000,문화및집회시설,소방용,1
05000,문화및집회시설,체험장비보관창고,1
27000,관광휴게시설,훼미리마트,1
01000,단독주택,근린생확,1
Z6000,판매및영업시설,항공기지원건물,1
09000,의료시설,연구동,1
07000,판매시설,인터넷켐퓨터게임시설제공업소,1
17000,공장,1단계,1
01000,단독주택,도예전시실,1
18000,창고시설,임항창고및,1
17000,공장,분석기실4,1
02000,공동주택,아파,1
03000,제1종근린생활시설,도매업,1
18000,창고시설,종각,1
05000,문화및집회시설,자전거경기장,1
26000,묘지관련시설,영현,1
30000,자원순환관련시설,4동,1
05000,문화및집회시설,수선사,1
27000,관광휴게시설,휴양림편의시설,1
04000,제2종근린생활시설,영수사주택,1
17000,공장,skybon탈의실및샤워실,1
20000,자동차관련시설,통제실3,1
27000,관광휴게시설,삭도승강장,1
10000,교육연구시설,종합학습관,1
17000,공장,자재창고c,1
17000,공장,기계물탱크실,1
17000,공장,2종근린생활,1
05000,문화및집회시설,마을공동시설,1
18000,창고시설,폐유저장고,1
16000,위락시설,일반음식점및유흥주점,1
04000,제2종근린생활시설,칭고시설,1
05000,문화및집회시설,영남제1관,1
03000,제1종근린생활시설,벽돌구조,1
16000,위락시설,영화관,1
19000,위험물저장및처리시설,근린생할시설,1
27000,관광휴게시설,공원정문,1
04000,제2종근린생활시설,포도밭,1
04000,제2종근린생활시설,연구동,1
19000,위험물저장및처리시설,f,1
04000,제2종근린생활시설,금속탱크및,1
04000,제2종근린생활시설,유사용기,1
Z3000,근린생활시설,유류창고,1
04000,제2종근린생활시설,감말랭이제조장,1
01000,단독주택,가축,1
17000,공장,공동발효퇴비제조장,1
18000,창고시설,화물여객용,1
14000,업무시설,경비실3,1
07000,판매시설,우수펌프실,1
18000,창고시설,시멘트저장고,1
02000,공동주택,재활용분리보관소,1
19000,위험물저장및처리시설,액화가스취급소및판매소,1
03000,제1종근린생활시설,공업사,1
06000,종교시설,교회집회장,1
03000,제1종근린생활시설,산업시설,1
18000,창고시설,농산물간이집하장및,1
01000,단독주택,제1종근시설,1
,,실가공업,1
19000,위험물저장및처리시설,위험물처리장,1
27000,관광휴게시설,자판기코너,1
03000,제1종근린생활시설,옥동노인당,1
01000,단독주택,등기소,1
17000,공장,농산물보관,1
18000,창고시설,인부대기실,1
04000,제2종근린생활시설,위락시설및,1
31000,야영장시설,샤워,1
16000,위락시설,숙박시설및근린생활시설,1
16000,위락시설,위락시설노래연습장,1
30000,자원순환관련시설,사료보관,1
05000,문화및집회시설,홍보관련시설,1
17000,공장,벌크라인,1
18000,창고시설,연삭유,1
27000,관광휴게시설,교육체험시설,1
18000,창고시설,2004,1
04000,제2종근린생활시설,옥외수영장,1
15000,숙박시설,위락시설유흥주점,1
21000,동물및식물관련시설,펌프동,1
19000,위험물저장및처리시설,관련,1
04000,제2종근린생활시설,체육실,1
17000,공장,21m,1
19000,위험물저장및처리시설,항공유출하대,1
03000,제1종근린생활시설,과수저장고,1
17000,공장,부스,1
01000,단독주택,위험물석유판매취급소,1
13000,운동시설,제,1
17000,공장,직원체육시설,1
21000,동물및식물관련시설,계민장,1
16000,위락시설,대여소,1
01000,단독주택,및노유자시설,1
18000,창고시설,단독주택외창고,1
21000,동물및식물관련시설,동물및및식물관련시설,1
04000,제2종근린생활시설,산업용강화프라스틱성형제품제조업,1
21000,동물및식물관련시설,계분처리사,1
01000,단독주택,수녀숙사,1
04000,제2종근린생활시설,1가구임,1
21000,동물및식물관련시설,농기계보관창고및관리사,1
13000,운동시설,10호,1
18000,창고시설,막사,1
04000,제2종근린생활시설,주유소및캐노피,1
21000,동물및식물관련시설,농업생산기반시설,1
01000,단독주택,단독주택작업실,1
20000,자동차관련시설,차,1
17000,공장,일반가구제조업,1
21000,동물및식물관련시설,버섯건조사,1
18000,창고시설,재활용분류창고,1
18000,창고시설,창고감귤저장고,1
04000,제2종근린생활시설,철도사당,1
17000,공장,hf,1
18000,창고시설,창고2호동,1
18000,창고시설,마을공회당,1
01000,단독주택,갑가,1
18000,창고시설,농산물간이직판장,1
18000,창고시설,농기창고,1
21000,동물및식물관련시설,퇴비저장소및부속창고,1
17000,공장,주싸이로동,1
21000,동물및식물관련시설,사료화시설,1
01000,단독주택,다가구주택및종교집회장,1
01000,단독주택,여공식당,1
18000,창고시설,저온창고및소형집하장,1
01000,단독주택,위험물저장및처리시설외,1
18000,창고시설,퇴비공동발효사,1
04000,제2종근린생활시설,오피스텔12호,1
24000,방송통신시설,청주문화방송창천tv중계소,1
01000,단독주택,다목적창고,1
18000,창고시설,공동농업창고,1
21000,동물및식물관련시설,일부말소,1
04000,제2종근린생활시설,봉제,1
02000,공동주택,자전거보관소1,1
01000,단독주택,방아간및주택,1
01000,단독주택,디중주택,1
03000,제1종근린생활시설,지하영업소,1
18000,창고시설,블록조,1
02000,공동주택,패키지실,1
18000,창고시설,저온저장창고및농가창고,1
01000,단독주택,다가구택11가구용,1
21000,동물및식물관련시설,분뇨발효건조장,1
01000,단독주택,세차장및단독주택,1
21000,동물및식물관련시설,식품제조가공,1
18000,창고시설,집하장및농기계수리센타,1
18000,창고시설,조작실,1
21000,동물및식물관련시설,병충해예찰사,1
17000,공장,복지,1
20000,자동차관련시설,정제공장,1
21000,동물및식물관련시설,농기계보관창고1,1
01000,단독주택,샤워실및화장실,1
18000,창고시설,농림수산용,1
09000,의료시설,산소저장,1
21000,동물및식물관련시설,건조실및창고,1
21000,동물및식물관련시설,부속관리사및창고,1
18000,창고시설,하화장,1
01000,단독주택,주택및1용도,1
18000,창고시설,과수원막,1
01000,단독주택,농수산물보관용창고,1
21000,동물및식물관련시설,계분발효사,1
24000,방송통신시설,공공도서관,1
01000,단독주택,화장실1,1
18000,창고시설,생활과학관,1
21000,동물및식물관련시설,농업인축사,1
10000,교육연구시설,국민학교교사,1
18000,창고시설,부속창공,1
03000,제1종근린생활시설,167,1
10000,교육연구시설,간호학교,1
19000,위험물저장및처리시설,unit,1
01000,단독주택,근린생활외1,1
21000,동물및식물관련시설,잠실부속사,1
03000,제1종근린생활시설,농어촌체험장,1
03000,제1종근린생활시설,어민쉼터,1
03000,제1종근린생활시설,계기실,1
03000,제1종근린생활시설,점포및목욕탕,1
03000,제1종근린생활시설,냉정1리경로당,1
03000,제1종근린생활시설,공동주택및제1종근린생활시설,1
03000,제1종근린생활시설,소방실,1
03000,제1종근린생활시설,건어물판매장,1
19000,위험물저장및처리시설,저유탱크9,1
06000,종교시설,외4,1
14000,업무시설,아시아영화학교,1
04000,제2종근린생활시설,암소계류대,1
03000,제1종근린생활시설,양수기,1
03000,제1종근린생활시설,복합커뮤니티센터,1
03000,제1종근린생활시설,영농회관,1
02000,공동주택,기숙사관사,1
Z5000,문화및집회시설,한의원,1
23000,교정및군사시설,차량호1,1
Z8000,교육연구및복지시설,관람대,1
03000,제1종근린생활시설,관광시설,1
02000,공동주택,집단지도실,1
03000,제1종근린생활시설,방가루,1
04000,제2종근린생활시설,일반일쇄업,1
04000,제2종근린생활시설,관리사무소및관리인실,1
02000,공동주택,전기발,1
01000,단독주택,문사,1
27000,관광휴게시설,중부민가본채,1
Z9000,공공용시설,환기실,1
13000,운동시설,캐디기숙사,1
17000,공장,지정용도,1
17000,공장,나,1
03000,제1종근린생활시설,보관시설,1
Z8000,교육연구및복지시설,유희실,1
11000,노유자시설,포함,1
01000,단독주택,농작물저장소,1
03000,제1종근린생활시설,농산물및곤충가공식품판매,1
03000,제1종근린생활시설,보일라,1
18000,창고시설,농기계및곡식보관창고,1
07000,판매시설,쓰레기하치장,1
22000,분뇨.쓰레기처리시설,액비저장고,1
21000,동물및식물관련시설,관린사,1
23000,교정및군사시설,사통대기실,1
04000,제2종근린생활시설,보물665호,1
19000,위험물저장및처리시설,위험무저장및처리시설,1
,,석재가공공장,1
10000,교육연구시설,대학고,1
20000,자동차관련시설,분쇄기실,1
04000,제2종근린생활시설,철구조물제작,1
04000,제2종근린생활시설,금형및관련제품제조,1
07000,판매시설,도매점,1
04000,제2종근린생활시설,사무실및생활시설,1
04000,제2종근린생활시설,요사동,1
17000,공장,sub변전실,1
03000,제1종근린생활시설,주택및근린생활시설및,1
14000,업무시설,도시형생활주택단지형연립주택,1
25000,발전시설,재순환,1
17000,공장,일계긴,1
19000,위험물저장및처리시설,위험물시설및처리시설,1
02000,공동주택,보안실,1
19000,위험물저장및처리시설,제강공장,1
01000,단독주택,죽세품가공작업장,1
19000,위험물저장및처리시설,주유소및케로티,1
06000,종교시설,천도교교당,1
,,사과선과장,1
19000,위험물저장및처리시설,102801,1
01000,단독주택,과실저장창고,1
19000,위험물저장및처리시설,액위험물저장및처리시설,1
19000,위험물저장및처리시설,위험저장시설,1
07000,판매시설,판매및영업시설및제2종근린생활시설,1
,,건초장,1
19000,위험물저장및처리시설,사무실및주유소,1
07000,판매시설,피난계단실,1
11000,노유자시설,고,1
17000,공장,기타목재품,1
07000,판매시설,판매시설및창고시설,1
17000,공장,플라스틱성형제품제조업,1
07000,판매시설,상가및관리실,1
15000,숙박시설,일반숙박시설외,1
20000,자동차관련시설,240,1
02000,공동주택,한옥공원,1
02000,공동주택,보이라변전실,1
17000,공장,스택,1
21000,동물및식물관련시설,먹이저장창고,1
,,4h회관,1
19000,위험물저장및처리시설,위험물저장소3,1
19000,위험물저장및처리시설,최사용가스판매점,1
01000,단독주택,8가구및소매점,1
,,유우사,1
18000,창고시설,이지탱크,1
19000,위험물저장및처리시설,가스집진실,1
,,자재,1
10000,교육연구시설,지킴이동,1
02000,공동주택,예술인창작소,1
13000,운동시설,01,1
19000,위험물저장및처리시설,준위험물옥내저장소,1
19000,위험물저장및처리시설,소방밸브실,1
19000,위험물저장및처리시설,충전소사무소,1
01000,단독주택,기타노유자시설,1
10000,교육연구시설,교육기본시설,1
17000,공장,액자,1
03000,제1종근린생활시설,방앗간및제2종근린생활시설,1
17000,공장,파레트적치장,1
17000,공장,총질소전기분해설비동,1
Z8000,교육연구및복지시설,시험,1
02000,공동주택,구매서설,1
19000,위험물저장및처리시설,위험물저장소6,1
04000,제2종근린생활시설,사랑방,1
17000,공장,위험물용해시설,1
05000,문화및집회시설,하천부대시설,1
,,조동종업원숙소,1
17000,공장,고상요소이송용압축기실,1
19000,위험물저장및처리시설,가압장,1
17000,공장,출축전기실,1
04000,제2종근린생활시설,언어교정,1
03000,제1종근린생활시설,담방부락,1
04000,제2종근린생활시설,위험물저징및처리시설,1
01000,단독주택,헛간및목욕실,1
02000,공동주택,소셜마켓,1
19000,위험물저장및처리시설,도매시장,1
03000,제1종근린생활시설,근생활,1
25000,발전시설,샘플실,1
07000,판매시설,사진관,1
01000,단독주택,사무소및고시원,1
19000,위험물저장및처리시설,깨스저장실,1
17000,공장,발효조미료,1
07000,판매시설,임산물판매시설,1
02000,공동주택,복지편의시설,1
19000,위험물저장및처리시설,본관,1
07000,판매시설,철물관련판매소,1
10000,교육연구시설,232,1
01000,단독주택,통신기계실,1
19000,위험물저장및처리시설,및제1종근린생활시설,1
04000,제2종근린생활시설,별관,1
13000,운동시설,쉼터,1
20000,자동차관련시설,관련시설및2종근린생활시설,1
20000,자동차관련시설,부속사무소,1
22000,분뇨.쓰레기처리시설,우사및우분장,1
22000,분뇨.쓰레기처리시설,유입실,1
17000,공장,장애인복지공장,1
22000,분뇨.쓰레기처리시설,반송오니실,1
03000,제1종근린생활시설,제2종근생할시시설,1
03000,제1종근린생활시설,제1종근린생화리설,1
03000,제1종근린생활시설,현내,1
10000,교육연구시설,시험생상시설,1
03000,제1종근린생활시설,방재홍보관,1
02000,공동주택,단지형다세대주택및업무시설,1
,,상수도물치장,1
08000,운수시설,계중기대,1
,,임가공도정창고,1
17000,공장,tdf칩저장소,1
12000,수련시설,모정,1
07000,판매시설,점포산업용품,1
26000,묘지관련시설,녕릉수복방,1
01000,단독주택,농업생산물시설,1
03000,제1종근린생활시설,주택3층,1
03000,제1종근린생활시설,공동구관리실,1
20000,자동차관련시설,카서비스,1
02000,공동주택,오피스텔54실,1
10000,교육연구시설,투기장,1
Z5000,문화및집회시설,대웅전법당,1
20000,자동차관련시설,부속휴게실,1
22000,분뇨.쓰레기처리시설,정화처리장,1
17000,공장,기능성혼합설탕공장,1
17000,공장,제품시험실,1
,,토지연구농기구사,1
20000,자동차관련시설,농협청사,1
17000,공장,우지용해실,1
03000,제1종근린생활시설,함백,1
22000,분뇨.쓰레기처리시설,화장실및샤워실,1
03000,제1종근린생활시설,보건소사무실,1
10000,교육연구시설,청주대학교,1
20000,자동차관련시설,과적차량검문소,1
04000,제2종근린생활시설,사무소용,1
22000,분뇨.쓰레기처리시설,쓰레기분리수집소,1
21000,동물및식물관련시설,액비저장창고,1
14000,업무시설,전철차량기지,1
21000,동물및식물관련시설,떡방앗간,1
20000,자동차관련시설,과적차량검순소용건축물,1
20000,자동차관련시설,정비공장및매매장,1
26000,묘지관련시설,관리인숙소,1
Z3000,근린생활시설,근린생활시설및다세대주택,1
06000,종교시설,관람실,1
03000,제1종근린생활시설,창고및경노당,1
04000,제2종근린생활시설,농산물가공포장,1
22000,분뇨.쓰레기처리시설,폐기물관련시설,1
21000,동물및식물관련시설,실외수조,1
03000,제1종근린생활시설,다가구단독주댁,1
20000,자동차관련시설,안내실,1
11000,노유자시설,행려인지원시설,1
07000,판매시설,농축산물판매시설,1
10000,교육연구시설,도강,1
10000,교육연구시설,실내연습장,1
22000,분뇨.쓰레기처리시설,펌프배관실,1
22000,분뇨.쓰레기처리시설,사무실및분뇨처리장,1
02000,공동주택,1002동1층피로티,1
02000,공동주택,공예방,1
14000,업무시설,패밀리도서관,1
22000,분뇨.쓰레기처리시설,농가주택및동물관련시설,1
18000,창고시설,기산단위농업협동조합,1
20000,자동차관련시설,강당동,1
06000,종교시설,8가구,1
02000,공동주택,맨즈클럽,1
14000,업무시설,멀티룸,1
14000,업무시설,외6종,1
18000,창고시설,황토방,1
17000,공장,광고물,1
14000,업무시설,생활시설,1
10000,교육연구시설,풍동실험관,1
04000,제2종근린생활시설,부분정비업,1
01000,단독주택,청소시설,1
Z3000,근린생활시설,객실,1
22000,분뇨.쓰레기처리시설,반송슬러지펌프장,1
10000,교육연구시설,부속생활동,1
22000,분뇨.쓰레기처리시설,염소투입동,1
04000,제2종근린생활시설,y시설,1
26000,묘지관련시설,정비창고,1
27000,관광휴게시설,숙소모형,1
02000,공동주택,10개동,1
20000,자동차관련시설,자동차관련시설및제2종근린생활,1
17000,공장,fil창고,1
21000,동물및식물관련시설,창고및돈사,1
21000,동물및식물관련시설,양식시설,1
18000,창고시설,종량제쓰레기봉투,1
22000,분뇨.쓰레기처리시설,증축,1
20000,자동차관련시설,소형작업장,1
20000,자동차관련시설,다세대주텍,1
01000,단독주택,콘도미니엄,1
20000,자동차관련시설,쉼터,1
01000,단독주택,임산물건조장,1
22000,분뇨.쓰레기처리시설,농약빈병수집장,1
14000,업무시설,135호,1
17000,공장,내외편조업,1
21000,동물및식물관련시설,우렁이사육,1
20000,자동차관련시설,카고트럭정비고,1
04000,제2종근린생활시설,제설2종근린생활시,1
22000,분뇨.쓰레기처리시설,오수정화처리시설,1
22000,분뇨.쓰레기처리시설,보일러동,1
22000,분뇨.쓰레기처리시설,발전기실,1
22000,분뇨.쓰레기처리시설,음식물류폐기물투입시설,1
04000,제2종근린생활시설,막걸리,1
20000,자동차관련시설,주차통로및보행통로,1
28000,가설건축물,공사용가설건축물,1
20000,자동차관련시설,광장지하주차장,1
22000,분뇨.쓰레기처리시설,쓰레지보관소,1
22000,분뇨.쓰레기처리시설,여과기동,1
13000,운동시설,정구,1
22000,분뇨.쓰레기처리시설,lpg가스발전시설관리동,1
17000,공장,1902b,1
20000,자동차관련시설,1동,1
04000,제2종근린생활시설,업무시설외1용도,1
22000,분뇨.쓰레기처리시설,목설및폐목처리시설,1
22000,분뇨.쓰레기처리시설,재활용선별,1
14000,업무시설,배수지관리청사,1
17000,공장,운전,1
02000,공동주택,공동주택외3건,1
14000,업무시설,우수저류조,1
02000,공동주택,도시가스정압기실,1
02000,공동주택,통학버스대기실,1
02000,공동주택,공용라운지,1
21000,동물및식물관련시설,동물및식물관련실,1
02000,공동주택,선큰겔러리,1
02000,공동주택,문화예술공방,1
02000,공동주택,키즈열람실,1
18000,창고시설,저온시설,1
Z5000,문화및집회시설,제1종근린생할시설,1
02000,공동주택,정릉기념관,1
10000,교육연구시설,파워프랜트,1
20000,자동차관련시설,혼화제탱크실,1
21000,동물및식물관련시설,다슬기,1
18000,창고시설,산소실,1
17000,공장,부수되는시설,1
04000,제2종근린생활시설,복지시설문화,1
03000,제1종근린생활시설,무릉정,1
04000,제2종근린생활시설,소방관파출소,1
18000,창고시설,저장및,1
01000,단독주택,제2종근린근린생활시설및,1
01000,단독주택,주택및건조사,1
05000,문화및집회시설,예술회관,1
17000,공장,참기름,1
04000,제2종근린생활시설,도시락제조업공장,1
18000,창고시설,반품창고,1
08000,운수시설,기관차욕실,1
17000,공장,연직동b,1
18000,창고시설,공장기숙사,1
17000,공장,사우나,1
17000,공장,골재분류장,1
08000,운수시설,승무원처소,1
04000,제2종근린생활시설,소화수조,1
02000,공동주택,906동1층피로티,1
02000,공동주택,65세대,1
14000,업무시설,제1종근생시설,1
17000,공장,문서보관창고,1
30000,자원순환관련시설,염소접촉조배관실,1
26000,묘지관련시설,변사자부검실,1
14000,업무시설,취급소,1
05000,문화및집회시설,사은정,1
02000,공동주택,오수저류조기계실,1
01000,단독주택,제1종근힌생활시설,1
Z3000,근린생활시설,8가구,1
17000,공장,차량관리소,1
23000,교정및군사시설,시설반창고,1
04000,제2종근린생활시설,합숙,1
03000,제1종근린생활시설,근린생활시설설,1
14000,업무시설,종합유선방송,1
23000,교정및군사시설,토목건축현장,1
04000,제2종근린생활시설,회계학원,1
17000,공장,bio,1
17000,공장,기계실c,1
06000,종교시설,도성당,1
23000,교정및군사시설,현장관리실,1
23000,교정및군사시설,여성편의지원시설,1
01000,단독주택,공중목욕탕,1
01000,단독주택,진입로,1
,,방송실,1
21000,동물및식물관련시설,농가용계사외,1
17000,공장,인삼처리장,1
10000,교육연구시설,벤치차양,1
19000,위험물저장및처리시설,monitoring,1
02000,공동주택,019,1
17000,공장,채소및저장처리업,1
03000,제1종근린생활시설,레카차,1
01000,단독주택,이전,1
26000,묘지관련시설,참배대기실,1
13000,운동시설,실내야구훈련장,1
02000,공동주택,p2지하주차장,1
01000,단독주택,낚시점,1
10000,교육연구시설,본교육연구시설,1
10000,교육연구시설,관리동및강의동,1
03000,제1종근린생활시설,공주군지도소,1
08000,운수시설,광기소건사장,1
10000,교육연구시설,지하연결통로,1
10000,교육연구시설,제1종근린생활및교육연구시설,1
18000,창고시설,농임산물,1
10000,교육연구시설,창의예술동,1
17000,공장,자수및장식품제조업,1
10000,교육연구시설,소방모터실,1
19000,위험물저장및처리시설,hp가스압축기동,1
17000,공장,공장및휴게실및,1
08000,운수시설,판매및종합여객시설,1
10000,교육연구시설,체육교실,1
02000,공동주택,프실,1
22000,분뇨.쓰레기처리시설,쓰레기압축적환,1
10000,교육연구시설,가정관리교육관,1
08000,운수시설,노인정,1
06000,종교시설,종교시설9제실,1
19000,위험물저장및처리시설,처리시실,1
22000,분뇨.쓰레기처리시설,통합운영실동,1
02000,공동주택,중수도관리층,1
10000,교육연구시설,목공예체험장,1
17000,공장,사원휴계실,1
03000,제1종근린생활시설,양수펌프장,1
02000,공동주택,소성로,1
20000,자동차관련시설,대기환경시설실,1
20000,자동차관련시설,주차고,1
09000,의료시설,부검실,1
19000,위험물저장및처리시설,압축실,1
27000,관광휴게시설,우물각,1
,,사찰부속,1
18000,창고시설,사무실및기숙사,1
10000,교육연구시설,당산초등학교,1
Z3000,근린생활시설,탈의장,1
06000,종교시설,강원,1
04000,제2종근린생활시설,17가구,1
10000,교육연구시설,생활용품저장소,1
10000,교육연구시설,문산종고교감관사,1
03000,제1종근린생활시설,판매시설및근린생활시설및의료시설및교육연구시설,1
10000,교육연구시설,도서관본관,1
17000,공장,시멘트제품제조,1
10000,교육연구시설,콘프레샤실,1
15000,숙박시설,108,1
03000,제1종근린생활시설,사무,1
01000,단독주택,다가구주택다가구주택,1
08000,운수시설,예미소화물보관고,1
02000,공동주택,직원관사,1
04000,제2종근린생활시설,마른김,1
08000,운수시설,항망시설,1
01000,단독주택,연탄장,1
10000,교육연구시설,교무회의실,1
12000,수련시설,구내식당,1
10000,교육연구시설,정각,1
21000,동물및식물관련시설,밤저장창고,1
10000,교육연구시설,빙고,1
09000,의료시설,면회실,1
09000,의료시설,지하1층부설주차장,1
12000,수련시설,공동화장실,1
01000,단독주택,제제공장,1
18000,창고시설,저온냉동,1
10000,교육연구시설,제2종근린생활시설외2,1
02000,공동주택,문화예술공간,1
02000,공동주택,체육시설공간,1
03000,제1종근린생활시설,2종근린샐활시설,1
18000,창고시설,농산물제조시설,1
17000,공장,08,1
20000,자동차관련시설,중고자동차매매장,1
08000,운수시설,각계역,1
08000,운수시설,대전역사,1
10000,교육연구시설,장애인용엘리베이터,1
13000,운동시설,15호식당,1
10000,교육연구시설,대학교교육연구시설,1
10000,교육연구시설,경비실초소,1
18000,창고시설,부속용,1
10000,교육연구시설,종합체육관,1
01000,단독주택,제조가공,1
03000,제1종근린생활시설,양수도,1
13000,운동시설,관제센타,1
03000,제1종근린생활시설,탁구장의원,1
02000,공동주택,주민강당,1
08000,운수시설,역사시설,1
10000,교육연구시설,지하저수조계단실,1
09000,의료시설,응급실,1
05000,문화및집회시설,이위정,1
10000,교육연구시설,축구부실,1
05000,문화및집회시설,여성회관,1
08000,운수시설,차륜검사고,1
04000,제2종근린생활시설,제1종창고시설,1
20000,자동차관련시설,세차장화장실,1
03000,제1종근린생활시설,대피소및경로당,1
27000,관광휴게시설,샤워장및화장실,1
10000,교육연구시설,소성실,1
09000,의료시설,외과의원,1
04000,제2종근린생활시설,배전반및자동제어반,1
10000,교육연구시설,인라인경기장,1
10000,교육연구시설,교육연구서설,1
Z3000,근린생활시설,옷보관소,1
10000,교육연구시설,식물재배연구소,1
02000,공동주택,피트니스센터등,1
17000,공장,안전센타,1
17000,공장,엔진미션,1
08000,운수시설,등대시설,1
10000,교육연구시설,적응장,1
10000,교육연구시설,교육연수시설,1
10000,교육연구시설,무대,1
10000,교육연구시설,학교숙직실,1
03000,제1종근린생활시설,관련제품,1
08000,운수시설,기사대기실,1
10000,교육연구시설,니트시제품연구소,1
06000,종교시설,다가구단독주택,1
19000,위험물저장및처리시설,저유탱크10,1
02000,공동주택,12호실,1
10000,교육연구시설,주택및유치원,1
03000,제1종근린생활시설,문서창고,1
08000,운수시설,전의역사,1
19000,위험물저장및처리시설,타이어수리소,1
10000,교육연구시설,동복지회관,1
17000,공장,선박관련,1
18000,창고시설,제각,1
10000,교육연구시설,경비실동,1
04000,제2종근린생활시설,필수시설,1
07000,판매시설,상가시장,1
10000,교육연구시설,축산물위생시설,1
17000,공장,목형창고,1
04000,제2종근린생활시설,11실,1
10000,교육연구시설,안전체험관,1
18000,창고시설,출고사무실,1
04000,제2종근린생활시설,무선국,1
11000,노유자시설,용도외에는,1
01000,단독주택,5가용,1
Z3000,근린생활시설,평창파출소,1
06000,종교시설,동물및,1
03000,제1종근린생활시설,분구시설,1
02000,공동주택,복지관4,1
17000,공장,spray,1
17000,공장,모터숍,1
18000,창고시설,하수도처리장,1
04000,제2종근린생활시설,선교원,1
14000,업무시설,보안감독실,1
13000,운동시설,선수전용숙소,1
01000,단독주택,住,1
02000,공동주택,연립14세대,1
14000,업무시설,잡옥실,1
17000,공장,제조창고,1
16000,위락시설,근린생활및위락,1
19000,위험물저장및처리시설,위험물취급소3k,1
17000,공장,ro동,1
02000,공동주택,20동경비실,1
14000,업무시설,세차부스,1
10000,교육연구시설,음수대1,1
27000,관광휴게시설,공워내,1
01000,단독주택,관리실및창고,1
17000,공장,양념갈비제조업,1
01000,단독주택,석유류,1
14000,업무시설,마천시장공중화장실,1
14000,업무시설,본부석,1
02000,공동주택,단층노인정,1
03000,제1종근린생활시설,예냉실,1
14000,업무시설,보존실,1
20000,자동차관련시설,사무실및직원숙소,1
13000,운동시설,공조실,1
22000,분뇨.쓰레기처리시설,수집운반,1
17000,공장,수산물저장창고,1
23000,교정및군사시설,방공포내무반,1
01000,단독주택,에누에공동잠실,1
03000,제1종근린생활시설,흥촌회관,1
26000,묘지관련시설,문각,1
03000,제1종근린생활시설,골재판매장,1
02000,공동주택,93,1
13000,운동시설,그늘집6,1
11000,노유자시설,1세대,1
13000,운동시설,그늘집9,1
01000,단독주택,근리냉활시설,1
18000,창고시설,현재,1
05000,문화및집회시설,상가,1
10000,교육연구시설,영어마을,1
23000,교정및군사시설,군방군사시설,1
17000,공장,근린생활및,1
17000,공장,금속장치물제조업,1
06000,종교시설,어린이놀이방,1
04000,제2종근린생활시설,유류저장소,1
01000,단독주택,퇴빗,1
17000,공장,gb203압축기실,1
23000,교정및군사시설,락카룸,1
Z8000,교육연구및복지시설,과학실,1
04000,제2종근린생활시설,종회소,1
01000,단독주택,다중주택6구획,1
03000,제1종근린생활시설,일종근린생활시설,1
08000,운수시설,소방펌프,1
17000,공장,apt형공장,1
01000,단독주택,투영,1
17000,공장,승용조립공장,1
21000,동물및식물관련시설,모아검사실,1
04000,제2종근린생활시설,주택외1용도,1
06000,종교시설,교회목사관,1
04000,제2종근린생활시설,부속냉동창고,1
04000,제2종근린생활시설,제2종근린생활시설및부속사,1
02000,공동주택,가정보육시설,1
21000,동물및식물관련시설,퇴비사및저장조,1
04000,제2종근린생활시설,위락시설외1용도,1
18000,창고시설,축사및건조장,1
04000,제2종근린생활시설,일반음식저,1
04000,제2종근린생활시설,유가공제조업소,1
04000,제2종근린생활시설,배수지사택,1
06000,종교시설,교회당관사제관,1
24000,방송통신시설,측간,1
06000,종교시설,로사,1
22000,분뇨.쓰레기처리시설,폐기물재활용작업장,1
Z3000,근린생활시설,제과점,1
04000,제2종근린생활시설,세차장및소매점,1
14000,업무시설,기계조작실,1
04000,제2종근린생활시설,체험학습장및소매점,1
04000,제2종근린생활시설,건축용목재룸제조업및소매점,1
04000,제2종근린생활시설,동회관,1
04000,제2종근린생활시설,문중제각,1
23000,교정및군사시설,정수시설,1
Z9000,공공용시설,폐수처리장,1
17000,공장,vent,1
04000,제2종근린생활시설,단독주택및제2종근린생화시설,1
04000,제2종근린생활시설,일반음제2종근린생활시설식점,1
04000,제2종근린생활시설,잡목,1
04000,제2종근린생활시설,사입실,1
21000,동물및식물관련시설,제조시설,1
04000,제2종근린생활시설,체2종근린생활시설,1
26000,묘지관련시설,숙소,1
04000,제2종근린생활시설,집선장치,1
21000,동물및식물관련시설,개량곡간,1
04000,제2종근린생활시설,사장,1
05000,문화및집회시설,사당앞,1
04000,제2종근린생활시설,건축장식금속공작물제조업,1
06000,종교시설,나한각,1
03000,제1종근린생활시설,건구제조,1
01000,단독주택,보일러실및목욕탕,1
14000,업무시설,143,1
18000,창고시설,수산물처리시설,1
01000,단독주택,근리생할시설,1
03000,제1종근린생활시설,재봉,1
01000,단독주택,단독주택용7가구,1
04000,제2종근린생활시설,은진송씨제실,1
17000,공장,댐블록펌프실,1
13000,운동시설,선수복지시설,1
04000,제2종근린생활시설,감시제어반,1
02000,공동주택,남측출입구,1
04000,제2종근린생활시설,구내식당및화장실,1
20000,자동차관련시설,재생용금속가공원료생산장,1
06000,종교시설,저온창고,1
04000,제2종근린생활시설,일반음식점외1건,1
04000,제2종근린생활시설,농산물제조시설및,1
04000,제2종근린생활시설,영어학원,1
04000,제2종근린생활시설,배추절임,1
06000,종교시설,심신당,1
04000,제2종근린생활시설,교육연구및복지시설외2용도,1
04000,제2종근린생활시설,도잗기제조소,1
04000,제2종근린생활시설,해태공장,1
04000,제2종근린생활시설,예금취급소,1
02000,공동주택,16동경비실,1
06000,종교시설,고옥,1
04000,제2종근린생활시설,삼강문,1
,,생산시설,1
18000,창고시설,성당,1
15000,숙박시설,공구창고,1
04000,제2종근린생활시설,해태세척장,1
03000,제1종근린생활시설,종업원복지회관,1
Z9000,공공용시설,계단실,1
21000,동물및식물관련시설,양성화돈사및,1
04000,제2종근린생활시설,제2종근린생활시설및동식물관련시설,1
05000,문화및집회시설,주택및당구장,1
06000,종교시설,경무당,1
01000,단독주택,근린생활시설제1,1
01000,단독주택,대,1
22000,분뇨.쓰레기처리시설,추사,1
04000,제2종근린생활시설,동물미용실및동물위탁관리실,1
04000,제2종근린생활시설,검시실,1
04000,제2종근린생활시설,콤프레셔실,1
27000,관광휴게시설,환승역,1
03000,제1종근린생활시설,시청사,1
04000,제2종근린생활시설,시멘트싸이로,1
17000,공장,바켓수리장,1
04000,제2종근린생활시설,사무실겸주택,1
06000,종교시설,모정,1
04000,제2종근린생활시설,농산물유통사무소,1
04000,제2종근린생활시설,죽세품제조작업장,1
04000,제2종근린생활시설,빙옥정,1
19000,위험물저장및처리시설,1110위험물저장및처리시설1,1
17000,공장,유휴설비창고,1
02000,공동주택,식당및,1
02000,공동주택,제조,1
06000,종교시설,배산정,1
17000,공장,묵공장,1
04000,제2종근린생활시설,야외종교집회장,1
06000,종교시설,사명당,1
04000,제2종근린생활시설,연지원,1
,,소,1
17000,공장,연사제조및,1
15000,숙박시설,차양시설,1
03000,제1종근린생활시설,잠수,1
17000,공장,공장에서생산되는,1
04000,제2종근린생활시설,물품저장실,1
20000,자동차관련시설,공작실,1
03000,제1종근린생활시설,신양농협,1
02000,공동주택,증권사,1
06000,종교시설,신방,1
04000,제2종근린생활시설,남리분소,1
04000,제2종근린생활시설,2종근린생활시살,1
04000,제2종근린생활시설,차고및사무실,1
04000,제2종근린생활시설,녹차제조업소및창고,1
20000,자동차관련시설,세척고,1
04000,제2종근린생활시설,가스저장소,1
04000,제2종근린생활시설,공장외1,1
04000,제2종근린생활시설,곡유리제조업,1
04000,제2종근린생활시설,간판제조업,1
04000,제2종근린생활시설,조선소자재보관창고,1
04000,제2종근린생활시설,집배실,1
04000,제2종근린생활시설,연립점포,1
09000,의료시설,경비초소,1
03000,제1종근린생활시설,오피시텔,1
14000,업무시설,19가구,1
03000,제1종근린생활시설,봉화법원,1
06000,종교시설,순천김씨시목종중제각,1
18000,창고시설,용주딸기작목반관리사,1
06000,종교시설,충효각,1
18000,창고시설,원사창고,1
04000,제2종근린생활시설,학원용강습소,1
04000,제2종근린생활시설,점포및음식점및유기장,1
17000,공장,공장사무,1
04000,제2종근린생활시설,부픔창고,1
04000,제2종근린생활시설,2종그린,1
04000,제2종근린생활시설,42실,1
06000,종교시설,소실문,1
06000,종교시설,효행전,1
04000,제2종근린생활시설,디딜방앗간,1
31000,야영장시설,주차장,1
17000,공장,황산mcc,1
14000,업무시설,co2실,1
04000,제2종근린생활시설,양잠산물제조업소,1
04000,제2종근린생활시설,두부제조작업장,1
17000,공장,미장원,1
04000,제2종근린생활시설,국립공원관리공단변산반도격포관리사무소,1
04000,제2종근린생활시설,해조류발제조업소,1
06000,종교시설,학생회숙소관리,1
03000,제1종근린생활시설,은림회관,1
17000,공장,c2806a,1
04000,제2종근린생활시설,창고시설및제2종근생,1
Z3000,근린생활시설,교회교육관,1
04000,제2종근린생활시설,제빙실,1
04000,제2종근린생활시설,제21종근생활시설,1
04000,제2종근린생활시설,20호실,1
14000,업무시설,156실,1
06000,종교시설,천주교집회장,1
04000,제2종근린생활시설,자전차포,1
04000,제2종근린생활시설,맛김제조장,1
05000,문화및집회시설,중대본부사무실,1
06000,종교시설,제2종근린생활,1
18000,창고시설,공동작업소,1
04000,제2종근린생활시설,간이조선소,1
03000,제1종근린생활시설,소매점및종교집회장,1
04000,제2종근린생활시설,사과즙가공시설,1
04000,제2종근린생활시설,종무실,1
17000,공장,pc제품창고,1
04000,제2종근린생활시설,업무용사무실,1
06000,종교시설,주택창고,1
17000,공장,목용,1
04000,제2종근린생활시설,체련단련장,1
04000,제2종근린생활시설,1종근린생활시설및다가구주택,1
04000,제2종근린생활시설,삼종대성전,1
17000,공장,분석기실8,1
19000,위험물저장및처리시설,석유1200l,1
04000,제2종근린생활시설,제2종근린생활시설및사무실및주택,1
06000,종교시설,밀양박씨제실,1
02000,공동주택,모자숙사,1
21000,동물및식물관련시설,자가사료처리실,1
04000,제2종근린생활시설,교육연구및단독주택,1
04000,제2종근린생활시설,근생활시설및주택,1
02000,공동주택,461,1
02000,공동주택,계단3,1
Z5000,문화및집회시설,성당및식당,1
02000,공동주택,지하창고대피소,1
17000,공장,부수되는,1
03000,제1종근린생활시설,제1근린생활시설외,1
17000,공장,촉매하역실,1
06000,종교시설,대지전,1
17000,공장,3쿨라,1
02000,공동주택,및다세대,1
Z5000,문화및집회시설,관림집회시설,1
18000,창고시설,농수산물처리장,1
17000,공장,p공장,1
13000,운동시설,탁구훈련장,1
13000,운동시설,식수대,1
04000,제2종근린생활시설,영업용및제1,1
03000,제1종근린생활시설,주1,1
Z8000,교육연구및복지시설,구상대교사,1
03000,제1종근린생활시설,사무실겸,1
05000,문화및집회시설,위패실,1
18000,창고시설,간이상수도,1
11000,노유자시설,목욕실,1
Z5000,문화및집회시설,교회수양관,1
14000,업무시설,농기계세척장,1
23000,교정및군사시설,전기실동,1
25000,발전시설,환경설비전기동,1
15000,숙박시설,일반관광호텔,1
Z8000,교육연구및복지시설,제1종및제2종근린생활시설,1
17000,공장,사택및사무실,1
21000,동물및식물관련시설,교반시설,1
04000,제2종근린생활시설,4층은,1
04000,제2종근린생활시설,화원,1
17000,공장,알콜희석실,1
16000,위락시설,미용실,1
03000,제1종근린생활시설,펨프실,1
14000,업무시설,182실,1
17000,공장,제빙,1
17000,공장,결정부속동,1
13000,운동시설,인공실내암벽장,1
02000,공동주택,자동차근린생활시설,1
02000,공동주택,주차장6,1
02000,공동주택,어린이공부방,1
04000,제2종근린생활시설,일반유흥주점,1
17000,공장,상수처리장,1
18000,창고시설,건축자재소매점,1
Z3000,근린생활시설,수산물가공시설,1
04000,제2종근린생활시설,즉석식품제조가공업,1
18000,창고시설,위험물저정,1
20000,자동차관련시설,소형,1
01000,단독주택,주거환경대상건축물임,1
13000,운동시설,실외유수풀장,1
17000,공장,더스트,1
02000,공동주택,마을,1
21000,동물및식물관련시설,역육우사,1
20000,자동차관련시설,제1작업장,1
13000,운동시설,탈의,1
14000,업무시설,씨동,1
04000,제2종근린생활시설,제2종근린생활시설가목,1
01000,단독주택,다용실,1
17000,공장,순수전탱크,1
17000,공장,췹사이로,1
18000,창고시설,곡물저장저온창고,1
02000,공동주택,사회교육실,1
02000,공동주택,관리실및입주자회의실,1
11000,노유자시설,노인자시설,1
04000,제2종근린생활시설,창고및주출입문,1
14000,업무시설,사무소및주택,1
20000,자동차관련시설,손세차,1
03000,제1종근린생활시설,마을공회관,1
18000,창고시설,농수산,1
02000,공동주택,154대,1
14000,업무시설,농촌지소사무실,1
21000,동물및식물관련시설,발아동,1
07000,판매시설,문화센터,1
14000,업무시설,근린생활시설외2,1
18000,창고시설,본고,1
17000,공장,h45,1
04000,제2종근린생활시설,복합시설,1
05000,문화및집회시설,승의재,1
01000,단독주택,15세대다가구,1
27000,관광휴게시설,미천휴식시설,1
17000,공장,목조건구제조,1
03000,제1종근린생활시설,주택및지하실,1
22000,분뇨.쓰레기처리시설,세탁장,1
17000,공장,차량시험동가스충전소,1
21000,동물및식물관련시설,작물작업장,1
18000,창고시설,제1부두정문롤게이트,1
21000,동물및식물관련시설,농어가생산시설,1
15000,숙박시설,휴양림산림문화휴양관,1
02000,공동주택,평생학습관,1
14000,업무시설,쓰레기집적장,1
14000,업무시설,196호,1
14000,업무시설,환경홍보관,1
18000,창고시설,양념채소,1
10000,교육연구시설,학생,1
01003,다가구주택,6가구,1
,,예식장,1
17000,공장,보기실,1
06000,종교시설,남암사본체,1
03000,제1종근린생활시설,수유5동사무소,1
14000,업무시설,사무실및연쇄점,1
13000,운동시설,관리용부대시설,1
03000,제1종근린생활시설,아동지역센터,1
17000,공장,미곡처리가공공장,1
04000,제2종근린생활시설,임산물전시장,1
17000,공장,동력250마력미만,1
01000,단독주택,자재소매점,1
17000,공장,사토처리장,1
05000,문화및집회시설,변전실,1
14000,업무시설,공공하수처리시설,1
18000,창고시설,장의사사무실,1
14000,업무시설,우수관리실,1
21000,동물및식물관련시설,농가용축산시설,1
17000,공장,가죽대용제조업,1
17000,공장,uc정수시설동,1
17000,공장,사염색가공업,1
02000,공동주택,122세대,1
17000,공장,재배사,1
27000,관광휴게시설,매표소및관리소,1
02000,공동주택,방과후돌봄교실1,1
14000,업무시설,해안초소,1
10000,교육연구시설,제2생활관,1
21000,동물및식물관련시설,독우,1
04000,제2종근린생활시설,주택및제1종,1
18000,창고시설,영업장,1
06000,종교시설,종교자선,1
14000,업무시설,중고자동차,1
27000,관광휴게시설,야외체험장,1
04000,제2종근린생활시설,당구장및주택,1
09000,의료시설,경리병사,1
17000,공장,직물가공공장,1
08000,운수시설,아천역사,1
04000,제2종근린생활시설,필터제조,1
Z3000,근린생활시설,다가구용주택,1
20000,자동차관련시설,사무실점포,1
10000,교육연구시설,사택3,1
18000,창고시설,우산각,1
17000,공장,co가스검지기실,1
04000,제2종근린생활시설,골판지상자제조장,1
21000,동물및식물관련시설,돈분순환정화처리시설,1
17000,공장,4냉연,1
25000,발전시설,쉘터2,1
07000,판매시설,우시장,1
,,제조시설,1
10000,교육연구시설,합숙실,1
04000,제2종근린생활시설,치과병원,1
08000,운수시설,역무시설,1
02000,공동주택,노인정휴게실,1
09000,의료시설,기념관,1
17000,공장,전동차량기지,1
20000,자동차관련시설,근린관련시설,1
01000,단독주택,보조건물,1
04000,제2종근린생활시설,중개업소,1
09000,의료시설,기타,1
01000,단독주택,원동기실,1
05000,문화및집회시설,중국체험장,1
25000,발전시설,태양광기계실,1
17000,공장,재료분리수거장,1
04000,제2종근린생활시설,수용실,1
03000,제1종근린생활시설,가공체험실,1
01000,단독주택,점포및제조장,1
02000,공동주택,미니짐,1
10000,교육연구시설,미술작업실,1
03000,제1종근린생활시설,다세대주택3세대,1
12000,수련시설,교육및복지시설,1
14000,업무시설,월룸형,1
25000,발전시설,쉘터1,1
17000,공장,폐수처리hooper실,1
10000,교육연구시설,교사및,1
19000,위험물저장및처리시설,대공초소,1
17000,공장,수처리약품보관창고,1
04000,제2종근린생활시설,주택및근린시설,1
02000,공동주택,일반도시형생활주택,1
03000,제1종근린생활시설,근린생활시설a,1
02000,공동주택,기타집회장,1
02000,공동주택,가스보관소,1
10000,교육연구시설,교육기관,1
JY,,대학본부,1
08000,운수시설,고속철도역사,1
10000,교육연구시설,위험물저장시설,1
01000,단독주택,다가구용단독주택및제1종,1
12000,수련시설,농촌체험관,1
09000,의료시설,보건연구소,1
17000,공장,연사제조및기타방직업,1
10000,교육연구시설,가스저압실,1
09000,의료시설,행여병인구호소,1
10000,교육연구시설,운동시설체력단련장,1
10000,교육연구시설,서울농대,1
10000,교육연구시설,노유자시설및근린생활시설,1
10000,교육연구시설,생활관5호관,1
17000,공장,펌프조작실,1
04000,제2종근린생활시설,2륜차판매및수리점,1
17000,공장,곡집,1
08000,운수시설,교사,1
16000,위락시설,투전기업소,1
09000,의료시설,여인숙,1
10000,교육연구시설,협동관,1
08000,운수시설,주차,1
24000,방송통신시설,물탱크,1
17000,공장,analzer,1
10000,교육연구시설,교실및사무실,1
17000,공장,1단계b,1
10000,교육연구시설,다정,1
10000,교육연구시설,도예가마,1
10000,교육연구시설,식당및농기구사,1
12000,수련시설,캐노피,1
02000,공동주택,셔틀승강기,1
01000,단독주택,잠식,1
02000,공동주택,면적제외,1
19000,위험물저장및처리시설,연구동,1
17000,공장,공해감시시설,1
01000,단독주택,제과공장,1
03000,제1종근린생활시설,스페니쉬기와,1
19000,위험물저장및처리시설,종업원식당,1
Z3000,근린생활시설,치과의원,1
02000,공동주택,주민공동시설109동,1
14000,업무시설,c동,1
21000,동물및식물관련시설,브럭공장,1
26000,묘지관련시설,가족납골당,1
03000,제1종근린생활시설,배차플랜트,1
04000,제2종근린생활시설,노래방및주택,1
05000,문화및집회시설,도시공원시설,1
23000,교정및군사시설,복지관,1
20000,자동차관련시설,자동차용품판매소,1
06000,종교시설,천왕문,1
04000,제2종근린생활시설,일용품소매,1
10000,교육연구시설,배양실,1
Z3000,근린생활시설,슈퍼,1
03000,제1종근린생활시설,과적차량,1
19000,위험물저장및처리시설,recycle,1
02000,공동주택,자원순환관련시설,1
03000,제1종근린생활시설,휴게및전시실,1
04000,제2종근린생활시설,수산물포장,1
01000,단독주택,배,1
04000,제2종근린생활시설,냉장고동,1
02000,공동주택,30m2,1
14000,업무시설,방송국,1
13000,운동시설,주유대,1
13000,운동시설,안내실,1
02000,공동주택,도시형생활주택단지형다세대7세대,1
02000,공동주택,96새대,1
26000,묘지관련시설,준경묘목조대왕비각,1
01000,단독주택,사업대상,1
18000,창고시설,어민휴게실,1
10000,교육연구시설,설비실,1
04000,제2종근린생활시설,축산물가공처리시설,1
04000,제2종근린생활시설,서실,1
04000,제2종근린생활시설,물리계,1
23000,교정및군사시설,오수처리장,1
03000,제1종근린생활시설,검수구실b동,1
02000,공동주택,남여노인정,1
17000,공장,프라스틱제조업,1
26000,묘지관련시설,영헌봉안소,1
23000,교정및군사시설,작전차량반,1
,,9가구,1
21000,동물및식물관련시설,일용품,1
03000,제1종근린생활시설,경찰청,1
04000,제2종근린생활시설,산림관리사,1
22000,분뇨.쓰레기처리시설,충전소,1
04000,제2종근린생활시설,봉양제,1
17000,공장,포장용상자제조업,1
10000,교육연구시설,직원식당,1
17000,공장,벌크사일로,1
06000,종교시설,천리교회,1
17000,공장,작업장및기숙사,1
17000,공장,정비및자재창고,1
17000,공장,순수제조소,1
17000,공장,부출입관리실,1
04000,제2종근린생활시설,제조장사무실,1
04000,제2종근린생활시설,벌꿀,1
17000,공장,적치장1동,1
17000,공장,페인트조합실,1
17000,공장,퇴비저장고,1
04000,제2종근린생활시설,관광학원,1
17000,공장,오일창고,1
01000,단독주택,및제1종,1
17000,공장,화학약품주입실,1
17000,공장,냄새방지시설,1
01000,단독주택,보이러실및창고,1
17000,공장,자동교환장치기계실,1
04000,제2종근린생활시설,단독주책외,1
21000,동물및식물관련시설,계분처리장및창고,1
21000,동물및식물관련시설,포자배양시설,1
01000,단독주택,다구주택9가구,1
16000,위락시설,유흥음식점및주택,1
Z8000,교육연구및복지시설,식품연구소,1
10000,교육연구시설,4동,1
01000,단독주택,유류판매차고지,1
01000,단독주택,의료용기구,1
17000,공장,통신시설,1
01000,단독주택,단독주택제1,1
04000,제2종근린생활시설,조립장,1
04000,제2종근린생활시설,이천정수장,1
17000,공장,의료기기실,1
14000,업무시설,및다가구주택,1
21000,동물및식물관련시설,축사및톱밥퇴비우사,1
17000,공장,해사관계사무소,1
04000,제2종근린생활시설,555,1
17000,공장,화공약품저장실,1
30000,자원순환관련시설,제품포장실,1
01000,단독주택,단독주택및농수산물보관창고,1
31000,야영장시설,화장실및,1
04000,제2종근린생활시설,흑염소가공소,1
02000,공동주택,노인일자리창출공간,1
18000,창고시설,물수건세탁소,1
02000,공동주택,편의점,1
02000,공동주택,주민회의실1,1
02000,공동주택,지하주차장8,1
04000,제2종근린생활시설,고시원24실,1
02000,공동주택,관리인휴게실,1
02000,공동주택,제2종근린생활시설및아파트,1
01000,단독주택,다락층,1
03000,제1종근린생활시설,헛간및,1
01000,단독주택,및동물관련시설,1
02000,공동주택,공동육아나눔,1
02000,공동주택,부기계실,1
21000,동물및식물관련시설,외1용도,1
02000,공동주택,실내탁구장,1
17000,공장,쌀보관창고,1
01000,단독주택,물품소매점,1
02000,공동주택,키즈카페2,1
13000,운동시설,low,1
10000,교육연구시설,생활과학연수원,1
,,여과실,1
04000,제2종근린생활시설,원단편조업,1
01000,단독주택,유물관,1
17000,공장,coolant실,1
04000,제2종근린생활시설,위첨물저장및,1
17000,공장,안전실,1
02000,공동주택,맘스테이션1,1
02000,공동주택,지역방범센터,1
01000,단독주택,일용품집,1
Z8000,교육연구및복지시설,육아원,1
04000,제2종근린생활시설,공공업무,1
04000,제2종근린생활시설,자동차수리,1
03000,제1종근린생활시설,호흡기클리닉,1
04000,제2종근린생활시설,수리공장,1
17000,공장,에스플랜트중합실벌크,1
17000,공장,잉크실,1
13000,운동시설,풋살,1
04000,제2종근린생활시설,응진전,1
30000,자원순환관련시설,재활용품분리보관소,1
04000,제2종근린생활시설,의사당,1
20000,자동차관련시설,공연장,1
02000,공동주택,공무원아파트,1
04000,제2종근린생활시설,충효관,1
17000,공장,건설폐기물창고,1
14000,업무시설,복합건축물,1
30000,자원순환관련시설,보관동,1
21000,동물및식물관련시설,분뇨배출기계실,1
13000,운동시설,6호급수장,1
02000,공동주택,공용화장실1,1
02000,공동주택,미화원쉼터,1
02000,공동주택,경비원휴게실등,1
20000,자동차관련시설,647,1
02000,공동주택,소방계단실,1
02000,공동주택,가스집합실,1
02000,공동주택,인터넷컴퓨터게임시설제공업소,1
24000,방송통신시설,증설,1
02000,공동주택,남산아파트,1
14000,업무시설,58호,1
02000,공동주택,구매생활시설동,1
04000,제2종근린생활시설,교육관및식당,1
02000,공동주택,계절창고6,1
30000,자원순환관련시설,재활용품보관소,1
17000,공장,편직공장,1
15000,숙박시설,바닥면적산정,1
25000,발전시설,보조보일러동,1
Z6000,판매및영업시설,극장,1
21000,동물및식물관련시설,건조및발효시설,1
02000,공동주택,썬큰캐노피,1
17000,공장,부속용도사무소,1
03000,제1종근린생활시설,k텔레콤무인통신국사,1
,,금속판제조,1
04000,제2종근린생활시설,편조업,1
20000,자동차관련시설,자동차수리점외,1
11000,노유자시설,유아원회의실,1
06000,종교시설,미륵블,1
04000,제2종근린생활시설,김치제조업소,1
02000,공동주택,직원기숙사,1
04000,제2종근린생활시설,세차기,1
04000,제2종근린생활시설,주차장관련시설,1
02000,공동주택,생활검진실,1
17000,공장,8201,1
17000,공장,공원,1
30000,자원순환관련시설,폐토건조장,1
02000,공동주택,주거용아파트,1
02000,공동주택,주차및기계실,1
04000,제2종근린생활시설,음식접,1
01000,단독주택,면적확인요망,1
02000,공동주택,기계실및발전기실,1
19000,위험물저장및처리시설,뇌관창고,1
04000,제2종근린생활시설,동춘당,1
18000,창고시설,어촌회관,1
17000,공장,트럭하역장,1
02000,공동주택,나눔교육센터,1
02000,공동주택,공공용시설,1
10000,교육연구시설,제1종2종근린생활시설,1
17000,공장,표준설계,1
17000,공장,가정용전열기구,1
18000,창고시설,그린시설,1
18000,창고시설,축산폐수처리장,1
02000,공동주택,근린생활시설주택,1
30000,자원순환관련시설,소독조,1
18000,창고시설,왕겨창고,1
01000,단독주택,근린생활시및및,1
21000,동물및식물관련시설,퇴비사1동,1
19000,위험물저장및처리시설,저압가스창고,1
21000,동물및식물관련시설,직물재배사,1
21000,동물및식물관련시설,양수장옥,1
01000,단독주택,상수도수원지관리사,1
01000,단독주택,주출입통로,1
01000,단독주택,방역사무실,1
18000,창고시설,단감저장창고,1
21000,동물및식물관련시설,임산물관리사,1
01000,단독주택,근린생활외2용도,1
18000,창고시설,단독주텍,1
18000,창고시설,탱크보관소,1
18000,창고시설,작업원대기소,1
01000,단독주택,회의소,1
20000,자동차관련시설,3급정비업소,1
22000,분뇨.쓰레기처리시설,침출수처리,1
04000,제2종근린생활시설,배추절임장,1
22000,분뇨.쓰레기처리시설,총인관리동,1
04000,제2종근린생활시설,세탁실,1
22000,분뇨.쓰레기처리시설,폐기물소각로보호집,1
10000,교육연구시설,수세식,1
21000,동물및식물관련시설,71,1
11000,노유자시설,도화3동분회경로당,1
17000,공장,식료품임가공업시설,1
20000,자동차관련시설,중기정비고,1
30000,자원순환관련시설,기계동,1
01000,단독주택,농산물시설,1
21000,동물및식물관련시설,부속창고3,1
21000,동물및식물관련시설,동물관련시설및부속시설,1
20000,자동차관련시설,묘지관련시설,1
03000,제1종근린생활시설,생태학습장,1
04000,제2종근린생활시설,가사리제조업,1
13000,운동시설,4가구,1
04000,제2종근린생활시설,자동차관리사무소,1
Z3000,근린생활시설,마을공동회관,1
21000,동물및식물관련시설,육계계사,1
,,주택및교육관,1
01000,단독주택,24실,1
17000,공장,통제실10,1
19000,위험물저장및처리시설,공정실,1
22000,분뇨.쓰레기처리시설,전기실동,1
03000,제1종근린생활시설,환경미화원전용시설,1
15000,숙박시설,위락및보일러실,1
10000,교육연구시설,농림산업,1
10000,교육연구시설,시험연구시설,1
21000,동물및식물관련시설,조류사육,1
11000,노유자시설,예비군실,1
18000,창고시설,농기계실,1
18000,창고시설,벌크하역실,1
17000,공장,두부및유사식품제조공장,1
07000,판매시설,외6,1
04000,제2종근린생활시설,발전기,1
17000,공장,치커리세척실,1
03000,제1종근린생활시설,즉석판매제조,1
17000,공장,방우커버실,1
22000,분뇨.쓰레기처리시설,춘천하수처리장,1
01000,단독주택,사무소및이용원,1
18000,창고시설,톱밥발효우사,1
22000,분뇨.쓰레기처리시설,오수처리장관리소,1
03000,제1종근린생활시설,동고,1
20000,자동차관련시설,준주거지역,1
27000,관광휴게시설,공원후문,1
27000,관광휴게시설,조류사,1
,,농약창고,1
02000,공동주택,91호,1
09000,의료시설,가스저장소,1
04000,제2종근린생활시설,운수산업,1
03000,제1종근린생활시설,속셈,1
06000,종교시설,성원,1
13000,운동시설,승마체험장,1
04000,제2종근린생활시설,토정공장,1
10000,교육연구시설,감시반,1
18000,창고시설,수산물선어구점,1
11000,노유자시설,회관및,1
21000,동물및식물관련시설,가림막,1
06000,종교시설,법회당,1
04000,제2종근린생활시설,선수당,1
10000,교육연구시설,잠업실험실,1
19000,위험물저장및처리시설,염소가스보관창고,1
19000,위험물저장및처리시설,가압장저수조,1
04000,제2종근린생활시설,간부식당,1
17000,공장,커팅장,1
11000,노유자시설,예체능계강습학원,1
,,석유판매업,1
19000,위험물저장및처리시설,도시가스정압시설,1
07000,판매시설,식물관련,1
30000,자원순환관련시설,재활용창고,1
18000,창고시설,조적실,1
08000,운수시설,및제1,1
15000,숙박시설,구한옥,1
03000,제1종근린생활시설,석제품,1
17000,공장,두부제조,1
19000,위험물저장및처리시설,주유소외1건,1
06000,종교시설,관동지구,1
19000,위험물저장및처리시설,주유소및캐노피,1
10000,교육연구시설,및제1,1
Z8000,교육연구및복지시설,근린생활,1
17000,공장,46동,1
03000,제1종근린생활시설,농산물전시,1
10000,교육연구시설,휴게실동,1
02000,공동주택,펌프실및지하저수조,1
18000,창고시설,제2종근린생활시설및공동주택,1
06000,종교시설,계단,1
17000,공장,축전기제조,1
04000,제2종근린생활시설,교육장및,1
01000,단독주택,회집,1
02000,공동주택,잉글리쉬북카페,1
03000,제1종근린생활시설,발방앗간,1
,,잠실및관리사,1
17000,공장,볏짚사료가공,1
17000,공장,부싸이로동,1
18000,창고시설,도정기성능실험실,1
12000,수련시설,숙소3동,1
07000,판매시설,농업용자재판매장,1
13000,운동시설,부동산중개업소,1
19000,위험물저장및처리시설,생산기지,1
17000,공장,칼로리메타실험실,1
,,학교교육연구시설,1
01000,단독주택,사무실및대기실,1
21000,동물및식물관련시설,부속창고및소독실,1
18000,창고시설,노지양어장및창고,1
21000,동물및식물관련시설,탈수장,1
23000,교정및군사시설,eod반사무실,1
,,공장외,1
18000,창고시설,벼공동건조및저장시설,1
07000,판매시설,대형판매점,1
05000,문화및집회시설,전시및체험관,1
05000,문화및집회시설,부속건축물,1
02000,공동주택,단지형10세대,1
05000,문화및집회시설,성화창고,1
06000,종교시설,자료보관실,1
17000,공장,grinder,1
17000,공장,vip룸,1
19000,위험물저장및처리시설,세차장및관리동,1
10000,교육연구시설,영유아,1
03000,제1종근린생활시설,연사제조및기타방적업,1
17000,공장,4호,1
03000,제1종근린생활시설,마을노인공회당,1
05000,문화및집회시설,주택홍보관,1
03000,제1종근린생활시설,오산분기국,1
04000,제2종근린생활시설,공용화기진지,1
15000,숙박시설,휴게음식점및여관,1
01000,단독주택,세면실및창고,1
05000,문화및집회시설,도산서원,1
19000,위험물저장및처리시설,석유판매취급,1
03000,제1종근린생활시설,행정복지센터,1
17000,공장,새마을공동소득작업장,1
01000,단독주택,및다가구용단독주택,1
03000,제1종근린생활시설,스레트,1
Z3000,근린생활시설,주택및일반음식점,1
05000,문화및집회시설,마사중문초소,1
17000,공장,심창고,1
17000,공장,제과,1
04000,제2종근린생활시설,금형관련제품제조업,1
04000,제2종근린생활시설,목제건구,1
03000,제1종근린생활시설,기타창고기설,1
07000,판매시설,생활,1
02000,공동주택,smc저수조,1
18000,창고시설,제1총근린생활시설,1
02000,공동주택,입주민다용도실,1
Z5000,문화및집회시설,사육사실,1
24000,방송통신시설,방송국간이청사,1
14000,업무시설,외부엘리베이터,1
18000,창고시설,부수된,1
18000,창고시설,건가,1
18000,창고시설,마늘건창고,1
03000,제1종근린생활시설,여화장실,1
02000,공동주택,제빵교실,1
02000,공동주택,생활편의시설및,1
Z5000,문화및집회시설,보천사,1
01000,단독주택,단독주택및1종근,1
Z3000,근린생활시설,출어대기실,1
Z3000,근린생활시설,창고및,1
,,부속차고,1
06000,종교시설,춘강문,1
02000,공동주택,수영장보일러실,1
17000,공장,epdm재료준비실,1
01000,단독주택,불량주택,1
Z3000,근린생활시설,갈매마을회관,1
Z3000,근린생활시설,도탄교회,1
20000,자동차관련시설,자동,1
03000,제1종근린생활시설,송천떡체험센터,1
17000,공장,전해실,1
19000,위험물저장및처리시설,자동차용품상가,1
03000,제1종근린생활시설,청소년전자오락실,1
03000,제1종근린생활시설,유수관련시설,1
18000,창고시설,방사능저장창고,1
03000,제1종근린생활시설,노동회관,1
07000,판매시설,부대복리시설,1
01000,단독주택,교회용주택,1
17000,공장,설치용금속탱크및가공용기,1
17000,공장,서열장,1
26000,묘지관련시설,조경묘외삼문,1
25000,발전시설,에어컴프레셔동,1
10000,교육연구시설,시험체보관대,1
12000,수련시설,대강당,1
17000,공장,숙성조사무실,1
15000,숙박시설,여관및근린생활시설및위락시설,1
17000,공장,여,1
14000,업무시설,오피스텔및도시형생활시설,1
16000,위락시설,성인전자유기장,1
17000,공장,공장및사무실및,1
14000,업무시설,관리소,1
03000,제1종근린생활시설,액화석유,1
06000,종교시설,지하대피소,1
30000,자원순환관련시설,수처리동,1
17000,공장,공장내직업훈련원,1
03000,제1종근린생활시설,터풀,1
01000,단독주택,제1종근생및다가구,1
17000,공장,설비정비창고,1
19000,위험물저장및처리시설,저장취급소,1
04000,제2종근린생활시설,무용계학원,1
04000,제2종근린생활시설,가동1층,1
09000,의료시설,철골주차장주차관리실,1
24000,방송통신시설,정류기실,1
03000,제1종근린생활시설,장식품판매점,1
21000,동물및식물관련시설,축사및가축분뇨처리용,1
02000,공동주택,판매및영업시시설,1
03000,제1종근린생활시설,시설학원,1
03000,제1종근린생활시설,전확국기계실,1
18000,창고시설,장례식장,1
07000,판매시설,파고라,1
04000,제2종근린생활시설,납옥,1
14000,업무시설,건,1
14000,업무시설,라이브러리,1
14000,업무시설,청정쉼터,1
03000,제1종근린생활시설,교육연구및복지시설외,1
02000,공동주택,1층경로당,1
02000,공동주택,커뮤니티공용,1
02000,공동주택,mdf및안내실,1
13000,운동시설,축분장,1
17000,공장,동판창고,1
31000,야영장시설,남자샤워장,1
17000,공장,견및,1
10000,교육연구시설,편익시설,1
01000,단독주택,농수산물작업장,1
13000,운동시설,창원체육관,1
04000,제2종근린생활시설,해조류가공제조업소,1
11000,노유자시설,전동휠체어보관소,1
,,통신시설,1
21000,동물및식물관련시설,공원편의시설,1
17000,공장,폐수처리장펌프동,1
10000,교육연구시설,안곡분교,1
01000,단독주택,농촌주택개량사업건축물,1
10000,교육연구시설,교통연수원,1
13000,운동시설,사회복지시설,1
Z3000,근린생활시설,구내식당,1
03000,제1종근린생활시설,건축자재보관,1
03000,제1종근린생활시설,93정주권,1
01000,단독주택,공주군청,1
03000,제1종근린생활시설,피부관리실,1
17000,공장,정화섬유포장,1
10000,교육연구시설,원예체험장,1
17000,공장,판계공장,1
17000,공장,주원료싸이로,1
17000,공장,충진동1,1
17000,공장,콤푸레샤실2,1
17000,공장,2지구화약취급소,1
17000,공장,물탱크시설,1
08000,운수시설,노포역사,1
08000,운수시설,콤푸레샤실,1
03000,제1종근린생활시설,단독주택및사무실,1
14000,업무시설,복지자치센타,1
14000,업무시설,116,1
14000,업무시설,19,1
17000,공장,농식품시설,1
17000,공장,콤프레샤하우스,1
04000,제2종근린생활시설,보온덮개시설제작,1
17000,공장,열처리로,1
20000,자동차관련시설,여객자동차,1
27000,관광휴게시설,아케이드체험장,1
18000,창고시설,가구전시장,1
17000,공장,소화설비저장실,1
17000,공장,공기조절장치제조업,1
19000,위험물저장및처리시설,화학물주입실,1
17000,공장,발열량측정실,1
17000,공장,공장식당,1
10000,교육연구시설,도서관동,1
17000,공장,공장및소매점,1
17000,공장,에이시이방사동공장,1
17000,공장,에이치오에이치판넬실,1
17000,공장,위험물옥내저장창고,1
07000,판매시설,공동시설,1
17000,공장,물성시험실,1
17000,공장,파쇄공장,1
17000,공장,촉매조제동,1
03000,제1종근린생활시설,수리센타,1
04000,제2종근린생활시설,동5호화장실,1
17000,공장,칩배출창고,1
17000,공장,변소및욕조,1
17000,공장,계량기실,1
03000,제1종근린생활시설,멸균실,1
17000,공장,오뎅공장,1
17000,공장,기숙사및휴계실,1
17000,공장,아파트형공장및지원시설,1
02000,공동주택,연구시설,1
07000,판매시설,쇼핑센타,1
02000,공동주택,단지장비실,1
17000,공장,요소비료사,1
04000,제2종근린생활시설,락카실,1
17000,공장,음향측정실,1
08000,운수시설,화물취급장,1
17000,공장,1904,1
18000,창고시설,건설자재하치장,1
17000,공장,배소공장발전기실,1
11000,노유자시설,체육시설,1
17000,공장,예열규석탄고,1
17000,공장,옥외캐노피,1
17000,공장,인광석비료사,1
17000,공장,엔진수리작업장,1
18000,창고시설,벌커,1
Z6000,판매및영업시설,부품보관장,1
17000,공장,커뮤니티센터,1
17000,공장,톱제조실,1
17000,공장,도시가스정합기실,1
21000,동물및식물관련시설,교육,1
04000,제2종근린생활시설,활어위판장,1
03000,제1종근린생활시설,약국등,1
17000,공장,잣포장,1
17000,공장,인산공장,1
17000,공장,연결통로동,1
17000,공장,사워실,1
17000,공장,염소실,1
17000,공장,톳처리장,1
,,개사,1
17000,공장,제조장및화장실,1
03000,제1종근린생활시설,목재,1
11000,노유자시설,전기,1
04000,제2종근린생활시설,전기회로,1
04000,제2종근린생활시설,개폐,1
20000,자동차관련시설,옥내소화전펌프실,1
18000,창고시설,톳가공공장,1
06000,종교시설,몸체,1
01000,단독주택,임가공업,1
03000,제1종근린생활시설,건축자재소매점사무실,1
04000,제2종근린생활시설,드론연습장,1
17000,공장,1단계a,1
05000,문화및집회시설,종고루,1
01000,단독주택,다가구주택5기구,1
18000,창고시설,서울특동유지창고,1
27000,관광휴게시설,시설물,1
Z9000,공공용시설,기관실,1
04000,제2종근린생활시설,서비스,1
25000,발전시설,태양광발전설비시설,1
01000,단독주택,13평2홉3작,1
03000,제1종근린생활시설,집화장,1
17000,공장,간이휴게실,1
01000,단독주택,노유지시설,1
17000,공장,황태채가공공장,1
11000,노유자시설,어민복지시설,1
17000,공장,부품조립공장,1
17000,공장,혼화재창고,1
17000,공장,제1조립공장,1
17000,공장,벽슬라브본동공장,1
17000,공장,경비실외1,1
04000,제2종근린생활시설,5타석,1
27000,관광휴게시설,유원지관리실,1
17000,공장,식당및작업장,1
05000,문화및집회시설,전통관련,1
17000,공장,출하설비동,1
17000,공장,공장및사무실및창고및검사실및제품실및수위실,1
17000,공장,정비제조소,1
17000,공장,다이나모테스트동,1
17000,공장,검수고,1
03000,제1종근린생활시설,염산5일시장장옥,1
17000,공장,과일즙가공공장,1
17000,공장,85호채광사무실,1
17000,공장,구내식당및숙소,1
17000,공장,벌크시멘트선적장,1
17000,공장,계중기피우시설,1
17000,공장,냉동기실및펌프실,1
17000,공장,전기충전부스,1
17000,공장,폐기물및고압가스보관창고,1
17000,공장,석회석샘프링스테이숀,1
17000,공장,전통공예공장,1
17000,공장,컨베이어타워1,1
17000,공장,일반화장실,1
20000,자동차관련시설,매표실,1
17000,공장,건조대,1
17000,공장,쓰레기분리수거장1,1
17000,공장,중기터빈비막이,1
Z3000,근린생활시설,소매점및사무소,1
17000,공장,활성오니조,1
27000,관광휴게시설,녹지관리초소,1
17000,공장,110호,1
02000,공동주택,분류,1
17000,공장,식당및교육장,1
17000,공장,미역가공,1
03000,제1종근린생활시설,교욱연구시설,1
21000,동물및식물관련시설,위생방역실,1
10000,교육연구시설,통조림공장,1
17000,공장,조괴인발장집진설비,1
17000,공장,통합보일러변전실,1
02000,공동주택,도새형생활주택,1
17000,공장,유류저장탱크,1
17000,공장,지정폐기물보관창고,1
17000,공장,벽돌블럭공장,1
17000,공장,유티리티,1
17000,공장,pns공장,1
17000,공장,공업용수탱크,1
Z3000,근린생활시설,2용도,1
02000,공동주택,근랜생활시설,1
17000,공장,1류저장소,1
17000,공장,피이압출실,1
01000,단독주택,가구제조업,1
14000,업무시설,운전기사대기실,1
30000,자원순환관련시설,인버터실,1
,,후생복지시설,1
17000,공장,개량실,1
20000,자동차관련시설,농산물보관창고,1
17000,공장,자재취급소,1
03000,제1종근린생활시설,응집탱크,1
03000,제1종근린생활시설,근생2종,1
17000,공장,기계펌프실,1
17000,공장,가압물탱크실,1
17000,공장,엘피지용기보관실,1
17000,공장,탄약창고,1
17000,공장,21,1
17000,공장,식품관련공장,1
17000,공장,폐기물처리보관소,1
09000,의료시설,냉장고,1
04000,제2종근린생활시설,멀티디미어문화컨텐츠설비제공업소,1
17000,공장,원료에어리프트실,1
03000,제1종근린생활시설,제2종근린새활시설,1
01000,단독주택,다가구5세대용,1
17000,공장,드릿곳드공장,1
17000,공장,스프레인사카린공장,1
04000,제2종근린생활시설,여관및점포,1
17000,공장,농수산물저온창고,1
18000,창고시설,우량종구,1
17000,공장,위험물저정소,1
14000,업무시설,무,1
21000,동물및식물관련시설,채석장,1
17000,공장,커피및,1
17000,공장,재순환콤푸레샤실,1
17000,공장,임시폐기물보관소,1
17000,공장,공장냉각공장,1
06000,종교시설,및제1종근린생활시설,1
17000,공장,품직관리실,1
17000,공장,석탄보일러실,1
14000,업무시설,일부근린생활시설,1
10000,교육연구시설,직장보육시설,1
17000,공장,절단동,1
17000,공장,제품저장소,1
17000,공장,물류사무동,1
02000,공동주택,bookcafe,1
Z3000,근린생활시설,자동판매장,1
17000,공장,11동,1
17000,공장,전기실및수처리실동,1
01000,단독주택,유아놀이방,1
17000,공장,stg룸,1
14000,업무시설,시장,1
02000,공동주택,하차장,1
03000,제1종근린생활시설,공중화장실및매점,1
01000,단독주택,근렌생활시설,1
10000,교육연구시설,유아교육관,1
21000,동물및식물관련시설,사슴절각장,1
24000,방송통신시설,군관청,1
06000,종교시설,수녀용,1
04000,제2종근린생활시설,굼벵이제조가공,1
04000,제2종근린생활시설,유과공장,1
17000,공장,지상저수조,1
10000,교육연구시설,운동부휴게시설,1
11000,노유자시설,어린이집1호,1
03000,제1종근린생활시설,야구장,1
17000,공장,제품가공실,1
08000,운수시설,직원식당,1
13000,운동시설,생활문화센터,1
18000,창고시설,몰드실,1
04006,수리점,외1,1
17000,공장,미역가공및건조장,1
10000,교육연구시설,청당,1
Z5000,문화및집회시설,새마을창고,1
03020,체육도장,구판장,1
18000,창고시설,집창고시설,1
22000,분뇨.쓰레기처리시설,전처리기계실,1
22000,분뇨.쓰레기처리시설,계사,1
04000,제2종근린생활시설,배전반,1
03000,제1종근린생활시설,산촌생태체험관,1
18000,창고시설,신갈수지합동양조장,1
Z3000,근린생활시설,간이집하장,1
03000,제1종근린생활시설,농축오니동,1
10000,교육연구시설,실습교실,1
14000,업무시설,헬스크럽,1
03000,제1종근린생활시설,하이패스센터,1
21000,동물및식물관련시설,퇴비사시설,1
17000,공장,다이아퍼공장,1
04000,제2종근린생활시설,다다구주택,1
13000,운동시설,장애인차양시설,1
02000,공동주택,및다세대주택1세대,1
02000,공동주택,우수설비관리층,1
01000,단독주택,상동,1
10000,교육연구시설,흡연장,1
03000,제1종근린생활시설,정수장의,1
01000,단독주택,nk사택,1
Z3000,근린생활시설,이발관,1
31000,야영장시설,오수처리장,1
11000,노유자시설,음식물처리기,1
19000,위험물저장및처리시설,판넬실,1
04000,제2종근린생활시설,별당,1
04000,제2종근린생활시설,후당,1
21000,동물및식물관련시설,욕실,1
13000,운동시설,연습구장본부석,1
18000,창고시설,엽연초공동건조장,1
03000,제1종근린생활시설,관사및,1
17000,공장,3차조쇄실,1
17000,공장,상자세척장,1
01000,단독주택,정주권주택개량대상자,1
03000,제1종근린생활시설,농업인복지시설,1
01000,단독주택,소매점및창고,1
05000,문화및집회시설,미분처리장,1
21000,동물및식물관련시설,5퇴비사36,1
17000,공장,사무실및조정실,1
Z5000,문화및집회시설,극락전,1
18000,창고시설,인창리,1
03000,제1종근린생활시설,경찰관파출서,1
05000,문화및집회시설,예술원회관,1
02000,공동주택,205,1
04000,제2종근린생활시설,보근소,1
13000,운동시설,게이트볼장관리실,1
03000,제1종근린생활시설,농업용수공급,1
18000,창고시설,지붕위태양광,1
06000,종교시설,사택동,1
03000,제1종근린생활시설,다가주주택,1
09000,의료시설,목욕탕,1
17000,공장,제9분석기실,1
02000,공동주택,복리동3,1
22000,분뇨.쓰레기처리시설,및쓰레기처리시설,1
04000,제2종근린생활시설,도로부속시설,1
10000,교육연구시설,일반업무,1
17000,공장,철구조제조공장,1
17000,공장,영업실,1
Z3000,근린생활시설,제2종근린생활,1
04000,제2종근린생활시설,숙공재,1
01000,단독주택,복덕방,1
01000,단독주택,퇴미사,1
20000,자동차관련시설,중동,1
03000,제1종근린생활시설,회의실및계단실,1
21000,동물및식물관련시설,해태배양실,1
17000,공장,비료및질소화합물제조업,1
04000,제2종근린생활시설,소매점등,1
03000,제1종근린생활시설,유류판매업소,1
15000,숙박시설,일반숙식시설,1
Z3000,근린생활시설,창고및축사,1
13000,운동시설,부속용도,1
17000,공장,페수처리장기계실,1
04000,제2종근린생활시설,중재,1
17000,공장,가정용플라스틱성형제품제조,1
04000,제2종근린생활시설,집회관람시설,1
04000,제2종근린생활시설,가축시장사무실,1
21000,동물및식물관련시설,배부돈사,1
10000,교육연구시설,주차,1
24000,방송통신시설,방송중계탑,1
21000,동물및식물관련시설,소형기자재보관창고,1
17000,공장,브럭,1
17000,공장,곡물출하탱크,1
01000,단독주택,제1종근린생활시설및창고,1
27000,관광휴게시설,집회소,1
24000,방송통신시설,인천항,1
06000,종교시설,주3,1
03000,제1종근린생활시설,사각정,1
03000,제1종근린생활시설,154,1
Z3000,근린생활시설,근린생활시설외2건,1
03000,제1종근린생활시설,장옥5,1
Z3000,근린생활시설,택시부및근린생활시설,1
21000,동물및식물관련시설,생물여과동,1
21000,동물및식물관련시설,화훼,1
18000,창고시설,중기보관창고,1
01000,단독주택,근린생활실,1
06000,종교시설,숙소b,1
04000,제2종근린생활시설,보신원,1
04000,제2종근린생활시설,목구조직업훈련소,1
17000,공장,담금실,1
05000,문화및집회시설,다동,1
17000,공장,종이포대재활용공장,1
04000,제2종근린생활시설,시장장옥,1
04000,제2종근린생활시설,검문소,1
02000,공동주택,노인주간보호센터,1
02000,공동주택,관리및,1
06000,종교시설,홍수예경불우량국사,1
04000,제2종근린생활시설,오도암,1
06000,종교시설,야외명상쉼터,1
04000,제2종근린생활시설,근린생활시설및교육연구시설및주택,1
04000,제2종근린생활시설,기타2종근린생활시설,1
20000,자동차관련시설,차고지시설,1
06000,종교시설,탈의실,1
05000,문화및집회시설,운동시설제1,1
04000,제2종근린생활시설,종합사회복지관,1
06000,종교시설,윤춘우정,1
04000,제2종근린생활시설,서낭당,1
04000,제2종근린생활시설,농기계정비작업장,1
03000,제1종근린생활시설,공원내시설,1
04000,제2종근린생활시설,창고및건조장,1
04000,제2종근린생활시설,장로교회,1
04000,제2종근린생활시설,종선정,1
04000,제2종근린생활시설,대정시장,1
04000,제2종근린생활시설,근린공공시설자동교환장치기계실,1
04000,제2종근린생활시설,국유림관리사무소,1
04000,제2종근린생활시설,복전함,1
04000,제2종근린생활시설,근린생활시설사무실,1
05000,문화및집회시설,동구능,1
18000,창고시설,한약재보관,1
06000,종교시설,제각관리실,1
04000,제2종근린생활시설,미역가공처리장,1
04000,제2종근린생활시설,인터넷컴푸터게임시설제공업소,1
18000,창고시설,관리사무소및,1
04000,제2종근린생활시설,휴게음식점및주유소,1
10000,교육연구시설,수배전반실,1
04000,제2종근린생활시설,갱사무실,1
Z3000,근린생활시설,철문및,1
04000,제2종근린생활시설,토사,1
04000,제2종근린생활시설,원호회관,1
17000,공장,고공품제조업,1
04000,제2종근린생활시설,용기저장실,1
Z5000,문화및집회시설,폐백실,1
04000,제2종근린생활시설,원통정,1
03000,제1종근린생활시설,종근생시설,1
04000,제2종근린생활시설,물바지,1
18000,창고시설,국고보조지원농기계,1
15000,숙박시설,대피소및창고,1
,,냉동실,1
02000,공동주택,라동,1
17000,공장,정제,1
04000,제2종근린생활시설,주택및영업,1
04000,제2종근린생활시설,안내게시대,1
Z8000,교육연구및복지시설,창고동,1
17000,공장,고압가스보관장,1
06000,종교시설,밀양박씨군수공파제실,1
17000,공장,목재가구재조업,1
06000,종교시설,교회성당,1
11000,노유자시설,보훈,1
04000,제2종근린생활시설,테니스장본부석,1
04000,제2종근린생활시설,후생식당,1
21000,동물및식물관련시설,식물관련시설및저온창고,1
09000,의료시설,기아보호소,1
13000,운동시설,미용원,1
17000,공장,아이스크림및,1
17000,공장,둘하실,1
02000,공동주택,통신기기감시실,1
23000,교정및군사시설,도장시설,1
03000,제1종근린생활시설,대중목욕탕및이,1
21000,동물및식물관련시설,발방앗간,1
05000,문화및집회시설,전통찻집,1
03000,제1종근린생활시설,불가마,1
15000,숙박시설,광관펜션업,1
17000,공장,숙직실및,1
23000,교정및군사시설,초소3,1
08000,운수시설,무벽창고,1
24000,방송통신시설,주막,1
01000,단독주택,농촌주택개량자력,1
18000,창고시설,페품수집창고,1
03000,제1종근린생활시설,요식시설,1
05000,문화및집회시설,영화교육장,1
01000,단독주택,수산물보관용,1
06000,종교시설,복도,1
04000,제2종근린생활시설,2종근린생활시설시설,1
17000,공장,고체합성실,1
03000,제1종근린생활시설,건강원등,1
26000,묘지관련시설,녕릉정자각,1
23000,교정및군사시설,매점,1
11000,노유자시설,태평3동,1
13000,운동시설,궁도사대,1
07000,판매시설,농협판매점,1
21000,동물및식물관련시설,화분,1
Z3000,근린생활시설,의약품도매점,1
03000,제1종근린생활시설,볏두지,1
17000,공장,개발시험장,1
17000,공장,볏짚가공,1
12000,수련시설,자동차야영장,1
01000,단독주택,가림시설,1
21000,동물및식물관련시설,톱밥용,1
03000,제1종근린생활시설,구내운동시설,1
03000,제1종근린생활시설,관람잡회시설,1
18000,창고시설,농약,1
10000,교육연구시설,후관교사,1
20000,자동차관련시설,지하주차장d,1
17000,공장,미니밀스라그동,1
03000,제1종근린생활시설,취미교양실,1
18000,창고시설,크링카,1
01000,단독주택,농가물치,1
10000,교육연구시설,대학본부및학생회관,1
03000,제1종근린생활시설,창고사무실,1
18000,창고시설,97농촌주거환경개선,1
22000,분뇨.쓰레기처리시설,폐지재활용시설,1
01000,단독주택,다중3가구,1
02000,공동주택,24실,1
20000,자동차관련시설,제2종그린생활시설,1
10000,교육연구시설,용도변경,1
21000,동물및식물관련시설,우사및통로,1
01000,단독주택,다세대구주택,1
27000,관광휴게시설,간이식당,1
03000,제1종근린생활시설,농기계수리,1
15000,숙박시설,8호,1
27000,관광휴게시설,자연권청소년시설,1
Z3000,근린생활시설,민박,1
17000,공장,열교환실,1
07000,판매시설,근린생황시설,1
02000,공동주택,소화주소,1
02000,공동주택,소호사무실,1
17000,공장,공무과,1
,,농수산물,1
19000,위험물저장및처리시설,18동,1
27000,관광휴게시설,자전거보관소,1
04000,제2종근린생활시설,덕양전,1
15000,숙박시설,및제1종근린생활시설,1
01000,단독주택,유사실,1
17000,공장,전화자동기기보전실,1
02000,공동주택,복지문화센터,1
17000,공장,부상분리조,1
04000,제2종근린생활시설,현장실습교육장,1
27000,관광휴게시설,화장실및샤워장,1
07000,판매시설,승강기,1
17000,공장,2ea,1
17000,공장,시멘트제품양성실,1
24000,방송통신시설,노유자시설,1
30000,자원순환관련시설,사무소및창고,1
01000,단독주택,근린생활설및주택,1
27000,관광휴게시설,농산물공동판매점,1
17000,공장,콤베아벨트,1
24000,방송통신시설,저수조,1
04000,제2종근린생활시설,냉각fan실,1
20000,자동차관련시설,세차기실,1
13000,운동시설,온동시설,1
27000,관광휴게시설,체육시설의부대시설,1
21000,동물및식물관련시설,폐수물처리장,1
24000,방송통신시설,행랑채,1
04000,제2종근린생활시설,옥동서원,1
17000,공장,철근야적장,1
19000,위험물저장및처리시설,propylene,1
21000,동물및식물관련시설,식물관리설,1
04000,제2종근린생활시설,여인숙및,1
17000,공장,건제품제조,1
22000,분뇨.쓰레기처리시설,압축기시설,1
03000,제1종근린생활시설,상행,1
21000,동물및식물관련시설,농산물가공처리시설,1
27000,관광휴게시설,근로자대기실,1
03000,제1종근린생활시설,간이음식점및일용품,1
17000,공장,정압기운전실,1
06000,종교시설,상점,1
04016,단란주점,제2종근린생활시설,1
12000,수련시설,전시관,1
10000,교육연구시설,동물관련시설,1
03000,제1종근린생활시설,집,1
,,연결통로,1
Z5000,문화및집회시설,교회및승공회관,1
03000,제1종근린생활시설,허가,1
04000,제2종근린생활시설,예냉시설,1
06000,종교시설,유래루,1
18000,창고시설,밭작물,1
Z3000,근린생활시설,이,1
Z3000,근린생활시설,미,1
27000,관광휴게시설,창고3,1
01000,단독주택,계근실,1
16000,위락시설,위락시설외4,1
04000,제2종근린생활시설,능가사편의시설,1
17000,공장,공무,1
18000,창고시설,페인트작업장,1
Z5000,문화및집회시설,211,1
17000,공장,에이엑스,1
05000,문화및집회시설,고택,1
20000,자동차관련시설,307,1
21000,동물및식물관련시설,펌퓨실,1
03000,제1종근린생활시설,종교및집회시설,1
01000,단독주택,생가,1
15000,숙박시설,대회의실,1
01000,단독주택,지하보이라,1
02000,공동주택,집회소2,1
02000,공동주택,도심형주택,1
02000,공동주택,기업공간,1
15000,숙박시설,5실,1
02000,공동주택,수공예공방,1
10000,교육연구시설,제연팬룸,1
07000,판매시설,농산물전시및,1
04000,제2종근린생활시설,액화석유가스,1
04000,제2종근린생활시설,창고및위락시설,1
07000,판매시설,화훼판매점,1
01000,단독주택,정문초소,1
04000,제2종근린생활시설,농산물식품제조가공공장,1
04000,제2종근린생활시설,사무실및미용실,1
01000,단독주택,종교집회소,1
02000,공동주택,및판매시설및제2종근린생활시설,1
19000,위험물저장및처리시설,주유소및석유판매소,1
03000,제1종근린생활시설,어민후계자직판장,1
18000,창고시설,잠실관리사,1
19000,위험물저장및처리시설,집합실,1
01000,단독주택,방욕실,1
18000,창고시설,운전자대기실,1
27000,관광휴게시설,유아체험실,1
17000,공장,떡제조,1
17000,공장,집진기더스터호퍼,1
05000,문화및집회시설,주차장관리초소,1
27000,관광휴게시설,시장상가주방,1
03000,제1종근린생활시설,복리후생시설,1
27000,관광휴게시설,세검정,1
01000,단독주택,예능교습소및,1
03000,제1종근린생활시설,피부샵,1
03000,제1종근린생활시설,농기구판매대리점,1
02000,공동주택,문화및,1
04000,제2종근린생활시설,카누보관창고,1
03000,제1종근린생활시설,2종근생및교육연구시설,1
17000,공장,사원후생복리관,1
17000,공장,용기보관창고,1
17000,공장,사내식당,1
23000,교정및군사시설,의무진료동,1
17000,공장,잔재처리실,1
17000,공장,급유펌프동,1
Z5000,문화및집회시설,석분전,1
17000,공장,전자파시험실,1
17000,공장,오기정정,1
04000,제2종근린생활시설,2종근생및위락시설,1
21000,동물및식물관련시설,축사중계분장,1
17000,공장,감압실,1
17000,공장,제1복지관,1
03000,제1종근린생활시설,종합점포,1
17000,공장,취사장,1
17000,공장,전자제품조립공장,1
17000,공장,기설석탄치장증설,1
17000,공장,원맥투입구,1
17000,공장,품질센터,1
17000,공장,커피공장,1
21000,동물및식물관련시설,농수산업관련시험,1
21000,동물및식물관련시설,발효사료저장고,1
17000,공장,청자재작소,1
15000,숙박시설,113호,1
17000,공장,서편창고,1
03000,제1종근린생활시설,양곡가공,1
17000,공장,우유공장,1
17000,공장,수질자동측정지실,1
17000,공장,화학분사실,1
17000,공장,회사본부,1
20000,자동차관련시설,343,1
17000,공장,유휴설비보관소,1
02000,공동주택,전기및감시실,1
17000,공장,해태가공기계실,1
17000,공장,화장실1,1
04000,제2종근린생활시설,기자재,1
17000,공장,전기과대기실,1
17000,공장,화약류제조소,1
17000,공장,박스보관실,1
17000,공장,제2호쿨라집진기전기실,1
17000,공장,무향실,1
17000,공장,품질보증검사실,1
17000,공장,산소보관소,1
17000,공장,단무지가공시설,1
03000,제1종근린생활시설,분쇄실,1
17000,공장,특수가연물저장창고,1
17000,공장,콤푸레샤실7,1
17000,공장,절단기보관소,1
01000,단독주택,주택숙사,1
17000,공장,배터리보관장,1
17000,공장,가스통보관실,1
17000,공장,공해공장및부대시설,1
17000,공장,제1근린생활시설,1
17000,공장,실험시,1
17000,공장,협력업체작업장,1
14000,업무시설,전산본부,1
03000,제1종근린생활시설,숙박시설제1종근린생활시설,1
02000,공동주택,195세대,1
10000,교육연구시설,당촌초교,1
17000,공장,선원대기실,1
17000,공장,흡연실동3,1
17000,공장,엔진상차장,1
17000,공장,농산물자재생산공장,1
17000,공장,식품제조가공업소,1
17000,공장,일반공장및저온창고,1
02000,공동주택,232세대,1
02000,공동주택,상가내,1
02000,공동주택,전기실83,1
01000,단독주택,다가구주택창고,1
02000,공동주택,에듀센타,1
17000,공장,내수도크장,1
18000,창고시설,학생기숙사,1
17000,공장,엿기름공장,1
01000,단독주택,창고우사,1
Z8000,교육연구및복지시설,취수,1
02000,공동주택,바른카페,1
03000,제1종근린생활시설,상하수도관련시설,1
17000,공장,제7변전소,1
02000,공동주택,02,1
17000,공장,우천출하장,1
03000,제1종근린생활시설,전화국분국,1
17000,공장,골재사이로,1
17000,공장,소재공장,1
17000,공장,본사무소,1
17000,공장,오픈스토크파일,1
17000,공장,프로판봄베쉘타,1
17000,공장,유류저장고2,1
17000,공장,보조탱크,1
17000,공장,주방및식탁용목재품,1
03000,제1종근린생활시설,청사사무실,1
17000,공장,위험물저장처리장,1
17000,공장,방지시설,1
04000,제2종근린생활시설,교육시설및복지시설,1
03000,제1종근린생활시설,여성복지회관부속창고,1
04000,제2종근린생활시설,남자양복제조업,1
03000,제1종근린생활시설,근리니공공시설,1
03000,제1종근린생활시설,황토찜질방,1
21000,동물및식물관련시설,기계실및물탱크,1
03000,제1종근린생활시설,고가소루,1
03000,제1종근린생활시설,정수장사택,1
03000,제1종근린생활시설,생화수펌프장,1
03000,제1종근린생활시설,구판장이용소,1
01000,단독주택,대피소및근린생활시설및단독주택,1
01000,단독주택,재재소공장,1
17000,공장,분뇨저장시설,1
03000,제1종근린생활시설,새마을회관회의실,1
26000,묘지관련시설,유품전시실,1
18000,창고시설,공동변소,1
03000,제1종근린생활시설,소방서회의실,1
03000,제1종근린생활시설,학성마을회관,1
03000,제1종근린생활시설,어선입출항신고소,1
06000,종교시설,대향각,1
04000,제2종근린생활시설,입시계사설강습소,1
04000,제2종근린생활시설,파고라2,1
03000,제1종근린생활시설,농산물선과장,1
03000,제1종근린생활시설,근린공중화장실,1
02000,공동주택,피트진입,1
18000,창고시설,해조류가공시설,1
03000,제1종근린생활시설,우체국및업무시설,1
17000,공장,공조기,1
21000,동물및식물관련시설,간이축사시설양계장,1
04000,제2종근린생활시설,운동생활시설,1
17000,공장,석유및유해화학물질,1
09000,의료시설,보일라실,1
03000,제1종근린생활시설,제실0,1
,,m,1
,,f실,1
,,독서실,1
03000,제1종근린생활시설,그라운드골프장,1
17000,공장,전시및시음장,1
14000,업무시설,대강당,1
03000,제1종근린생활시설,방범소,1
18000,창고시설,창고및경비실,1
04000,제2종근린생활시설,송전탑,1
17000,공장,종업원,1
14100,공공업무시설,우체국,1
01000,단독주택,내정실,1
15000,숙박시설,위험물저장및처리시설,1
08000,운수시설,보안초소,1
15000,숙박시설,지상3층,1
04000,제2종근린생활시설,숙소식당,1
20000,자동차관련시설,기타창고,1
14000,업무시설,쓰레기분리수거함,1
17000,공장,lop,1
17000,공장,공장시설외,1
11000,노유자시설,경로동,1
04000,제2종근린생활시설,산업용내장및내장비제조업,1
12000,수련시설,그늘막,1
17000,공장,공무팀workshop,1
10000,교육연구시설,부속기계공작실,1
04000,제2종근린생활시설,옥룡농촌지도소,1
15000,숙박시설,본관,1
Z8000,교육연구및복지시설,부대시설,1
03000,제1종근린생활시설,기타1,1
17000,공장,5동,1
13000,운동시설,베드민턴장,1
23000,교정및군사시설,구외작업장,1
11000,노유자시설,여,1
14000,업무시설,사무실및교육장,1
03000,제1종근린생활시설,마을회관및직판장,1
20000,자동차관련시설,자동차경정비업소,1
17000,공장,건축물부설주차장,1
,,자수용,1
14000,업무시설,승강기홀,1
04000,제2종근린생활시설,38,1
11000,노유자시설,보인복지시설,1
14000,업무시설,망루,1
04000,제2종근린생활시설,충현서원,1
04000,제2종근린생활시설,저온선별장,1
03000,제1종근린생활시설,하천,1
02000,공동주택,65대,1
02000,공동주택,170,1
01000,단독주택,단독주택단독주택,1
04000,제2종근린생활시설,전자제품,1
17000,공장,olm,1
02000,공동주택,창의가게,1
02000,공동주택,417동,1
Z3000,근린생활시설,합숙소,1
15000,숙박시설,중장비관리실,1
17000,공장,피피촉매계량동,1
23000,교정및군사시설,환자보호자지원시설,1
01000,단독주택,외국어학원,1
21000,동물및식물관련시설,농업연구시설,1
10000,교육연구시설,소학교,1
01000,단독주택,다중주택3호,1
17000,공장,qc실,1
14000,업무시설,보아라실,1
06000,종교시설,동락서원관리실,1
01000,단독주택,제2종른린생활시설,1
01000,단독주택,다가구주택및대피소,1
17000,공장,고철수집장,1
12000,수련시설,청소년수양원,1
04000,제2종근린생활시설,현암사,1
17000,공장,용기,1
02000,공동주택,민속박물관및체험관,1
Z9000,공공용시설,공작실,1
10000,교육연구시설,자료관,1
18000,창고시설,사료저장,1
03000,제1종근린생활시설,대통령경호실,1
18000,창고시설,공판장,1
18000,창고시설,건조ㆍ보관시설,1
19000,위험물저장및처리시설,lng,1
18000,창고시설,올미,1
24000,방송통신시설,전화기지국,1
03000,제1종근린생활시설,내의류제조업,1
17000,공장,목제건구제조장,1
15000,숙박시설,발코니,1
17000,공장,소각기,1
02000,공동주택,중층관리실,1
03000,제1종근린생활시설,보훈매점,1
03000,제1종근린생활시설,소매점및식당,1
17000,공장,상자포장조립,1
02000,공동주택,입주민회의장,1
07000,판매시설,농기구수리센타및주택,1
18000,창고시설,농업가창고,1
17000,공장,가죽및모피의복제조,1
,,출하실,1
10000,교육연구시설,버스승하차장,1
14000,업무시설,공동주택외2,1
14000,업무시설,활터관리사및화장실,1
06000,종교시설,종교집회상,1
10000,교육연구시설,체육기재실,1
02000,공동주택,강사실,1
18000,창고시설,누각,1
08000,운수시설,항행안전시설,1
04000,제2종근린생활시설,행사장,1
14000,업무시설,공공업무시설및제1종근린생활시설,1
18000,창고시설,작업소,1
25000,발전시설,가스저장동,1
17000,공장,계란,1
02000,공동주택,동아리실1,1
14000,업무시설,사무실및근린생활시설,1
14000,업무시설,222호,1
02000,공동주택,클라이밍존,1
14000,업무시설,16실,1
02000,공동주택,관리사19세대,1
17000,공장,산지,1
21000,동물및식물관련시설,송수펌프실,1
18000,창고시설,퇴비유통센터,1
17000,공장,공공시설,1
17000,공장,윤할유창고,1
13000,운동시설,직원대기실,1
Z6000,판매및영업시설,스넥코너,1
14000,업무시설,단독주택외4,1
04999,기타제2종근린생활시설,제1종근생,1
20000,자동차관련시설,보육시설,1
01000,단독주택,강의실,1
18000,창고시설,본동,1
21000,동물및식물관련시설,7동,1
02000,공동주택,재활용품처리장,1
01000,단독주택,8각구용,1
22000,분뇨.쓰레기처리시설,소규모쓰레기소각시설,1
21000,동물및식물관련시설,사슴그물막,1
20000,자동차관련시설,제1종근린생활시설외1,1
20000,자동차관련시설,전기충전캐노피,1
,,기타방적업,1
Z3000,근린생활시설,다가구주택및,1
Z3000,근린생활시설,창고및화장실,1
Z6000,판매및영업시설,다방,1
17000,공장,기타인쇄제조업,1
01000,단독주택,가계,1
03000,제1종근린생활시설,예비군사무실,1
19000,위험물저장및처리시설,질소,1
01000,단독주택,일반흠식점,1
02000,공동주택,123대,1
26000,묘지관련시설,영릉행랑채,1
05000,문화및집회시설,공예품,1
18000,창고시설,철분저장고,1
04000,제2종근린생활시설,근생2,1
07000,판매시설,b,1
17000,공장,전기판넬제작,1
22000,분뇨.쓰레기처리시설,적치장,1
14000,업무시설,120호,1
04000,제2종근린생활시설,숙관,1
04000,제2종근린생활시설,위병소,1
22000,분뇨.쓰레기처리시설,음식물쓰레기하수병합처리시설,1
14000,업무시설,보국정화장실,1
22000,분뇨.쓰레기처리시설,축산폐수공동저장조,1
22000,분뇨.쓰레기처리시설,측정실,1
04000,제2종근린생활시설,망노정,1
04000,제2종근린생활시설,배수펌프장,1
18000,창고시설,약품주입실,1
22000,분뇨.쓰레기처리시설,페수종말처리장,1
17000,공장,작업장포장실,1
02000,공동주택,간이수영장,1
01000,단독주택,백화점,1
15000,숙박시설,중앙감시실,1
19000,위험물저장및처리시설,옥내탱크저장소,1
08000,운수시설,장비보관고,1
21000,동물및식물관련시설,97버섯생산지원대상보조사업건축물,1
06000,종교시설,효령대군사당,1
06000,종교시설,서울시유형문화재,1
21000,동물및식물관련시설,부산물냉장고,1
18000,창고시설,주차시설등,1
04000,제2종근린생활시설,후생복지관,1
17000,공장,1차체공장,1
04000,제2종근린생활시설,교양휴게독서실,1
17000,공장,22수위실,1
21000,동물및식물관련시설,동물및식물관련시설및,1
18000,창고시설,차량소독조,1
04000,제2종근린생활시설,미술계학원,1
17000,공장,크럇샤,1
04000,제2종근린생활시설,한정식집,1
22000,분뇨.쓰레기처리시설,폐지창고,1
03000,제1종근린생활시설,측후소,1
23000,교정및군사시설,견인화포도색공장,1
07000,판매시설,1건,1
22000,분뇨.쓰레기처리시설,2차혼합조,1
08000,운수시설,직원통로,1
17000,공장,가죽케이스제조업,1
21000,동물및식물관련시설,마늘건가,1
03000,제1종근린생활시설,낙풍루,1
17000,공장,완성차보관장,1
06000,종교시설,공소,1
23000,교정및군사시설,대공초소,1
03000,제1종근린생활시설,구판장및사무실,1
04000,제2종근린생활시설,배씨,1
01000,단독주택,비공해,1
17000,공장,특수전동기조립장,1
03000,제1종근린생활시설,과수작목반,1
01000,단독주택,부속건물b,1
18000,창고시설,36동,1
04000,제2종근린생활시설,주형및금형,1
04000,제2종근린생활시설,처리시설외1용도,1
04000,제2종근린생활시설,위생접객업,1
19000,위험물저장및처리시설,가스충천소,1
03000,제1종근린생활시설,다세대주택및근린생활시설,1
03000,제1종근린생활시설,유도관,1
17000,공장,협력사창고,1
05000,문화및집회시설,박준원선생,1
05000,문화및집회시설,신도비,1
02000,공동주택,기화실,1
07000,판매시설,판매및위락시설,1
08000,운수시설,수산물위판장,1
18000,창고시설,카센타,1
03000,제1종근린생활시설,실,1
17000,공장,코일,1
16002,유흥주점,위락시설,1
15000,숙박시설,동물병원,1
23000,교정및군사시설,수송차량정비고압축기보관소,1
17000,공장,부설연구소,1
01000,단독주택,마을,1
01000,단독주택,다가구주택18,1
17000,공장,암모니아,1
21000,동물및식물관련시설,접수조,1
04000,제2종근린생활시설,목욕탕및휴게실,1
Z6000,판매및영업시설,숙박시설,1
02000,공동주택,블럭조,1
27000,관광휴게시설,서고,1
03000,제1종근린생활시설,복지회관및휴게소,1
13000,운동시설,티하우스a동,1
04000,제2종근린생활시설,즉석판매제조가공식품,1
18000,창고시설,94정부지원사업,1
17000,공장,기사휴게소,1
19000,위험물저장및처리시설,청소기시설,1
13000,운동시설,아동,1
17000,공장,죽염장유제조업,1
23000,교정및군사시설,항공수리부속창고,1
04000,제2종근린생활시설,축산물가공처리장,1
01000,단독주택,농부,1
04000,제2종근린생활시설,관리직원숙소,1
17000,공장,사무실및주택,1
18000,창고시설,공가,1
09000,의료시설,비품창고,1
17000,공장,cpt1공장,1
17000,공장,주4,1
10000,교육연구시설,자율주행차실험실,1
14000,업무시설,해안초소발전실,1
08000,운수시설,철도역사숙소,1
17000,공장,r506헤드타워,1
17000,공장,2fcc24,1
04000,제2종근린생활시설,음식점주택,1
03000,제1종근린생활시설,음식점및,1
01000,단독주택,불단,1
01000,단독주택,사찰주택,1
17000,공장,당농축,1
18000,창고시설,세차동,1
24000,방송통신시설,공중통신용,1
14000,업무시설,축산물판매장,1
15000,숙박시설,숙박시설및근린생활,1
17000,공장,질소실,1
19000,위험물저장및처리시설,위험물저장처리시설및자동차관련시설,1
08000,운수시설,주택에부속된창고,1
19000,위험물저장및처리시설,사무소및주택,1
21000,동물및식물관련시설,탈병통,1
14000,업무시설,오피스텔401실,1
10000,교육연구시설,공학관a동,1
02000,공동주택,313,1
02000,공동주택,2927,1
13000,운동시설,수성유원지조성,1
04000,제2종근린생활시설,수산물,1
17000,공장,골재저장홉바,1
,,예비군장비고,1
,,급수소,1
19000,위험물저장및처리시설,질산염류저장소,1
,,도민사격장,1
21000,동물및식물관련시설,놀이장,1
17000,공장,제12분석기실,1
,,마늘건조용창고,1
01000,단독주택,아연강판,1
15000,숙박시설,종업원식당,1
19000,위험물저장및처리시설,액화석유가스저장시설,1
19000,위험물저장및처리시설,위험물처리소,1
17000,공장,1801b,1
21000,동물및식물관련시설,제실및관리사,1
14000,업무시설,통신용,1
13000,운동시설,궁도본부,1
18000,창고시설,95농촌주택개량사업주택,1
14000,업무시설,멉무시설,1
02000,공동주택,67세대,1
02000,공동주택,3램프캐노피,1
14000,업무시설,근린생활시설및다세대주택,1
02000,공동주택,2502동,1
03000,제1종근린생활시설,이동통신무인중계소,1
Z8000,교육연구및복지시설,유스호스텔,1
01000,단독주택,13가구형,1
04000,제2종근린생활시설,임산물가공집하시설,1
24000,방송통신시설,무인전파,1
18000,창고시설,폐지원,1
19000,위험물저장및처리시설,자동차종합수리업,1
,,차양대,1
19000,위험물저장및처리시설,경비반장사택,1
03000,제1종근린생활시설,엘피쥐저장소,1
01000,단독주택,단독주택7가구용,1
17000,공장,제1종및2종근린생활시설,1
03000,제1종근린생활시설,집회실,1
17000,공장,ba116,1
17000,공장,유류저장시설,1
19000,위험물저장및처리시설,보일러실및식당,1
03000,제1종근린생활시설,앵무새정원,1
04000,제2종근린생활시설,근린생활시설1종,1
11000,노유자시설,사찰실,1
17000,공장,유해물질저장소,1
17000,공장,p프랜트,1
03000,제1종근린생활시설,마을공동작업창고,1
04000,제2종근린생활시설,공무실,1
10000,교육연구시설,관련되는,1
01000,단독주택,보일라실및창고,1
,,외삼문,1
01000,단독주택,농총주택개량사업,1
17000,공장,부두조정실,1
03000,제1종근린생활시설,농산물집하,1
02000,공동주택,다세대14세대,1
01000,단독주택,농가주택개량대상자,1
17000,공장,일반시계제조,1
17000,공장,kp,1
01000,단독주택,서예실,1
03000,제1종근린생활시설,청과물점,1
01000,단독주택,보일러실및주차장,1
18000,창고시설,벼건조및보관창고,1
02000,공동주택,1987,1
02000,공동주택,입주자지원센터,1
11000,노유자시설,다목적강의실,1
03000,제1종근린생활시설,신합리,1
05000,문화및집회시설,교,1
05000,문화및집회시설,설,1
22000,분뇨.쓰레기처리시설,음식물처리,1
17000,공장,알곤충전대,1
17000,공장,촉매보관창고,1
14000,업무시설,520실,1
14000,업무시설,87호,1
03000,제1종근린생활시설,수산물건조,1
19000,위험물저장및처리시설,기계세차장,1
18000,창고시설,단독주태,1
22000,분뇨.쓰레기처리시설,설비차양,1
20000,자동차관련시설,부속건축물,1
15000,숙박시설,위험물처리시설,1
17000,공장,무수프탈산제조장,1
09000,의료시설,병원주차장,1
02000,공동주택,2324동하부,1
10000,교육연구시설,특수,1
04000,제2종근린생활시설,산채가공시설,1
08000,운수시설,유류탱크,1
10000,교육연구시설,교사및정보센타,1
05000,문화및집회시설,사덕정,1
04000,제2종근린생활시설,격리실,1
10000,교육연구시설,초등학교병설유치원,1
21000,동물및식물관련시설,화초온실,1
10000,교육연구시설,체험교육시설,1
01000,단독주택,창고및변소및욕실,1
09000,의료시설,가스저장시설,1
10000,교육연구시설,부관동,1
10000,교육연구시설,본건물,1
17000,공장,화이날하치장,1
01000,단독주택,묘탄관리인가옥,1
10000,교육연구시설,복지문화시설,1
22000,분뇨.쓰레기처리시설,정비고,1
04000,제2종근린생활시설,곡물가공제조,1
05000,문화및집회시설,모터보트동,1
10000,교육연구시설,요트보관소,1
15000,숙박시설,8가구,1
19000,위험물저장및처리시설,세차장및업무시설,1
17000,공장,외철권선작업장,1
25000,발전시설,엔진홀,1
25000,발전시설,증기발생기저장고,1
17000,공장,곡물투입구,1
04000,제2종근린생활시설,즉석,1
18000,창고시설,농막및,1
03000,제1종근린생활시설,유사,1
15000,숙박시설,트레이닝센터,1
17000,공장,승강기,1
20000,자동차관련시설,유독물판매소,1
14000,업무시설,점포및주택,1
21000,동물및식물관련시설,돈사퇴비사,1
17000,공장,농기구쎈타,1
04000,제2종근린생활시설,제2종근린생활시설및노인정,1
01000,단독주택,149,1
04000,제2종근린생활시설,13세대,1
04000,제2종근린생활시설,골판지제조업,1
01000,단독주택,16구획,1
13000,운동시설,보육시설,1
25000,발전시설,발전시실,1
18000,창고시설,읍사무소,1
15000,숙박시설,14,1
11000,노유자시설,조경시설,1
03000,제1종근린생활시설,2종근린샌활시설,1
04000,제2종근린생활시설,세차장및,1
04000,제2종근린생활시설,수산물점포,1
04000,제2종근린생활시설,목공방,1
25000,발전시설,기계동,1
01000,단독주택,과자제조업,1
Z3000,근린생활시설,위험물취급소,1
21000,동물및식물관련시설,축분시설,1
21000,동물및식물관련시설,주4,1
18000,창고시설,가축사료보관,1
01000,단독주택,근관람집회시설및린생활시설,1
26000,묘지관련시설,동안사,1
18000,창고시설,병원,1
04000,제2종근린생활시설,비동,1
05000,문화및집회시설,창애정,1
04000,제2종근린생활시설,메주공장,1
25000,발전시설,장비보관창고,1
31000,야영장시설,구내식당,1
23000,교정및군사시설,중앙감시실,1
02000,공동주택,유아실,1
01000,단독주택,부속물치장,1
04000,제2종근린생활시설,창호제조공장,1
07000,판매시설,전자유통,1
17000,공장,사무실및중앙조정실,1
03000,제1종근린생활시설,약재창고,1
16000,위락시설,무도유흥접객업,1
04000,제2종근린생활시설,분무기제조업,1
04000,제2종근린생활시설,자재보관,1
03000,제1종근린생활시설,d동,1
17000,공장,7동,1
27000,관광휴게시설,일반창고2,1
15000,숙박시설,멤버쉽클럽,1
06000,종교시설,본당및사택,1
15000,숙박시설,의료관광호텔,1
01000,단독주택,16다가구주택,1
17000,공장,dryer동,1
25000,발전시설,부속관리사무실,1
06000,종교시설,사찰종무소,1
15000,숙박시설,관광숙박시설9,1
15000,숙박시설,근린생활시설외2건,1
18000,창고시설,수정실,1
17000,공장,154kv전기실동,1
03000,제1종근린생활시설,자동차전시장,1
17000,공장,의료처치,1
18000,창고시설,공장부속,1
Z3000,근린생활시설,지역아동센터,1
15000,숙박시설,공동화장실,1
15000,숙박시설,숙박업시설,1
Z8000,교육연구및복지시설,영재동,1
18000,창고시설,유독물판매소,1
19000,위험물저장및처리시설,booster,1
21000,동물및식물관련시설,착유실외,1
17000,공장,판자상자,1
JY,,퇴비사,1
02000,공동주택,드림스테이,1
05000,문화및집회시설,화랑갤러리,1
02000,공동주택,폐기물처리장,1
22000,분뇨.쓰레기처리시설,분뇨종말전처리시설,1
04000,제2종근린생활시설,선별실및사무실,1
03000,제1종근린생활시설,구립청소년,1
17000,공장,배기가스검사실,1
01000,단독주택,물치1호,1
Z3000,근린생활시설,냉동창고,1
01000,단독주택,보사채,1
07000,판매시설,상가점포,1
17000,공장,홉바시설,1
03000,제1종근린생활시설,시외버스터미널,1
15000,숙박시설,경복장여관,1
06000,종교시설,관리소,1
17000,공장,새마을,1
22000,분뇨.쓰레기처리시설,폐기물처리,1
02000,공동주택,area,1
17000,공장,차량소독조기계실,1
Z3000,근린생활시설,지하주차장,1
21000,동물및식물관련시설,장비창고및퇴비사,1
01000,단독주택,의류판매점,1
17000,공장,114,1
03000,제1종근린생활시설,근리시설,1
17000,공장,1801a,1
17000,공장,유기폐수처리장,1
17000,공장,목재건구재조장,1
01000,단독주택,교육청,1
17000,공장,기계배관공구,1
15000,숙박시설,공중욕탕,1
14000,업무시설,탑옥,1
02000,공동주택,광명,1
15000,숙박시설,노래방및여관,1
24000,방송통신시설,관람,1
02000,공동주택,방재시,1
Z6000,판매및영업시설,아화역관사,1
15000,숙박시설,숙박생활시설,1
21000,동물및식물관련시설,비닐하우스,1
03000,제1종근린생활시설,기술계핫원,1
17000,공장,체험홍보관,1
15000,숙박시설,손님숙소,1
21000,동물및식물관련시설,동믈,1
25000,발전시설,옥외화장실,1
08000,운수시설,객차잔해,1
06000,종교시설,연화당,1
06000,종교시설,종교인,1
04000,제2종근린생활시설,농산물가공생산장,1
18000,창고시설,일반창고및주택,1
21000,동물및식물관련시설,직원휴게소,1
03000,제1종근린생활시설,특산물판매전시장,1
18000,창고시설,정압기실,1
18000,창고시설,축사사료창고,1
18000,창고시설,반품처리장,1
11000,노유자시설,아동시설놀이방,1
09000,의료시설,부대,1
18000,창고시설,왕겨저장실,1
01000,단독주택,농업인부속창고,1
01000,단독주택,단촉주택,1
01000,단독주택,감시소사택,1
01000,단독주택,외부휴게실,1
17000,공장,스프레이드라이어실,1
18000,창고시설,제1종근린생활시설외1,1
18000,창고시설,분뇨쓰레기처리시설,1
18000,창고시설,관리사무실창고,1
18000,창고시설,주차시설및창고,1
17000,공장,오프레이션룸,1
18000,창고시설,딸기집하장,1
21000,동물및식물관련시설,작물재바사,1
21000,동물및식물관련시설,동물관련사육시설,1
17000,공장,집진dust실,1
18000,창고시설,사료저온저장고,1
18000,창고시설,원차실,1
21000,동물및식물관련시설,우유가공실습실,1
21000,동물및식물관련시설,신수납사,1
01000,단독주택,점포외2건,1
17000,공장,1000t,1
01000,단독주택,제2종근린생활시설다가구주택,1
01000,단독주택,창고및변,1
18000,창고시설,어촌마을농기계창고,1
18000,창고시설,죽촌농산물집하장,1
18000,창고시설,소방펌프모터실,1
21000,동물및식물관련시설,농업용잠실,1
10000,교육연구시설,창고3동,1
04000,제2종근린생활시설,제2음식점,1
18000,창고시설,사슴사육장및농기계보관창고,1
01000,단독주택,단돈주택,1
18000,창고시설,도로변휴게소,1
18000,창고시설,수산물간이저장고,1
18000,창고시설,시장장옥,1
01000,단독주택,산림경영사,1
21000,동물및식물관련시설,주택및버섯재배사,1
03000,제1종근린생활시설,대세대주택,1
18000,창고시설,축사및농기계보관창고,1
21000,동물및식물관련시설,비축사,1
21000,동물및식물관련시설,사슴사육사및창고,1
18000,창고시설,농가용저장창고,1
01000,단독주택,양수장시설,1
b7990,,동식물관련시설,1
03000,제1종근린생활시설,침전지본동,1
19000,위험물저장및처리시설,쓰레기처리시설,1
21000,동물및식물관련시설,양성화돈사,1
18000,창고시설,원료적치장,1
18000,창고시설,냉장창고시설,1
18000,창고시설,부속창고및소매점,1
21000,동물및식물관련시설,배란실,1
01000,단독주택,주택및근린점포,1
21000,동물및식물관련시설,동물및식물관련시설ㄹ,1
21000,동물및식물관련시설,톱법발효건조장,1
18000,창고시설,가공석재보관창고,1
14000,업무시설,가압장,1
01000,단독주택,다가구주택으로,1
01000,단독주택,부동사중개업소,1
04000,제2종근린생활시설,복합상가,1
21000,동물및식물관련시설,가축운동장,1
18000,창고시설,농기구보관용,1
21000,동물및식물관련시설,계사사료창고,1
18000,창고시설,농림창고,1
06000,종교시설,달성,1
01000,단독주택,단독주택17가구,1
02000,공동주택,2종근린생활시설및주택,1
02000,공동주택,다세대주택및1,1
02000,공동주택,4203동,1
18000,창고시설,식품저온창고,1
21000,동물및식물관련시설,농축산생산시설,1
20000,자동차관련시설,강당,1
01000,단독주택,주택및2용도,1
18000,창고시설,냉장및냉동창고,1
04000,제2종근린생활시설,구내매점,1
18000,창고시설,개장고,1
17000,공장,rto데크,1
18000,창고시설,무기창고,1
05000,문화및집회시설,생가사랑채,1
01000,단독주택,의식시설,1
27000,관광휴게시설,종각,1
27000,관광휴게시설,제2방문자안내소,1
17000,공장,pp공장,1
18000,창고시설,수산장,1
21000,동물및식물관련시설,계란,1
18000,창고시설,잡곡저장창고,1
17000,공장,s상담센터,1
01000,단독주택,3가구용단독주택,1
01000,단독주택,화채독,1
22000,분뇨.쓰레기처리시설,액상부식동,1
18000,창고시설,호박저온저장창고,1
18000,창고시설,단독주택부속창고,1
03000,제1종근린생활시설,양곡상,1
21000,동물및식물관련시설,창고및계사,1
01000,단독주택,다중주택및단독주택,1
01000,단독주택,월성정자,1
21000,동물및식물관련시설,육추육성계사,1
17000,공장,cuard,1
18000,창고시설,소백산국립공원,1
18000,창고시설,냉동창,1
18000,창고시설,어류정량실,1
21000,동물및식물관련시설,청소년수련시설,1
02000,공동주택,고한종업원숙소b동,1
19000,위험물저장및처리시설,부품저장소,1
02000,공동주택,원룸형42세대,1
11000,노유자시설,출입구,1
22000,분뇨.쓰레기처리시설,4계열,1
24000,방송통신시설,전화기계설비실,1
a0100,,단독주택,1
17000,공장,52동,1
14000,업무시설,옥외피난계단,1
21000,동물및식물관련시설,농수산업관련,1
04000,제2종근린생활시설,관련시설외1용도,1
03000,제1종근린생활시설,사무소및창고,1
04000,제2종근린생활시설,도료관련제픔,1
14000,업무시설,814호,1
03000,제1종근린생활시설,소매점5호,1
03000,제1종근린생활시설,고속도성주영업소,1
18000,창고시설,견조장,1
Z3000,근린생활시설,영업소및제2종근린생활시설,1
Z3000,근린생활시설,5세대,1
03000,제1종근린생활시설,단독주택2가구용,1
17000,공장,벌크상,1
17000,공장,ev연결부분,1
04000,제2종근린생활시설,영업소외,1
01000,단독주택,부속및창고,1
16000,위락시설,제1ㆍ2종근린생활시설,1
04000,제2종근린생활시설,사찰및납골당,1
14000,업무시설,노인복지시설군,1
11000,노유자시설,어린이놀이터,1
03000,제1종근린생활시설,공산1동사무소,1
17000,공장,복지관동,1
18000,창고시설,냉연창고,1
01000,단독주택,90년농촌주택개량,1
21000,동물및식물관련시설,현장실습체험장,1
18000,창고시설,vls창고,1
31000,야영장시설,옥외수영장,1
04000,제2종근린생활시설,도장공장,1
04000,제2종근린생활시설,102동,1
01000,단독주택,문화재보호각,1
18000,창고시설,오수중계펌프장,1
17000,공장,음향기기제조업,1
Z3000,근린생활시설,호스텔,1
03000,제1종근린생활시설,외7,1
18000,창고시설,헛간변소,1
03000,제1종근린생활시설,일바음식점,1
02000,공동주택,114대,1
14000,업무시설,휘트니스센타,1
,,양송이공장,1
01000,단독주택,영업업무시설,1
04000,제2종근린생활시설,원룸형2세대,1
03000,제1종근린생활시설,변전실10호,1
17000,공장,화공약품창고,1
03000,제1종근린생활시설,노인정관리소,1
03000,제1종근린생활시설,수산물어구및선구의점포,1
10000,교육연구시설,주민운동시설,1
01000,단독주택,문간및물치장,1
04000,제2종근린생활시설,공동취사장,1
06000,종교시설,제실및,1
03000,제1종근린생활시설,구판장및,1
03000,제1종근린생활시설,생태체험센타,1
21000,동물및식물관련시설,토착,1
21000,동물및식물관련시설,미생물,1
04000,제2종근린생활시설,타이어수리시설,1
19000,위험물저장및처리시설,실외기실,1
14000,업무시설,경천대관리소,1
20000,자동차관련시설,제1종근생근린생활시설,1
18000,창고시설,농업용저온저장고및창고,1
17000,공장,합판거푸집제조,1
04000,제2종근린생활시설,조미식품제조업,1
20000,자동차관련시설,치공구공장,1
17000,공장,조업정비창고,1
02000,공동주택,부대시실,1
04000,제2종근린생활시설,대양루,1
04000,제2종근린생활시설,단독주낵,1
05000,문화및집회시설,퇴비사,1
17000,공장,채양,1
03000,제1종근린생활시설,측위국,1
10000,교육연구시설,음식물쓰레기처리기,1
04000,제2종근린생활시설,전통공예,1
20000,자동차관련시설,폐차야적장,1
19000,위험물저장및처리시설,주유원숙소,1
01000,단독주택,식육판매업,1
04000,제2종근린생활시설,석유판매,1
18000,창고시설,주택점포,1
22000,분뇨.쓰레기처리시설,재활용품수리판매소,1
02000,공동주택,다세대주택7가구,1
,,통신망시설,1
03000,제1종근린생활시설,우형사,1
,,배곡양수장,1
14000,업무시설,중형,1
02000,공동주택,원룸형다세대13세대,1
17000,공장,에어탱크실,1
05000,문화및집회시설,건물,1
01000,단독주택,놀이형시설,1
19000,위험물저장및처리시설,유류판매취급소및근린생활시설,1
03000,제1종근린생활시설,기존창고,1
19000,위험물저장및처리시설,가스저장소및기계실,1
17000,공장,싱크대조립공장,1
24000,방송통신시설,발동반,1
25000,발전시설,scr증발기동2,1
17000,공장,무탱크실,1
18000,창고시설,회관및노인정,1
17000,공장,가스청합실,1
10000,교육연구시설,학,1
01001,단독주택,자동차관련시설,1
02000,공동주택,5가구용,1
18000,창고시설,복관창고,1
18000,창고시설,다목적저온창고,1
20000,자동차관련시설,신정동899,1
20000,자동차관련시설,1부설주차장,1
10000,교육연구시설,식당및써클동,1
01000,단독주택,재조업,1
07000,판매시설,전기차,1
27000,관광휴게시설,동식물관련시설,1
19000,위험물저장및처리시설,분해가스압축기기계실,1
03000,제1종근린생활시설,근리생활시설및,1
,,관광농원편의시설,1
07000,판매시설,농신물직판장,1
17000,공장,연료창고,1
21000,동물및식물관련시설,발효조시설,1
17000,공장,화학제품저장창고,1
03000,제1종근린생활시설,배수탱크,1
01000,단독주택,농림수산업용창고,1
08000,운수시설,방전실,1
18000,창고시설,산지유통보관창고,1
03000,제1종근린생활시설,피로티,1
06000,종교시설,범종,1
18000,창고시설,에이,1
17000,공장,이판암,1
19000,위험물저장및처리시설,고순도가스제조처리시설,1
05000,문화및집회시설,현릉정자각,1
21000,동물및식물관련시설,연구실및성액제조실,1
14000,업무시설,분리장,1
17000,공장,수위실겸사무실,1
06000,종교시설,및집회시설,1
19000,위험물저장및처리시설,유류취급작업실,1
03000,제1종근린생활시설,전경막사,1
21000,동물및식물관련시설,취사장,1
19000,위험물저장및처리시설,관리소,1
01000,단독주택,농산물건조실창고,1
05000,문화및집회시설,가죽집,1
17000,공장,ph드럼파쇄기실,1
,,채소류식품가공,1
12000,수련시설,기타수련시설,1
05000,문화및집회시설,경릉정자각,1
05000,문화및집회시설,경릉비각,1
Z8000,교육연구및복지시설,1종,1
01000,단독주택,종중제실,1
18000,창고시설,환적장,1
02000,공동주택,방,1
07000,판매시설,판매및영업시설외3용도,1
04200,종교집회장,관리사,1
18000,창고시설,축사및,1
01000,단독주택,관리실용도,1
17000,공장,창고및차고,1
14000,업무시설,주차장관리소,1
17000,공장,가금류가공처리,1
,,원두막,1
01000,단독주택,남,1
Z5000,문화및집회시설,청년부기도실,1
26000,묘지관련시설,안치실,1
04000,제2종근린생활시설,자동차부품판매,1
01000,단독주택,세멘부록조,1
,,공무과,1
,,희운각대피소,1
01000,단독주택,관망대,1
23000,교정및군사시설,4대형,1
26000,묘지관련시설,시립공원묘지,1
21000,동물및식물관련시설,제제소,1
17000,공장,원치하우스,1
03000,제1종근린생활시설,간이음식점및정육점,1
16000,위락시설,관리실,1
19000,위험물저장및처리시설,가스통보관소,1
19000,위험물저장및처리시설,화장실및샤워실,1
Z3000,근린생활시설,계사,1
,,지하주차장2,1
17000,공장,난방용기름탱크창고,1
19000,위험물저장및처리시설,위험물저장소5,1
,,제2종교집회장등,1
03000,제1종근린생활시설,세멘브럭,1
13000,운동시설,병원,1
13000,운동시설,부속건물,1
,,연탄창고,1
04000,제2종근린생활시설,교회외,1
18000,창고시설,농산물저장및농기계창고,1
19000,위험물저장및처리시설,수압파열실,1
04000,제2종근린생활시설,철물및관련제품제조입,1
21000,동물및식물관련시설,벼출하실,1
18000,창고시설,소화펌프실,1
19000,위험물저장및처리시설,쓰레기보관소,1
03000,제1종근린생활시설,공공단체,1
07000,판매시설,용역원대기실,1
17000,공장,c기타조립금속제품제조업,1
23000,교정및군사시설,교육연구및복지시설,1
01000,단독주택,이용업,1
04000,제2종근린생활시설,건축자재점,1
17000,공장,제유장,1
05000,문화및집회시설,휴계실,1
23000,교정및군사시설,빨래건조장,1
26000,묘지관련시설,물품보관창고,1
19000,위험물저장및처리시설,지하주차장,1
01000,단독주택,875,1
02000,공동주택,지상옥외계단,1
14000,업무시설,오피스텔22호,1
,,작은도서관,1
06000,종교시설,종교시설요사,1
,,전기,1
03000,제1종근린생활시설,미주아파트,1
04000,제2종근린생활시설,탈곡장,1
03000,제1종근린생활시설,영남노인복지관,1
05000,문화및집회시설,전사각,1
09000,의료시설,주차빌딩,1
03000,제1종근린생활시설,통신공사,1
03000,제1종근린생활시설,마을공예체험장,1
03000,제1종근린생활시설,공중수세식화장실,1
03000,제1종근린생활시설,금호파출소,1
03000,제1종근린생활시설,나발경찰출장소,1
21000,동물및식물관련시설,퇴비단여과시설,1
18000,창고시설,농림축산업시험,1
03000,제1종근린생활시설,농장관리실,1
03000,제1종근린생활시설,공중화장식,1
17000,공장,pgc쉘타,1
03000,제1종근린생활시설,방범대사무실,1
03000,제1종근린생활시설,커뮤니티,1
04000,제2종근린생활시설,정교집회장,1
03000,제1종근린생활시설,소매점및저온창고,1
03000,제1종근린생활시설,감자저장고,1
03000,제1종근린생활시설,잡유창고,1
11000,노유자시설,전시시설,1
03000,제1종근린생활시설,장애자회관,1
17000,공장,makeup콤프레샤쉘타,1
03000,제1종근린생활시설,도암회관,1
Z8000,교육연구및복지시설,중,1
03000,제1종근린생활시설,휴게음식점등,1
18000,창고시설,시험장,1
18000,창고시설,해태냉동실,1
03000,제1종근린생활시설,변소및보일러실,1
03000,제1종근린생활시설,유선관리사,1
04000,제2종근린생활시설,무전실,1
02000,공동주택,59a타입,1
03000,제1종근린생활시설,상수도펌프실,1
20000,자동차관련시설,사점,1
11000,노유자시설,관리사무실겸노인정,1
03000,제1종근린생활시설,마을기록관,1
03000,제1종근린생활시설,소매점및사무소및주택,1
03000,제1종근린생활시설,근린생활시절,1
03000,제1종근린생활시설,반회관,1
17000,공장,현도실,1
03000,제1종근린생활시설,점포및지하실,1
03000,제1종근린생활시설,단군전,1
03000,제1종근린생활시설,비디오대여,1
21000,동물및식물관련시설,우사방카싸이로,1
03000,제1종근린생활시설,화봉마을회관,1
21000,동물및식물관련시설,공중화장실,1
03000,제1종근린생활시설,이륜차차고,1
03000,제1종근린생활시설,농자재폐기물창고,1
03000,제1종근린생활시설,마을부녀회관,1
03000,제1종근린생활시설,메주체험장,1
03000,제1종근린생활시설,대감창고,1
04000,제2종근린생활시설,유기동물보호센터,1
03000,제1종근린생활시설,기상관측용통신시설,1
03000,제1종근린생활시설,마을건강증진센터,1
03000,제1종근린생활시설,마을회창고,1
03000,제1종근린생활시설,제1종근린생활싯설,1
03000,제1종근린생활시설,삭도정차장,1
02000,공동주택,기숙사및부대시설,1
18000,창고시설,미생물발효장,1
10000,교육연구시설,드론경기장,1
31000,야영장시설,놀이시설,1
03000,제1종근린생활시설,대사관,1
03000,제1종근린생활시설,중앙공급동,1
03000,제1종근린생활시설,상수도가압시설관리,1
03000,제1종근린생활시설,시우회관,1
14000,업무시설,배합실,1
04000,제2종근린생활시설,연와조,1
03000,제1종근린생활시설,구암모정,1
03000,제1종근린생활시설,고집,1
17000,공장,공장부설,1
03000,제1종근린생활시설,배수문기계실,1
11000,노유자시설,식품검수장,1
01000,단독주택,단독3세대,1
04000,제2종근린생활시설,조경단정문,1
03000,제1종근린생활시설,목사내아,1
04000,제2종근린생활시설,음,1
03000,제1종근린생활시설,전신전화국분실청사,1
03000,제1종근린생활시설,동력충전실,1
11000,노유자시설,노인휴게소,1
02000,공동주택,716,1
03000,제1종근린생활시설,도로터널관리소,1
20000,자동차관련시설,456,1
03000,제1종근린생활시설,이동통신중계소,1
21000,동물및식물관련시설,시설원예하우스,1
20000,자동차관련시설,교육연구,1
10000,교육연구시설,화장실및사무실,1
03000,제1종근린생활시설,119안전센타,1
09000,의료시설,해바라기센터,1
03000,제1종근린생활시설,장체장,1
02000,공동주택,316,1
03000,제1종근린생활시설,청소년문화의집,1
03000,제1종근린생활시설,쓰레기분리수거소,1
02000,공동주택,오피스텔2,1
02000,공동주택,로컬푸드매장,1
03000,제1종근린생활시설,소수력설비동,1
03000,제1종근린생활시설,가압실,1
05000,문화및집회시설,매표실,1
01000,단독주택,배란다,1
11000,노유자시설,사회교육시설,1
17000,공장,착색실,1
03000,제1종근린생활시설,제1종근린생활시설구시설,1
03000,제1종근린생활시설,수질개선설비운영,1
03000,제1종근린생활시설,녹차시음장,1
17000,공장,판자상자제조업,1
03000,제1종근린생활시설,미화원대기실,1
03000,제1종근린생활시설,농산물집하장및사무실,1
11000,노유자시설,식품위생시설,1
03000,제1종근린생활시설,육각정자,1
03000,제1종근린생활시설,통풍식톱밥발효정화조및퇴적장,1
03000,제1종근린생활시설,제2종근린및주택,1
03000,제1종근린생활시설,분구중심,1
04000,제2종근린생활시설,탱크로리,1
03000,제1종근린생활시설,체육도장및사무소,1
03000,제1종근린생활시설,산림생태관리센터,1
19000,위험물저장및처리시설,공구창고,1
11000,노유자시설,쌍지노인정,1
01000,단독주택,커텐및휘장제조업,1
03000,제1종근린생활시설,상수도전기실,1
03000,제1종근린생활시설,의료소매점,1
03000,제1종근린생활시설,창고및실험실,1
02000,공동주택,동별수위실,1
03000,제1종근린생활시설,근린생활시설및지하대피소,1
21000,동물및식물관련시설,축사및조적조,1
03000,제1종근린생활시설,협동조합구판장,1
03000,제1종근린생활시설,소주양수장,1
03000,제1종근린생활시설,사회단체사무실,1
03000,제1종근린생활시설,갈산보건지소,1
02000,공동주택,미술학원,1
17000,공장,유기질비료발효장,1
03000,제1종근린생활시설,펌프장경비실,1
Z8000,교육연구및복지시설,다목적교실,1
03000,제1종근린생활시설,일반목재가구,1
03000,제1종근린생활시설,마을공동제작소,1
17000,공장,정,1
03000,제1종근린생활시설,업무시설외1,1
03000,제1종근린생활시설,제품휴게실,1
13000,운동시설,환경정화,1
03000,제1종근린생활시설,야외변소,1
03000,제1종근린생활시설,휴식실,1
17000,공장,믹서실,1
01000,단독주택,부동산중개사사무소,1
03000,제1종근린생활시설,경로복지지설,1
04000,제2종근린생활시설,회의실및회관,1
04000,제2종근린생활시설,전기자동차충전소,1
03000,제1종근린생활시설,조정조계단실,1
18000,창고시설,차고수위,1
11000,노유자시설,노유자시설및제2종근린생활시설,1
01000,단독주택,양로당관리사,1
18000,창고시설,가마,1
17000,공장,전남방직,1
11000,노유자시설,보육원및주택,1
11000,노유자시설,만덕양노당,1
03000,제1종근린생활시설,도수장,1
03000,제1종근린생활시설,마을공동간이상수도양수장,1
17000,공장,1sru분석기실,1
10000,교육연구시설,432,1
11000,노유자시설,교장,1
14000,업무시설,양생실,1
30000,자원순환관련시설,자월순환관련시설,1
17000,공장,벌크수하터널,1
09000,의료시설,현관,1
02000,공동주택,사회경제지원센터,1
14000,업무시설,농산물공판장,1
01000,단독주택,근린생활2종,1
17000,공장,공동퇴비장,1
18000,창고시설,드럼,1
30000,자원순환관련시설,설비동,1
02000,공동주택,도시형생활주택중단지형연립주택,1
02000,공동주택,유수검지장치실,1
21000,동물및식물관련시설,축사및착유장퇴비사,1
04000,제2종근린생활시설,간이tv중계소,1
17000,공장,철물관련제품제조,1
03000,제1종근린생활시설,동헌,1
03000,제1종근린생활시설,pcr,1
17000,공장,제빙및,1
33000,"국방,군사시설",정비고,1
02000,공동주택,돌봄센타,1
10000,교육연구시설,본,1
17000,공장,괸리동,1
02000,공동주택,지층차고,1
17000,공장,식물성유지제조업,1
30000,자원순환관련시설,탈수케익저장동,1
02000,공동주택,피아노학원,1
17000,공장,폐기물중간처리업,1
17000,공장,battery,1
17000,공장,4보일러실,1
11000,노유자시설,목욕탕및강의실,1
06000,종교시설,동사,1
04000,제2종근린생활시설,일부주택,1
08000,운수시설,시멘트저장싸이로,1
24000,방송통신시설,무인전화국집선실,1
17000,공장,목공내장재,1
03000,제1종근린생활시설,비가림창고,1
02000,공동주택,연수생숙소,1
02000,공동주택,펌프실전기실,1
03000,제1종근린생활시설,광산부대시설,1
16000,위락시설,특수목욕탕,1
04000,제2종근린생활시설,미륵각,1
30000,자원순환관련시설,농축조동,1
03000,제1종근린생활시설,녹색농촌체험마을회,1
18000,창고시설,자재창조,1
20000,자동차관련시설,관리인실,1
04000,제2종근린생활시설,공예점,1
20000,자동차관련시설,전시동,1
Z3000,근린생활시설,중계소무인,1
30000,자원순환관련시설,폐기분처분시설,1
22000,분뇨.쓰레기처리시설,슬러지건조시설,1
17000,공장,남자용,1
04000,제2종근린생활시설,기타건축용품제조업,1
05000,문화및집회시설,사회복지시설,1
02000,공동주택,단독연립,1
18000,창고시설,사과선별,1
04000,제2종근린생활시설,해사관련시설,1
02000,공동주택,사원임대아파트경비실,1
02000,공동주택,스포츠센타,1
21000,동물및식물관련시설,포장시설,1
02000,공동주택,노동복지센터,1
02000,공동주택,청년비지니스센터,1
01000,단독주택,동사무소,1
13000,운동시설,회랑,1
02000,공동주택,보행자계단,1
02000,공동주택,도구실,1
04010,학원,제1,1
11000,노유자시설,제조시설,1
11000,노유자시설,클린룸,1
Z5000,문화및집회시설,선불당,1
04000,제2종근린생활시설,12호,1
02000,공동주택,지하2주차장,1
12000,수련시설,c동,1
17000,공장,원료동,1
15000,숙박시설,제2종및제1종근린생활시설,1
17000,공장,발효저장실,1
02000,공동주택,옥외계단4,1
02000,공동주택,무인택배보관함실,1
Z3000,근린생활시설,공동구판장,1
17000,공장,낙하시험창고,1
04000,제2종근린생활시설,경의실,1
02000,공동주택,양수장,1
04000,제2종근린생활시설,차고및보일러,1
02000,공동주택,유틸리티룸,1
17000,공장,컨트럴룸,1
17000,공장,콘덴샤,1
04000,제2종근린생활시설,철물점,1
02000,공동주택,지하수도,1
02000,공동주택,전기기계실및펌프실,1
02000,공동주택,창고2,1
02000,공동주택,헬스연습장,1
02000,공동주택,대동주택아파트,1
02000,공동주택,스쿨버스스테이션,1
02000,공동주택,초원상가,1
10000,교육연구시설,학습동,1
02000,공동주택,인도어파크,1
02000,공동주택,도시형생활주택및오피스텔,1
02000,공동주택,지하전기실,1
02000,공동주택,공용코아,1
02000,공동주택,음식물쓰레기분리수거장,1
04000,제2종근린생활시설,꿀정제시설,1
02000,공동주택,통신기계실,1
02000,공동주택,자녀공부방,1
06000,종교시설,휴휴암,1
20000,자동차관련시설,연결복도,1
03000,제1종근린생활시설,가스저장실,1
23000,교정및군사시설,전차정비고,1
18000,창고시설,농가창고외,1
02000,공동주택,아파트부속상가,1
03000,제1종근린생활시설,의용소방대차고,1
15000,숙박시설,법당,1
02000,공동주택,조식드라이브,1
,,12,1
05000,문화및집회시설,지붕개량형,1
04000,제2종근린생활시설,보울링장,1
17000,공장,정비조립장,1
17000,공장,123호,1
17000,공장,제1종및,1
01000,단독주택,외상문,1
02000,공동주택,지하부대시설,1
02000,공동주택,육아보육센터,1
03000,제1종근린생활시설,김가공작업장,1
17000,공장,씨벌크출하대,1
15000,숙박시설,건축,1
02000,공동주택,경로회관,1
02000,공동주택,인재의숲,1
11000,노유자시설,재활센타,1
17000,공장,제조업0,1
02000,공동주택,영화연립,1
06000,종교시설,격납고,1
30000,자원순환관련시설,에너지지원동,1
01000,단독주택,주산교습소,1
01000,단독주택,교급소,1
17000,공장,tmp본공장,1
02000,공동주택,공영주택,1
01000,단독주택,인반음식점,1
06000,종교시설,성당및노유자시설,1
02000,공동주택,빗물저장조,1
02000,공동주택,입구라운지,1
02000,공동주택,연랍주택,1
04000,제2종근린생활시설,화랑,1
03000,제1종근린생활시설,ш맛狗,1
17000,공장,액화화물저장시설,1
17000,공장,봉재,1
01000,단독주택,창고및종탑,1
16000,위락시설,무도,1
16000,위락시설,특수,1
17000,공장,폐기물처리실,1
19000,위험물저장및처리시설,제2학생회관가스실,1
,,토조,1
07000,판매시설,아파트상가,1
10000,교육연구시설,실헐실,1
24000,방송통신시설,자동전화,1
19000,위험물저장및처리시설,위험물저장및처리관련시설,1
12000,수련시설,사택,1
03000,제1종근린생활시설,오피스텔외,1
19000,위험물저장및처리시설,공장출입문,1
04000,제2종근린생활시설,제2종근린생활시설사무소,1
07000,판매시설,간이매표소,1
03000,제1종근린생활시설,미역건조공장,1
03000,제1종근린생활시설,제4,1
13000,운동시설,호이스트,1
07000,판매시설,가축시장,1
01000,단독주택,만화방,1
21000,동물및식물관련시설,연구동,1
17000,공장,cooler용전기집진기실,1
,,화판,1
08000,운수시설,살수pond,1
22000,분뇨.쓰레기처리시설,약품창고및기계실,1
32000,교정시설,화장실,1
17000,공장,흙수비실,1
05000,문화및집회시설,신거정미소,1
21000,동물및식물관련시설,육상양식어업,1
18000,창고시설,해산물창고,1
22000,분뇨.쓰레기처리시설,공공처리시설,1
,,8등관사광,1
17000,공장,농가주택및농산물유통가공시설,1
04000,제2종근린생활시설,성불사,1
21000,동물및식물관련시설,볏짚저장,1
,,부속창고,1
02000,공동주택,apt용,1
02000,공동주택,할아버지방,1
02000,공동주택,다가구주택3가구,1
17000,공장,저온보관소,1
17000,공장,커튼및유사제품제조업,1
06000,종교시설,첨레당,1
10000,교육연구시설,천문관측소,1
01000,단독주택,6기구,1
03000,제1종근린생활시설,제1종근린생할시설외,1
17000,공장,종이상자제조,1
04000,제2종근린생활시설,어항시설,1
05000,문화및집회시설,천궁,1
08000,운수시설,전철공사사무소,1
04000,제2종근린생활시설,비료,1
04000,제2종근린생활시설,도시락제조,1
18000,창고시설,냉동창고및,1
04000,제2종근린생활시설,양식어사료제조실,1
17000,공장,당구대제조업,1
27000,관광휴게시설,목탑,1
01000,단독주택,유혜경,1
17000,공장,원액출고상차대,1
18000,창고시설,프건조장,1
19000,위험물저장및처리시설,유류판매점포,1
19000,위험물저장및처리시설,고압가스충전및저장소,1
14000,업무시설,주민공동시설2,1
Z3000,근린생활시설,창고및식당,1
20000,자동차관련시설,경정비수리센터,1
19000,위험물저장및처리시설,위험물저장소7,1
04000,제2종근린생활시설,자전거대여점,1
01000,단독주택,지휘관,1
27000,관광휴게시설,체험장,1
04000,제2종근린생활시설,근린생활시설및작업장,1
07000,판매시설,재활용보관창고,1
03000,제1종근린생활시설,성내2동사무소,1
17000,공장,사출실,1
03000,제1종근린생활시설,공업용수도시설,1
03000,제1종근린생활시설,자동차용품판매시설,1
22000,분뇨.쓰레기처리시설,고액분리기,1
19000,위험물저장및처리시설,기계식세차,1
19000,위험물저장및처리시설,의험물저장및처리시설,1
01000,단독주택,개량농가,1
18000,창고시설,변전소,1
07000,판매시설,차고지,1
01000,단독주택,대피소저탄장,1
01000,단독주택,재제소,1
,,복지회관,1
18000,창고시설,녹차,1
04000,제2종근린생활시설,남부출장소사무실,1
10000,교육연구시설,티프라교장,1
04000,제2종근린생활시설,농협지소,1
19000,위험물저장및처리시설,관광휴게시실,1
06000,종교시설,영천향교대성전,1
,,사당및서원,1
17000,공장,탈수설비동,1
18000,창고시설,자동차세차장,1
17000,공장,석고보드,1
19000,위험물저장및처리시설,제조시설,1
18000,창고시설,공동간이,1
03000,제1종근린생활시설,목재건구업,1
20000,자동차관련시설,툰업사,1
19000,위험물저장및처리시설,위험물판매및저장시설,1
03000,제1종근린생활시설,상수도펌프장,1
19000,위험물저장및처리시설,출하관리동,1
11000,노유자시설,할머니방,1
,,축분건조장,1
02000,공동주택,다세대주택및제1종근,1
07000,판매시설,일반주거지역,1
17000,공장,식당및휴게소,1
,,부주택,1
17000,공장,pta분석실,1
17000,공장,케미칼반입구캐노피,1
18000,창고시설,유독물보관소,1
05000,문화및집회시설,주차,1
12000,수련시설,유스호텔,1
17000,공장,아스팔트시료채취실,1
31000,야영장시설,숙박시설,1
17000,공장,근린생활시설및검사실,1
01000,단독주택,맞춤한복제조업,1
01001,단독주택,외,1
19000,위험물저장및처리시설,위험물보관시설,1
03000,제1종근린생활시설,농기계판매,1
01000,단독주택,제2종및근린생활시설,1
22000,분뇨.쓰레기처리시설,투약실,1
02000,공동주택,종합부대복리관,1
20000,자동차관련시설,택지개발지구내,1
10000,교육연구시설,원자로실,1
09000,의료시설,인근주차장,1
10000,교육연구시설,양수기계실,1
10000,교육연구시설,교회학교,1
01000,단독주택,상대회관,1
17000,공장,기숙사및전시관,1
04000,제2종근린생활시설,농기계판매점,1
21000,동물및식물관련시설,원예,1
03000,제1종근린생활시설,제빵,1
12000,수련시설,야외객석,1
17000,공장,동력측정실,1
14000,업무시설,우편물류창고시설,1
04000,제2종근린생활시설,체육관도장,1
17000,공장,공단,1
Z3000,근린생활시설,청소년,1
01000,단독주택,다용도부속실,1
10000,교육연구시설,콘크리트실험실,1
11000,노유자시설,방송실및창고,1
10000,교육연구시설,학교및부속시설,1
19000,위험물저장및처리시설,소장실,1
09000,의료시설,노인재활별동,1
10000,교육연구시설,누각,1
10000,교육연구시설,무기탄약고,1
10000,교육연구시설,애민관,1
04000,제2종근린생활시설,예체능교습소,1
08000,운수시설,운수시설내,1
01000,단독주택,창용,1
10000,교육연구시설,광학소재산업지원거점센터,1
09000,의료시설,편의점,1
08000,운수시설,철도관사,1
25000,발전시설,제어,1
17000,공장,투과율,1
05000,문화및집회시설,문화재보호,1
14000,업무시설,라,1
10000,교육연구시설,치과대학,1
02000,공동주택,단지형세대,1
14000,업무시설,도시형생활주택단지형다세대8세대,1
07000,판매시설,제과점,1
09000,의료시설,57세대,1
08000,운수시설,부설주차장,1
08000,운수시설,쌍봉역사,1
04000,제2종근린생활시설,교육연구및사회복지시설,1
Z8000,교육연구및복지시설,정수장,1
10000,교육연구시설,대장간,1
10000,교육연구시설,재활용쓰레기처리시설,1
17000,공장,폐품저장고,1
08000,운수시설,검사장1,1
17000,공장,155sru분석계기실,1
10000,교육연구시설,급식소휴게실,1
17000,공장,차체모듈동,1
04000,제2종근린생활시설,2종근랜생활시설,1
17000,공장,페인트부스,1
Z5000,문화및집회시설,마을공동창고,1
01000,단독주택,주택및도장,1
10000,교육연구시설,목형실,1
21000,동물및식물관련시설,가축시설부속창고,1
20000,자동차관련시설,목욕장,1
11000,노유자시설,복지센터,1
04000,제2종근린생활시설,중부,1
15000,숙박시설,차양대,1
Z3000,근린생활시설,염소투입실,1
15000,숙박시설,숙박시설및단독주택및근린생활시설,1
15000,숙박시설,화장실및개수대,1
15000,숙박시설,환경오염방지시설,1
17000,공장,선탄실,1
05000,문화및집회시설,교통광장,1
01000,단독주택,부속모정,1
15000,숙박시설,관광숙박시설외1,1
17000,공장,황산2공장,1
17000,공장,plc판넬룸,1
04000,제2종근린생활시설,위락시설주택,1
14200,일반업무시설,근린생활시설,1
21000,동물및식물관련시설,건초보관소,1
08000,운수시설,대기소,1
01000,단독주택,제2종근린생활시설설,1
21000,동물및식물관련시설,동물관련시서,1
03000,제1종근린생활시설,두부실,1
03000,제1종근린생활시설,근린생활사무실,1
17000,공장,비상용펌프룸,1
04000,제2종근린생활시설,재2종근,1
Z5000,문화및집회시설,독성각,1
13000,운동시설,팔의실,1
21000,동물및식물관련시설,곤충생산업,1
Z8000,교육연구및복지시설,관리실2,1
03000,제1종근린생활시설,토산물,1
Z3000,근린생활시설,생및단독주택,1
14000,업무시설,산후조리원,1
02000,공동주택,기계실b,1
24000,방송통신시설,병고,1
20000,자동차관련시설,정비사업장,1
03000,제1종근린생활시설,1계열침전지동,1
22000,분뇨.쓰레기처리시설,전처리동,1
24000,방송통신시설,중계차고,1
04000,제2종근린생활시설,공용부,1
10000,교육연구시설,마장중,1
22000,분뇨.쓰레기처리시설,액비처리및저장조,1
17000,공장,다이스실험실,1
17000,공장,충천장,1
22000,분뇨.쓰레기처리시설,페수처리실,1
10000,교육연구시설,농기계교육장,1
15000,숙박시설,제조장,1
03000,제1종근린생활시설,소형전화국사,1
04000,제2종근린생활시설,충훈사,1
20000,자동차관련시설,자동차간련시설,1
02000,공동주택,카트보관소,1
17000,공장,고압pipe저장창고,1
22000,분뇨.쓰레기처리시설,축분저장탱크,1
08000,운수시설,정류소대합실,1
22000,분뇨.쓰레기처리시설,제조장,1
20000,자동차관련시설,과적차량단속검문소,1
Z5000,문화및집회시설,서무,1
02000,공동주택,공용실외기실,1
21000,동물및식물관련시설,식품제제소,1
02000,공동주택,음악레슨실,1
13000,운동시설,잔디퇴비사,1
13000,운동시설,관정,1
01000,단독주택,건강세미나실,1
03000,제1종근린생활시설,숯가마실,1
03000,제1종근린생활시설,한약방및한의원,1
22000,분뇨.쓰레기처리시설,침사지동,1
Z9000,공공용시설,관리동,1
18000,창고시설,저온창고및사무실,1
22000,분뇨.쓰레기처리시설,5냉연공장,1
20000,자동차관련시설,체력단련장,1
02000,공동주택,중앙선큰,1
01000,단독주택,다가구및제2종근,1
01000,단독주택,단독주택용4가구,1
29000,장례시설,휴게실음식점,1
,,25x9,1
02000,공동주택,유지보수창고,1
03000,제1종근린생활시설,생태탐방안내센터,1
03000,제1종근린생활시설,일반공업,1
20000,자동차관련시설,싸이로,1
17000,공장,전선수지동,1
18000,창고시설,부속제거식,1
17000,공장,별관승차장,1
11000,노유자시설,요양보호자실,1
17000,공장,화장실및식당,1
26000,묘지관련시설,대기실,1
Z3000,근린생활시설,인터넷컴퓨터게임시설제공업,1
17000,공장,벌크터미널,1
20000,자동차관련시설,자동차관련실설,1
22000,분뇨.쓰레기처리시설,소화조,1
13000,운동시설,민방위비상급수장옥,1
22000,분뇨.쓰레기처리시설,유량계동,1
27000,관광휴게시설,고속도로,1
20000,자동차관련시설,차량관계시설,1
20000,자동차관련시설,부속식당,1
11000,노유자시설,직업훈련실,1
27000,관광휴게시설,오락실,1
20000,자동차관련시설,자동차도색장,1
18000,창고시설,당,1
04000,제2종근린생활시설,근린생환시설,1
04000,제2종근린생활시설,다목적건조,1
,,작옥건,1
03000,제1종근린생활시설,샤워장및화장실,1
21000,동물및식물관련시설,앵무새,1
21000,동물및식물관련시설,번식장,1
20000,자동차관련시설,매매장창고,1
19000,위험물저장및처리시설,vcm2,1
01000,단독주택,축사및부속사,1
20000,자동차관련시설,건설기계관리법에따른주기장,1
22000,분뇨.쓰레기처리시설,범송오니펌프동,1
21000,동물및식물관련시설,농업용보관창고,1
21000,동물및식물관련시설,133,1
04000,제2종근린생활시설,이불제조,1
22000,분뇨.쓰레기처리시설,고열소각로,1
17000,공장,j1,1
06000,종교시설,남전교회,1
14000,업무시설,다세대주택16세대,1
10000,교육연구시설,주차장부속동,1
22000,분뇨.쓰레기처리시설,폐수정화처리시설,1
14000,업무시설,히트펌프실,1
18000,창고시설,사업현장사무소,1
22000,분뇨.쓰레기처리시설,서고식당,1
22000,분뇨.쓰레기처리시설,송풍기실동,1
20000,자동차관련시설,승강기식주차장,1
17000,공장,케미컬공급실,1
22000,분뇨.쓰레기처리시설,시험소각로,1
18000,창고시설,선반실,1
20000,자동차관련시설,특수화물자동차사무실,1
17000,공장,사무실겸숙소,1
21000,동물및식물관련시설,종란창고,1
20000,자동차관련시설,주차타워및창고,1
04000,제2종근린생활시설,인공암벽장,1
17000,공장,금속철물제조,1
10000,교육연구시설,새마을어린이,1
04000,제2종근린생활시설,위판장사무실,1
22000,분뇨.쓰레기처리시설,탈리액처리시설,1
17000,공장,전용승강기실,1
03000,제1종근린생활시설,허브찜질방,1
04000,제2종근린생활시설,합명회사,1
22000,분뇨.쓰레기처리시설,공공시설,1
14000,업무시설,공용통로,1
03000,제1종근린생활시설,수산물판매,1
02000,공동주택,공중,1
04000,제2종근린생활시설,전시판매장,1
20000,자동차관련시설,도장작업장,1
21000,동물및식물관련시설,연면적제외,1
20000,자동차관련시설,차고및장비고,1
17000,공장,열실험동,1
17000,공장,조립업,1
20000,자동차관련시설,셔틀버스승강장,1
03000,제1종근린생활시설,기계식주차,1
10000,교육연구시설,내화시험동,1
10000,교육연구시설,자재보관및폐기물처리장,1
22000,분뇨.쓰레기처리시설,감용기,1
11000,노유자시설,교육연구및복지사설,1
18000,창고시설,농약실저장고,1
03000,제1종근린생활시설,귀농인체험장,1
20000,자동차관련시설,세척시설,1
15000,숙박시설,111호,1
06000,종교시설,공덕원,1
07000,판매시설,취락시설,1
17000,공장,c동순수개스압축기동,1
01000,단독주택,자동차영업소,1
17000,공장,기술시작동,1
21000,동물및식물관련시설,꿩사,1
Z6000,판매및영업시설,캐노피,1
21000,동물및식물관련시설,약품및사료창고,1
17000,공장,외숙직실,1
04000,제2종근린생활시설,25,1
22000,분뇨.쓰레기처리시설,분뇨및쓰레기처리리시설,1
04000,제2종근린생활시설,농수산물가공처리장,1
23000,교정및군사시설,여군편의시설,1
18000,창고시설,딘독주택,1
17000,공장,공조실및기계실,1
02000,공동주택,제2종근생및,1
17000,공장,경정비,1
19000,위험물저장및처리시설,용기검사장,1
01000,단독주택,보이라실창고,1
14000,업무시설,특수차량차고지,1
11202,사회복지시설,양로원,1
04000,제2종근린생활시설,2종근생근린생활시설,1
14000,업무시설,가스실,1
14000,업무시설,공용업무시설,1
04000,제2종근린생활시설,식당방갈로,1
01000,단독주택,제분공장,1
05000,문화및집회시설,테니스장탈의실샤워실,1
08000,운수시설,화본역,1
04000,제2종근린생활시설,자동차간이정비,1
19000,위험물저장및처리시설,세척실,1
14000,업무시설,신평갑문관리소,1
17000,공장,본관사무소,1
14000,업무시설,대피소및사무실,1
Z6000,판매및영업시설,구내식당,1
04000,제2종근린생활시설,축협,1
04000,제2종근린생활시설,농산물관련제조업소,1
17000,공장,세제동,1
17000,공장,피이촉매저장동,1
02000,공동주택,우수저류조중간관리층,1
02000,공동주택,다세대주택24세대,1
13000,운동시설,단지형연립주택,1
24000,방송통신시설,제작지원동,1
03000,제1종근린생활시설,소매섬,1
04000,제2종근린생활시설,비로전,1
17000,공장,인조규사,1
20000,자동차관련시설,업무및자동차관련시설,1
17000,공장,시멘트플랜트,1
08000,운수시설,제기소변소,1
18000,창고시설,농가주택에,1
19000,위험물저장및처리시설,주유소편의시설,1
14000,업무시설,금융기관사무소,1
27000,관광휴게시설,냉장기계실,1
17000,공장,맞춤복제조업,1
02000,공동주택,김시실,1
01000,단독주택,비주거용지하식,1
16000,위락시설,관리사무실,1
Z8000,교육연구및복지시설,학교시설,1
01000,단독주택,가가구용단독주택,1
01000,단독주택,사격장,1
21000,동물및식물관련시설,축산건조장,1
Z8000,교육연구및복지시설,교육4호관,1
30000,자원순환관련시설,액비펌프실,1
17000,공장,축산물1차가공처리공장,1
Z8000,교육연구및복지시설,주산학원,1
01000,단독주택,화장실및통로,1
15000,숙박시설,직원휴게소,1
01000,단독주택,행남,1
08000,운수시설,화물자동차운수시설,1
10000,교육연구시설,차량정비고,1
02000,공동주택,후면,1
18000,창고시설,제4호,1
17000,공장,기타부품제조업,1
19000,위험물저장및처리시설,욕실,1
Z5000,문화및집회시설,제1종,1
14000,업무시설,등기소,1
07000,판매시설,중앙감시실,1
16000,위락시설,휴흥주점,1
01000,단독주택,96주택개량사업,1
04000,제2종근린생활시설,제조업부속,1
17000,공장,관람실,1
05000,문화및집회시설,카메라부스동,1
01000,단독주택,부속및,1
05000,문화및집회시설,영휘원정자각,1
02000,공동주택,락카실,1
17000,공장,콘크리트타일,1
05000,문화및집회시설,용암서원,1
05000,문화및집회시설,솟을문,1
18000,창고시설,농기계용,1
13000,운동시설,판매시설및영업시설,1
04000,제2종근린생활시설,고입시계,1
05000,문화및집회시설,늑대사,1
05000,문화및집회시설,제2종근린생활시설외1,1
05000,문화및집회시설,용광로,1
04000,제2종근린생활시설,벽돌시험실,1
08000,운수시설,세차동,1
04000,제2종근린생활시설,음식,1
04000,제2종근린생활시설,철문관련제조,1
07000,판매시설,상가및,1
05000,문화및집회시설,통방앗간,1
05000,문화및집회시설,침송정,1
04000,제2종근린생활시설,위험물처리장및,1
05000,문화및집회시설,공용관,1
17000,공장,난연시험기계실,1
05000,문화및집회시설,다용도실,1
21000,동물및식물관련시설,우사954,1
21000,동물및식물관련시설,퇴비사160,1
15000,숙박시설,제2종근생사무소,1
04000,제2종근린생활시설,포장제조업공장,1
01000,단독주택,작판장,1
18000,창고시설,창고포함,1
02000,공동주택,단지형다세대세주택,1
04000,제2종근린생활시설,경의사,1
04000,제2종근린생활시설,사설강습,1
02000,공동주택,창작동아리,1
02000,공동주택,시멘트벽돌,1
17000,공장,탁구장및,1
01000,단독주택,농가주택으로,1
01000,단독주택,13호실,1
17000,공장,원재료보관창고,1
21000,동물및식물관련시설,버섯배배사,1
15000,숙박시설,1객실,1
21000,동물및식물관련시설,방역용품,1
18000,창고시설,보속동,1
31000,야영장시설,부속,1
04000,제2종근린생활시설,제1ㆍ2근린생활시설,1
05000,문화및집회시설,정자및주택,1
05000,문화및집회시설,전시시설의부대시설,1
04000,제2종근린생활시설,지하물탱크,1
05000,문화및집회시설,목공예체험장,1
17000,공장,1502a,1
05000,문화및집회시설,주민공동시설,1
17000,공장,켄비스제품제조업,1
05000,문화및집회시설,진양호관리실,1
01000,단독주택,고추건조기,1
03000,제1종근린생활시설,주민공동휴게실,1
05000,문화및집회시설,숭무당,1
04000,제2종근린생활시설,탑정관리소관리사,1
Z9000,공공용시설,상수도기계실,1
18000,창고시설,유가공저장창고,1
01000,단독주택,명부전,1
10000,교육연구시설,교육및화장실,1
22000,분뇨.쓰레기처리시설,폐수장,1
05000,문화및집회시설,컨트롤타워,1
17000,공장,수지공업,1
03000,제1종근린생활시설,취입부,1
20000,자동차관련시설,건조장,1
22000,분뇨.쓰레기처리시설,가스브로와동,1
13000,운동시설,캐디휴게실,1
05000,문화및집회시설,외부안내소,1
20000,자동차관련시설,사무실및검차대,1
04000,제2종근린생활시설,속리산관리사무소,1
17000,공장,저온고,1
03000,제1종근린생활시설,남경로당,1
21000,동물및식물관련시설,육성돈형질연구사,1
14000,업무시설,1세대,1
09000,의료시설,부속정화조,1
03000,제1종근린생활시설,마을교육관,1
11000,노유자시설,노인정회관,1
17000,공장,휠터룸,1
17000,공장,5사무실,1
03000,제1종근린생활시설,방재숙직실,1
17000,공장,액체및,1
17000,공장,공기청정기,1
17000,공장,산소병저장고,1
21000,동물및식물관련시설,새우판매,1
17000,공장,주3,1
21000,동물및식물관련시설,축사및운동장,1
14000,업무시설,해안초소전망초,1
17000,공장,2차염수정화동,1
17000,공장,수위,1
17000,공장,침유장,1
17000,공장,공작기계공장,1
17000,공장,배송센터휴게실,1
17000,공장,관리사뮤소,1
05000,문화및집회시설,우물,1
02000,공동주택,노유시설급식소,1
17000,공장,건조장및작업장,1
17000,공장,쿨링타워저수조,1
10000,교육연구시설,근로처소년기숙사,1
05000,문화및집회시설,캠핑,1
11000,노유자시설,가공반및농기구창고,1
19000,위험물저장및처리시설,간이휴게실,1
,,농민회의실,1
30000,자원순환관련시설,반입정화시설,1
27000,관광휴게시설,임산물판매장,1
20000,자동차관련시설,건조실,1
27000,관광휴게시설,굼터,1
04000,제2종근린생활시설,2종근린새활시설,1
01000,단독주택,도장공장,1
17000,공장,시트,1
27000,관광휴게시설,관광휴양소,1
02000,공동주택,56,1
02000,공동주택,관리mdf방재경비,1
27000,관광휴게시설,장비보관창고,1
13000,운동시설,도시계획사업,1
17000,공장,냉동연육가공,1
10000,교육연구시설,토목실험실,1
16000,위락시설,위락시설및주택근린생활시설,1
17000,공장,생물학적폐수처리시설,1
18000,창고시설,고방,1
01000,단독주택,다가구주택및1종2종근린생왈시설,1
01000,단독주택,벌크장,1
11000,노유자시설,공동구판장,1
11000,노유자시설,이,1
03000,제1종근린생활시설,침전지전기실외,1
01000,단독주택,자동차부속상,1
05000,문화및집회시설,수릉정자각,1
02000,공동주택,전기자동차,1
17000,공장,아크릴계미립자공장,1
18000,창고시설,psi,1
17000,공장,a창고,1
10000,교육연구시설,체육관겸용,1
14000,업무시설,12,1
03000,제1종근린생활시설,유독물보관창고,1
15000,숙박시설,3층,1
03000,제1종근린생활시설,가스,1
20000,자동차관련시설,방풍실,1
17000,공장,급수시설,1
27000,관광휴게시설,단군성전,1
04000,제2종근린생활시설,의,1
27000,관광휴게시설,휴식장,1
01000,단독주택,유류판매점,1
22000,분뇨.쓰레기처리시설,관리등,1
21000,동물및식물관련시설,톱밥우사발효장,1
17000,공장,46,1
04000,제2종근린생활시설,재래식된장,1
27000,관광휴게시설,야영장시설,1
17000,공장,축산가공공장,1
Z5000,문화및집회시설,문화및집회시설및제1종근린생활시설,1
04000,제2종근린생활시설,만세루,1
Z8000,교육연구및복지시설,농작업휴게실,1
13000,운동시설,목욕장,1
03000,제1종근린생활시설,부녀회,1
10000,교육연구시설,1층일부,1
Z8000,교육연구및복지시설,정문수위실,1
21000,동물및식물관련시설,26m2,1
13000,운동시설,관리실및화장실,1
Z8000,교육연구및복지시설,목부사,1
18000,창고시설,에프3가스저장창고,1
18000,창고시설,공산품보관,1
01000,단독주택,다가두주택,1
13000,운동시설,직원숙소1동,1
01000,단독주택,작업장창고,1
20000,자동차관련시설,콤프실,1
21000,동물및식물관련시설,공작사,1
10000,교육연구시설,기계식주차장,1
20000,자동차관련시설,외부계단,1
13000,운동시설,지하집수정,1
04000,제2종근린생활시설,달리분류되지않는과실,1
21000,동물및식물관련시설,다시마종묘장,1
14000,업무시설,b,1
19000,위험물저장및처리시설,액화충전가스,1
Z8000,교육연구및복지시설,문간,1
03000,제1종근린생활시설,국정,1
17000,공장,재생품,1
04000,제2종근린생활시설,배기휀룸,1
18000,창고시설,선과,1
03000,제1종근린생활시설,산부락경노당,1
02000,공동주택,교직원사택,1
21000,동물및식물관련시설,육묘온실,1
04000,제2종근린생활시설,가스충전소캐노피,1
10000,교육연구시설,공대3호관,1
Z8000,교육연구및복지시설,아동보육원숙사,1
04000,제2종근린생활시설,도시형7세대,1
14000,업무시설,오픈카페,1
11000,노유자시설,자원봉사자실,1
17000,공장,나염가공,1
01000,단독주택,표고건조실,1
Z3000,근린생활시설,공방및가마,1
17000,공장,v6,1
10000,교육연구시설,생태학습원,1
Z8000,교육연구및복지시설,교육연구시설및근생시설,1
17000,공장,도정공정,1
17000,공장,제작공장,1
17000,공장,pm,1
18000,창고시설,어류양식사료제조실,1
03000,제1종근린생활시설,자전거점,1
18000,창고시설,교육분원,1
17000,공장,산소압축기실동,1
17000,공장,펄프생산공장,1
02000,공동주택,09,1
17000,공장,제품창고2,1
17000,공장,아스팔트에말존공장,1
17000,공장,양수기실,1
17000,공장,단독주택및창고,1
17000,공장,전기차충전소,1
17000,공장,공장관리실,1
11000,노유자시설,아동수용소,1
17000,공장,사이드후레임공장,1
18000,창고시설,조리실,1
33000,"국방,군사시설",제1종근린생활시설,1
17000,공장,왁스용해사무실,1
17000,공장,작업자화장실,1
17000,공장,샘플보관창고,1
21000,동물및식물관련시설,버섯양식고,1
03000,제1종근린생활시설,주차장비가림시설,1
17000,공장,에이시이2방사동공장,1
02000,공동주택,우수저류조점검,1
17000,공장,지원동,1
17000,공장,대기오염방지시설,1
17000,공장,용수약품처리장,1
17000,공장,변전실2호,1
13000,운동시설,당수,1
17000,공장,침구제조공장,1
17000,공장,세벽,1
01000,단독주택,긍린생활시설,1
17000,공장,산소공장관리실,1
17000,공장,발동실,1
03000,제1종근린생활시설,선어구점포,1
10000,교육연구시설,정보센터,1
,,위험물처리시설,1
17000,공장,오니저장소,1
17000,공장,이동식도장장,1
17000,공장,자재보관장,1
17000,공장,과산화벤조일일반창고,1
03000,제1종근린생활시설,팔봉,1
03000,제1종근린생활시설,제1종근린생활시설창고,1
11000,노유자시설,짚공예전시관,1
04000,제2종근린생활시설,예비군중대본부,1
05000,문화및집회시설,연결통로2,1
11000,노유자시설,사회복지시설외3,1
11000,노유자시설,발산경로당,1
03000,제1종근린생활시설,암반과정,1
03000,제1종근린생활시설,엘리베이터,1
10000,교육연구시설,사점,1
15000,숙박시설,제1근린생활시설,1
03000,제1종근린생활시설,생활시설및구매시설및의료시설,1
03000,제1종근린생활시설,대중목용탕,1
03000,제1종근린생활시설,다사세천새마을회관,1
17000,공장,고주파필터실,1
03000,제1종근린생활시설,농산물집하장용창고,1
03000,제1종근린생활시설,지서사택,1
03000,제1종근린생활시설,관사변소,1
03000,제1종근린생활시설,회관및주택,1
03000,제1종근린생활시설,북창파출소,1
03000,제1종근린생활시설,녹지관리초소,1
03000,제1종근린생활시설,1종근린생활시설외1용도,1
14000,업무시설,유통업무시설,1
03000,제1종근린생활시설,의원외1용도,1
03000,제1종근린생활시설,목목장,1
14000,업무시설,연립주택16세대,1
02000,공동주택,압축기실,1
17000,공장,옥내위험물t,1
03000,제1종근린생활시설,어린이놀이시설,1
01000,단독주택,농사용저온저장고,1
22000,분뇨.쓰레기처리시설,중앙통제실,1
03000,제1종근린생활시설,조위관측소,1
03000,제1종근린생활시설,삼계면사무소,1
14000,업무시설,오피스텔및근생,1
03000,제1종근린생활시설,마을공동상수도,1
21000,동물및식물관련시설,가축용창고및퇴비사,1
03000,제1종근린생활시설,근린생활시설부속창고,1
03000,제1종근린생활시설,진서면보건지소사무실,1
17000,공장,블록공장,1
03000,제1종근린생활시설,정포및주택,1
04000,제2종근린생활시설,축산물육가공,1
03000,제1종근린생활시설,공동선별장,1
03000,제1종근린생활시설,경로식당,1
03000,제1종근린생활시설,정류소및화장실,1
03000,제1종근린생활시설,경량철골조,1
04000,제2종근린생활시설,전신전화국분기공사,1
19000,위험물저장및처리시설,설비자재보관창고,1
03000,제1종근린생활시설,약품보관창고,1
03000,제1종근린생활시설,사열대,1
03000,제1종근린생활시설,임해센타,1
03000,제1종근린생활시설,벼건조장,1
03000,제1종근린생활시설,전방,1
03000,제1종근린생활시설,옥외강의장,1
03000,제1종근린생활시설,가축용창고,1
02000,공동주택,지하주동,1
02000,공동주택,진흥법에의한시장,1
03000,제1종근린생활시설,제2종근린생활시설및다가구용단독주택,1
,,분사기제조,1
03000,제1종근린생활시설,제1종근린생활외1,1
03000,제1종근린생활시설,간이급수시설배수지,1
14000,업무시설,제2종근린생화시설,1
03000,제1종근린생활시설,2구초소,1
21000,동물및식물관련시설,주3,1
03000,제1종근린생활시설,설해대기소,1
03000,제1종근린생활시설,마을특산물홍보관,1
31000,야영장시설,직원휴게실,1
01000,단독주택,6주택,1
17000,공장,광학위험물옥내저장소,1
18000,창고시설,농기구농산품,1
03000,제1종근린생활시설,풍암마을회관,1
03000,제1종근린생활시설,남상마을회관,1
03000,제1종근린생활시설,우수저수조관리층,1
10000,교육연구시설,장고,1
02000,공동주택,주민대기공간,1
03000,제1종근린생활시설,가스정압기실,1
14000,업무시설,기계식주차타워,1
11000,노유자시설,합숙소,1
27000,관광휴게시설,가마실,1
17000,공장,정수밸브실,1
17000,공장,전기기계지원동,1
03000,제1종근린생활시설,광주시선거관리위원회,1
Z5000,문화및집회시설,위험물저장,1
01000,단독주택,근린생활시설및다가구단독주택,1
03000,제1종근린생활시설,농산물산지직판장,1
18000,창고시설,농업생산시설건조실,1
15000,숙박시설,위탁장,1
,,곡물반입,1
01000,단독주택,95년도농촌개량주택,1
17000,공장,건강보조식품제조,1
11000,노유자시설,재활용보관소,1
21000,동물및식물관련시설,조정배양시설,1
03000,제1종근린생활시설,변온소,1
17000,공장,집유및,1
04000,제2종근린생활시설,취수펌프장,1
03000,제1종근린생활시설,흡수조실,1
03000,제1종근린생활시설,창고및동회관,1
27000,관광휴게시설,실내마장,1
03000,제1종근린생활시설,배슬러지상옥,1
18000,창고시설,임항,1
03000,제1종근린생활시설,상계8동파출소,1
03000,제1종근린생활시설,예비군교보재창고,1
04000,제2종근린생활시설,근린생활시설국악제조업,1
03000,제1종근린생활시설,배슬러지지동,1
03000,제1종근린생활시설,창고및공동구판장,1
03000,제1종근린생활시설,영업용및주택및점포,1
18000,창고시설,농기계기재창고,1
22000,분뇨.쓰레기처리시설,f동,1
03000,제1종근린생활시설,공동목용탕,1
03000,제1종근린생활시설,가축위생사업소,1
03000,제1종근린생활시설,농산물지하장,1
03000,제1종근린생활시설,의약품창고,1
14000,업무시설,통신기기실,1
18000,창고시설,농사물보관,1
03000,제1종근린생활시설,충렬사매점,1
21000,동물및식물관련시설,지목및용도변경불가,1
21000,동물및식물관련시설,차량계류장관리실,1
17000,공장,진단기구제조,1
17000,공장,1중형lng정압기실,1
14000,업무시설,357호,1
06000,종교시설,동락서원,1
03000,제1종근린생활시설,근린생활시설주택창고,1
03000,제1종근린생활시설,저수펌프실,1
21000,동물및식물관련시설,짚저장고,1
03000,제1종근린생활시설,면사파출소청사,1
03000,제1종근린생활시설,개발제한구역감시초소,1
04000,제2종근린생활시설,여객자동차정류장,1
03000,제1종근린생활시설,멀티미디어문화켄테츠설비제공업소,1
21000,동물및식물관련시설,벼건조실,1
17000,공장,2호조쇄실,1
03000,제1종근린생활시설,근린생활시설및관리사무실,1
03000,제1종근린생활시설,남성보건진료소,1
03000,제1종근린생활시설,다목적산촌체험관,1
23000,교정및군사시설,a발전실,1
JY,,축사,1
33000,"국방,군사시설",연결통로,1
20000,자동차관련시설,주차장및대피소,1
03000,제1종근린생활시설,집수장,1
03000,제1종근린생활시설,근린생활시설및단독주택용1가구,1
03000,제1종근린생활시설,성산양수장,1
03000,제1종근린생활시설,입장권검표소,1
06000,종교시설,숙소a,1
03000,제1종근린생활시설,별정우체국,1
,,폐수처리용건물,1
11000,노유자시설,당사,1
03000,제1종근린생활시설,백원역,1
03000,제1종근린생활시설,미화원대기소,1
03000,제1종근린생활시설,수위국,1
04000,제2종근린생활시설,창고시설10,1
03000,제1종근린생활시설,오존발생기동,1
03000,제1종근린생활시설,화장실및매표소,1
18000,창고시설,개량저장창고,1
03000,제1종근린생활시설,초소2,1
03000,제1종근린생활시설,여객선기항지대기소,1
03000,제1종근린생활시설,근린생활시설및사무소,1
03000,제1종근린생활시설,어구및선구관계시설,1
04000,제2종근린생활시설,터미널,1
03000,제1종근린생활시설,농산물선별장및창고,1
03000,제1종근린생활시설,복합체육시설,1
04000,제2종근린생활시설,경기장,1
03000,제1종근린생활시설,공희당,1
11000,노유자시설,전시실,1
03000,제1종근린생활시설,정삼마을회관,1
03000,제1종근린생활시설,노유자시설및제1종근린생활시설,1
04000,제2종근린생활시설,창고및다용도실,1
18000,창고시설,아이동,1
03000,제1종근린생활시설,가압송수펌프실,1
03000,제1종근린생활시설,야외간이화장실,1
03000,제1종근린생활시설,구두수선소,1
03000,제1종근린생활시설,공간통로,1
03000,제1종근린생활시설,정미소벼보관창고및건조장,1
03000,제1종근린생활시설,자치지원센터,1
03000,제1종근린생활시설,목욕장관리실,1
17000,공장,원부원료창고,1
19000,위험물저장및처리시설,부속창고3,1
03000,제1종근린생활시설,양수장사택,1
03000,제1종근린생활시설,상인회사무실,1
03000,제1종근린생활시설,농축조분배실,1
03000,제1종근린생활시설,명곡2리동회관,1
03000,제1종근린생활시설,주거및근린시설,1
17000,공장,koh주입실,1
18000,창고시설,구동부,1
03000,제1종근린생활시설,야외체험장,1
03000,제1종근린생활시설,마을공동방문자센터,1
11000,노유자시설,월산노인회관,1
Z6000,판매및영업시설,가축시장,1
03000,제1종근린생활시설,대중음식점및주택,1
03000,제1종근린생활시설,슈퍼연쇄점,1
03000,제1종근린생활시설,수중휴게실,1
14000,업무시설,물품고,1
03000,제1종근린생활시설,공복리시설,1
03000,제1종근린생활시설,자전거주차장,1
02000,공동주택,전체주차장,1
02000,공동주택,떡방아간,1
07000,판매시설,촉,1
03000,제1종근린생활시설,근린공공용시설,1
03000,제1종근린생활시설,건전생활시설,1
03000,제1종근린생활시설,대우제새마을회관,1
03000,제1종근린생활시설,봉산면사무소,1
03000,제1종근린생활시설,영업소물치장,1
18000,창고시설,디이,1
,,체육관및주택,1
14000,업무시설,m,1
03000,제1종근린생활시설,함창역,1
03000,제1종근린생활시설,구판장및동회의실,1
05000,문화및집회시설,충익사,1
04000,제2종근린생활시설,유가공식품공장,1
19000,위험물저장및처리시설,보온창고,1
25000,발전시설,직원숙소,1
19000,위험물저장및처리시설,위험물옥내,1
03000,제1종근린생활시설,제1종및제2종근랜생활시설,1
17000,공장,계전,1
06000,종교시설,교인식당,1
01000,단독주택,식육판매점,1
01000,단독주택,다가용주택,1
03000,제1종근린생활시설,수산물집하장,1
03000,제1종근린생활시설,2종근린생활및교육연구시설,1
18000,창고시설,감시사,1
03000,제1종근린생활시설,마곡양수장,1
01000,단독주택,근린생활노유자시설,1
03000,제1종근린생활시설,염소추임실공,1
02000,공동주택,재활용선별창고3,1
02000,공동주택,공동주택외3용도,1
11000,노유자시설,제1종근린생활,1
15000,숙박시설,위험물판매취급소,1
02000,공동주택,농촌연립주택,1
11000,노유자시설,부랑아보호시설,1
02000,공동주택,관람석1,1
02000,공동주택,1종근생및다세대주택,1
02000,공동주택,관리실및경비실,1
17000,공장,공냉실,1
10000,교육연구시설,엔시에스연구동,1
17000,공장,가죽,1
30000,자원순환관련시설,곤충사육동,1
02000,공동주택,주민체육센터,1
18000,창고시설,현업과,1
02000,공동주택,옥외엘리베이터홀,1
19000,위험물저장및처리시설,후생복지시설,1
03000,제1종근린생활시설,썰매집창고,1
b7990,,콩나물재배사,1
02000,공동주택,10대,1
02000,공동주택,대다세개주택,1
18000,창고시설,lpg실냉동창고,1
02000,공동주택,합동주택,1
02000,공동주택,다세세대주댁,1
17000,공장,교통표지판,1
02000,공동주택,공원기숙사,1
04000,제2종근린생활시설,창호제작소,1
02000,공동주택,커뮤니티센터2,1
02000,공동주택,키즈케어센터,1
14000,업무시설,14실,1
02000,공동주택,여성공방,1
02000,공동주택,플레잉센터,1
02000,공동주택,공동주방및식당,1
02000,공동주택,키즈놀이체험실,1
02000,공동주택,아파트및관리실,1
02000,공동주택,연결송수관펌프실,1
02000,공동주택,아파트외1,1
05000,문화및집회시설,약재상,1
30000,자원순환관련시설,주경비실,1
02000,공동주택,중앙경비실,1
Z5000,문화및집회시설,매계정,1
18000,창고시설,시에치아이피창고,1
Z3000,근린생활시설,통신시설,1
02000,공동주택,의사아파트,1
Z3000,근린생활시설,떡방앗간,1
17000,공장,32117,1
10000,교육연구시설,선도농업경영체,1
03000,제1종근린생활시설,제3오수중계펌프,1
02000,공동주택,다세대8세대및근생시설,1
22000,분뇨.쓰레기처리시설,재활용가능자원,1
02000,공동주택,문화재보관소,1
21000,동물및식물관련시설,육추및육성계사,1
22000,분뇨.쓰레기처리시설,중앙제어시설,1
19000,위험물저장및처리시설,위험물저장침처리시설,1
04000,제2종근린생활시설,터널관리소,1
18000,창고시설,액비저장탱크,1
27000,관광휴게시설,작업실,1
04000,제2종근린생활시설,집회장소,1
04000,제2종근린생활시설,녹차가공공장,1
04000,제2종근린생활시설,액젖가공공장,1
04000,제2종근린생활시설,상례문,1
06000,종교시설,제수당,1
a0100,,전시장,1
01000,단독주택,우렁양식장,1
06000,종교시설,자재당,1
03000,제1종근린생활시설,중개소,1
11000,노유자시설,노인교실,1
04000,제2종근린생활시설,위락시설외2용도,1
17000,공장,20295,1
06000,종교시설,성요셉성당,1
04000,제2종근린생활시설,판매장및회의실,1
17000,공장,수산물냉동식품제조업,1
04000,제2종근린생활시설,이동통신소,1
18000,창고시설,수산물냉동보관,1
04000,제2종근린생활시설,증미실,1
01000,단독주택,제2종근린생활시러,1
04000,제2종근린생활시설,당산,1
02000,공동주택,아이러브맘카페,1
17000,공장,장난감제조장,1
13000,운동시설,역도경기장,1
01000,단독주택,장교막사,1
02000,공동주택,학교,1
01000,단독주택,보일러실및부속창고,1
04000,제2종근린생활시설,생가,1
09000,의료시설,양로원,1
18000,창고시설,노휴제,1
01000,단독주택,종교의식,1
04000,제2종근린생활시설,제2종근린생활시점,1
17000,공장,고령토가공,1
04000,제2종근린생활시설,동물관련시설및제2종근린생활시설,1
04000,제2종근린생활시설,근린생활시설및노인정,1
01000,단독주택,가스저장시설,1
04000,제2종근린생활시설,공단관리사무소,1
04000,제2종근린생활시설,기모실,1
Z3000,근린생활시설,생활,1
05000,문화및집회시설,동문,1
02000,공동주택,외국인휴게실,1
18000,창고시설,회의장,1
12000,수련시설,숙사,1
14000,업무시설,기술계학원,1
03000,제1종근린생활시설,부녀아동상담소,1
13000,운동시설,실탄저장소,1
20000,자동차관련시설,정비검사장,1
24000,방송통신시설,건물,1
17000,공장,수산업및급식,1
13000,운동시설,국궁연습장,1
19000,위험물저장및처리시설,트럭하역장,1
Z5000,문화및집회시설,돌고래,1
14000,업무시설,금고,1
13000,운동시설,민속문화재전시창고,1
13000,운동시설,정문보안실,1
17000,공장,랜스설비동,1
10000,교육연구시설,관광집회시설,1
05000,문화및집회시설,수련장관리사무실,1
01000,단독주택,냉동망저장고,1
18000,창고시설,곶감건조창고,1
13000,운동시설,테니스락카동,1
21000,동물및식물관련시설,비육사창고,1
01000,단독주택,및농업창고,1
01000,단독주택,농기구수리점관리사,1
17000,공장,화학탱크,1
04000,제2종근린생활시설,자기공예품작업실,1
Z5000,문화및집회시설,천주교회부속건물,1
18000,창고시설,저유조,1
17000,공장,2개동,1
04000,제2종근린생활시설,쓰레기분리장,1
04000,제2종근린생활시설,근생5,1
02000,공동주택,702동위치,1
10000,교육연구시설,2근린생활시설,1
13000,운동시설,구조물,1
13000,운동시설,운동시설외2건,1
18000,창고시설,담배건조기,1
14000,업무시설,선별장,1
04000,제2종근린생활시설,일신제,1
17000,공장,재생용비금속가공원료생산업,1
04000,제2종근린생활시설,도시형생활주택단지형다세대,1
04000,제2종근린생활시설,농기계수리와,1
01000,단독주택,정비소,1
04000,제2종근린생활시설,자전거임대,1
07000,판매시설,판매및영엽시설,1
21000,동물및식물관련시설,분만실우사,1
30000,자원순환관련시설,소독동,1
10000,교육연구시설,공대,1
01000,단독주택,근린생활2종시설,1
17000,공장,콤프전기실,1
17000,공장,원료장,1
01000,단독주택,단층소가,1
17000,공장,고압변전실,1
17000,공장,에스에프콘포실,1
04000,제2종근린생활시설,위허물저장,1
17000,공장,수산물가공미역,1
06000,종교시설,명부전봉향각,1
02000,공동주택,플레이룸,1
06000,종교시설,간병실,1
05000,문화및집회시설,연구소,1
13000,운동시설,퇴비사창고,1
06000,종교시설,사고,1
03000,제1종근린생활시설,사무식,1
17000,공장,제2종종근린생활시설,1
17000,공장,조명장치제조,1
03000,제1종근린생활시설,주택창고및,1
01000,단독주택,양로당,1
03000,제1종근린생활시설,2pd,1
04000,제2종근린생활시설,일용품식품,1
Z5000,문화및집회시설,문화및종교집회시설,1
18000,창고시설,잠옥,1
01000,단독주택,정주권주택개량대상,1
21000,동물및식물관련시설,지붕개폐식,1
10000,교육연구시설,국교교실,1
21000,동물및식물관련시설,돔루관련시설,1
03000,제1종근린생활시설,오수처리시설,1
04000,제2종근린생활시설,놀이형,1
15000,숙박시설,공중화장실,1
27000,관광휴게시설,숙정문,1
13000,운동시설,연습장관리동,1
05000,문화및집회시설,전동차,1
03000,제1종근린생활시설,연수원,1
27000,관광휴게시설,관리센터,1
27000,관광휴게시설,관광시설,1
27000,관광휴게시설,수문관리동,1
21000,동물및식물관련시설,농심수산업용,1
03000,제1종근린생활시설,제1종근생활,1
18000,창고시설,관창고,1
22000,분뇨.쓰레기처리시설,방지시설,1
01000,단독주택,단독주택및1종근생,1
04000,제2종근린생활시설,주차기엘리베이트제작,1
01000,단독주택,창고및차고지,1
15000,숙박시설,연결게이트,1
11000,노유자시설,영아보육시설,1
02000,공동주택,복도등,1
01000,단독주택,차고및보일러,1
27000,관광휴게시설,하이숍,1
17000,공장,공공,1
03000,제1종근린생활시설,경찰국,1
17000,공장,제과점,1
17000,공장,캔인쇄,1
01000,단독주택,위험술취급소,1
27000,관광휴게시설,공원편익시설,1
Z3000,근린생활시설,2종생활시설,1
Z5000,문화및집회시설,도자기가마,1
17000,공장,주차동,1
06000,종교시설,종교시설및관리실,1
03000,제1종근린생활시설,화장지가내장,1
01000,단독주택,임시가설,1
03000,제1종근린생활시설,덕원군파,1
17000,공장,외4,1
27000,관광휴게시설,관광휴양지구,1
27000,관광휴게시설,쓰레기분류창고,1
06000,종교시설,예식장,1
03000,제1종근린생활시설,공용주차장내,1
14000,업무시설,국기관청사,1
17000,공장,회장실,1
03000,제1종근린생활시설,물품저장고,1
01000,단독주택,14세대다가구주택,1
11000,노유자시설,마을공동회당,1
03000,제1종근린생활시설,창고및계단실,1
17000,공장,엔진1동,1
04000,제2종근린생활시설,이가,1
03000,제1종근린생활시설,제1증근리생활시설,1
17000,공장,구금실,1
27000,관광휴게시설,잡화매장,1
02000,공동주택,독서공간,1
02000,공동주택,체련단련,1
10000,교육연구시설,기악연주관,1
27000,관광휴게시설,궁도장사무실,1
17000,공장,하지창,1
01000,단독주택,7가,1
10000,교육연구시설,보관실,1
04000,제2종근린생활시설,잡화,1
01000,단독주택,약포,1
17000,공장,유지2부,1
16000,위락시설,부속건축물,1
02000,공동주택,창업공유사무실,1
02000,공동주택,공공청사,1
20000,자동차관련시설,사무실및세차장,1
10000,교육연구시설,1p,1
21000,동물및식물관련시설,동물병원,1
04000,제2종근린생활시설,단무지작업장,1
27000,관광휴게시설,민속관,1
17000,공장,한과및메주,1
17000,공장,a동공장,1
17000,공장,폐재료,1
17000,공장,소방용펌프실,1
01000,단독주택,처리,1
Z8000,교육연구및복지시설,뮤지컬댄스실,1
10000,교육연구시설,전시견사,1
27000,관광휴게시설,휴게정자,1
27000,관광휴게시설,근현대사전시관,1
03000,제1종근린생활시설,동일,1
02000,공동주택,다과점,1
02000,공동주택,중개업소,1
21000,동물및식물관련시설,칼라강판,1
01000,단독주택,지휘관관사,1
02000,공동주택,101동1층에위치,1
01000,단독주택,세차장관리사,1
08000,운수시설,배출시설실,1
18000,창고시설,제1ㆍ2종근린생활시설,1
04000,제2종근린생활시설,창고옥탑,1
18000,창고시설,건축자재야적,1
27000,관광휴게시설,감시실,1
02000,공동주택,여자,1
21000,동물및식물관련시설,양수기실,1
04000,제2종근린생활시설,유아보호시설,1
01000,단독주택,민,1
05000,문화및집회시설,농촌체험장,1
04000,제2종근린생활시설,2종일반근린생활시설,1
02000,공동주택,원루형,1
05000,문화및집회시설,옥포루,1
,,전화교환실,1
05000,문화및집회시설,문화및집회시설및제2종근린생활시설,1
01000,단독주택,농업용저온저장창고,1
04000,제2종근린생활시설,조경단재실,1
10000,교육연구시설,시험공장,1
22000,분뇨.쓰레기처리시설,원두막,1
14000,업무시설,체육시설,1
04000,제2종근린생활시설,수리센터,1
17000,공장,c컴퓨터및,1
21000,동물및식물관련시설,가압장,1
03000,제1종근린생활시설,일반보건지소,1
05000,문화및집회시설,사무실및화장실,1
06000,종교시설,하당산문,1
18000,창고시설,새마을복지선단,1
04000,제2종근린생활시설,자동차유리수리점,1
20000,자동차관련시설,기타운동시설,1
17000,공장,파우더슬러그싸일로,1
Z8000,교육연구및복지시설,수련원,1
25000,발전시설,냉각탑화학주입동,1
15000,숙박시설,숙박시설여인숙,1
01000,단독주택,기존2가구,1
10000,교육연구시설,정화조관리실,1
03000,제1종근린생활시설,복지이용소,1
02000,공동주택,21호,1
01000,단독주택,위다락,1
04000,제2종근린생활시설,용접기제조업,1
09000,의료시설,연립주택,1
09000,의료시설,세차장,1
04000,제2종근린생활시설,무선호출,1
15000,숙박시설,서수위실,1
15000,숙박시설,숙박시설및근린생활시설한증막,1
21000,동물및식물관련시설,본관,1
15000,숙박시설,안내데스크,1
15000,숙박시설,방송통신시설,1
18000,창고시설,조곡창고,1
25000,발전시설,송배전설비,1
25000,발전시설,가스공급제어동,1
21000,동물및식물관련시설,교육용돈사,1
11000,노유자시설,및다가구주택,1
17000,공장,소성실험실,1
03000,제1종근린생활시설,펌프실동,1
01000,단독주택,보얼러실,1
07000,판매시설,미화원휴게실,1
04000,제2종근린생활시설,고입시,1
03000,제1종근린생활시설,유독물판메소,1
07000,판매시설,연면적제외,1
02000,공동주택,4303동,1
,,벽돌공장,1
17000,공장,고무용해실및,1
11000,노유자시설,종교시설외,1
15000,숙박시설,숙박시설및공동주택,1
,,건축,1
21000,동물및식물관련시설,방돈사,1
01000,단독주택,식육식품제조업,1
15000,숙박시설,여관및근린생활,1
18000,창고시설,종국실,1
25000,발전시설,발전기설,1
15000,숙박시설,직원휴게실,1
17000,공장,bpa작업장,1
01000,단독주택,자가창고,1
21000,동물및식물관련시설,채소종자건조실,1
03000,제1종근린생활시설,사무실동,1
03000,제1종근린생활시설,동진보건지소,1
01000,단독주택,화실및,1
17000,공장,방충망실,1
04000,제2종근린생활시설,여래전,1
17000,공장,c기타고무제품제조업,1
10000,교육연구시설,관리인실,1
04000,제2종근린생활시설,슈퍼및탁구장,1
03000,제1종근린생활시설,복시시설,1
18000,창고시설,박스,1
21000,동물및식물관련시설,냉동보관창고,1
10000,교육연구시설,유물관리동,1
15000,숙박시설,숙박및근린생활시설,1
01000,단독주택,제빙소,1
05000,문화및집회시설,황토체험장,1
Z8000,교육연구및복지시설,수세식변소,1
22000,분뇨.쓰레기처리시설,재활용자원생산시설,1
06000,종교시설,은열사,1
03000,제1종근린생활시설,엽연초공동건초장,1
02000,공동주택,부속3동,1
21000,동물및식물관련시설,농가주택및부속창고,1
18000,창고시설,농가창고및퇴비사,1
04000,제2종근린생활시설,자동차매매상,1
18000,창고시설,훈증창고,1
18000,창고시설,일반대중음식점,1
04000,제2종근린생활시설,인쇄관련서비스업,1
18000,창고시설,정수장창고,1
21000,동물및식물관련시설,화장실및퇴비사,1
17000,공장,n02,1
18000,창고시설,화훼집하장,1
18000,창고시설,하이샵창고,1
18000,창고시설,농기계세차장,1
21000,동물및식물관련시설,콩나물재배소,1
02000,공동주택,관련,1
03000,제1종근린생활시설,유류취급,1
06000,종교시설,노유자사설,1
15000,숙박시설,2종근생및일반숙박시설,1
04000,제2종근린생활시설,농민건강관리썬타,1
21000,동물및식물관련시설,경지지역,1
17000,공장,매트리스및내장가구제조,1
21000,동물및식물관련시설,부속저장고,1
21000,동물및식물관련시설,동물관련싯러,1
21000,동물및식물관련시설,작물재배관리사,1
21000,동물및식물관련시설,축사및부속시설,1
03000,제1종근린생활시설,성형화장실,1
18000,창고시설,창고및제작소,1
18000,창고시설,어린이집,1
17000,공장,목재제제소,1
18000,창고시설,미곡저장고,1
01000,단독주택,낭하,1
04000,제2종근린생활시설,초자실,1
21000,동물및식물관련시설,경운기차고,1
21000,동물및식물관련시설,동및식물관련시설,1
02000,공동주택,주민체력단련실,1
01000,단독주택,과원관리사,1
21000,동물및식물관련시설,돼지출하장,1
18000,창고시설,법대창고,1
04000,제2종근린생활시설,쓰레기분리보관소,1
18000,창고시설,뽐뿌실,1
17000,공장,안정제펌프실,1
01000,단독주택,권양실,1
17000,공장,폐기물저창고,1
18000,창고시설,지붕용판넬,1
17000,공장,31226,1
17000,공장,31227,1
19000,위험물저장및처리시설,외1용도,1
10000,교육연구시설,부속실험,1
18000,창고시설,부원료저장사이로,1
01000,단독주택,위락시설및근린생활시설단독주택,1
17000,공장,에이필터실,1
18000,창고시설,일반화물적재창고,1
18000,창고시설,채소저온저장창고,1
10000,교육연구시설,창고및합숙소,1
02000,공동주택,도시형원룸주택,1
21000,동물및식물관련시설,퇴비사및부속사,1
17000,공장,보수반,1
02000,공동주택,선큰계단실,1
18000,창고시설,폐기물보관시설,1
18000,창고시설,건조기보관시설,1
17000,공장,자동차정비업,1
21000,동물및식물관련시설,수산물처리장,1
14000,업무시설,오피스텔및1,1
18000,창고시설,모래저장시설,1
18000,창고시설,버섯배이지창고,1
18000,창고시설,제1종창고,1
21000,동물및식물관련시설,급수시설,1
17000,공장,정기압실,1
01000,단독주택,8동관사,1
25000,발전시설,주출입구,1
17000,공장,엑기스실,1
18000,창고시설,산불진화장비창고,1
17000,공장,탈린로,1
11000,노유자시설,주야간보호센터,1
03000,제1종근린생활시설,석화,1
21000,동물및식물관련시설,거점소독실,1
21000,동물및식물관련시설,외부변소,1
03000,제1종근린생활시설,반공전시관,1
17000,공장,공장및재재소,1
17000,공장,농산물가공처리업,1
18000,창고시설,창고및재활용품처리장,1
21000,동물및식물관련시설,공구창고및사료보관창고,1
01000,단독주택,야외주방,1
21000,동물및식물관련시설,염소및퇴비사,1
21000,동물및식물관련시설,식물관련시설및창고시설,1
17000,공장,오존기계실,1
18000,창고시설,광업용,1
18000,창고시설,가정용창고,1
01000,단독주택,주택및1종근생시설,1
18000,창고시설,감귤저장고작업장,1
01000,단독주택,하수종말처리장관사,1
18000,창고시설,부속주차장,1
17000,공장,부스터팬실,1
21000,동물및식물관련시설,법당,1
01000,단독주택,농촌취락개선주택,1
18000,창고시설,교육장및사무실,1
05000,문화및집회시설,시청각실,1
18000,창고시설,농산물유통가공시설,1
21000,동물및식물관련시설,동물축사,1
18000,창고시설,창고및관리소,1
21000,동물및식물관련시설,계량소,1
01000,단독주택,유자병조림공장,1
01000,단독주택,근린생활시설및농가주택,1
21000,동물및식물관련시설,축사및부속건물,1
18000,창고시설,창고시설및공장,1
01000,단독주택,다가구주택12세대,1
21000,동물및식물관련시설,잠실사,1
01000,단독주택,투입동,1
06000,종교시설,화장실및세면장,1
01000,단독주택,아스팔트싱글,1
01000,단독주택,다가구ㅠ주택,1
21000,동물및식물관련시설,소독세척시설,1
06000,종교시설,장식탑,1
04000,제2종근린생활시설,경양식점,1
02000,공동주택,집회장,1
01000,단독주택,사택보일러실,1
01000,단독주택,주택및근린생활시실,1
18000,창고시설,상품적치창고,1
18000,창고시설,양잠,1
01000,단독주택,부속시,1
21000,동물및식물관련시설,축사폐수처리장,1
01000,단독주택,농엽용창고,1
18000,창고시설,농기구및농자재창고,1
18000,창고시설,임산물집하장,1
18000,창고시설,농사형창조,1
18000,창고시설,수도창고,1
21000,동물및식물관련시설,농장기계사,1
18000,창고시설,과일저장용창고,1
21000,동물및식물관련시설,축산부속창고,1
03000,제1종근린생활시설,과외교습소,1
21000,동물및식물관련시설,동믈및식물관련시설,1
02000,공동주택,일반쓰레기처리실,1
06000,종교시설,용강정,1
18000,창고시설,매실저장고,1
01000,단독주택,제조업소및단독주택,1
18000,창고시설,임대농기계격납고,1
01000,단독주택,제2종근린생활시설외2건,1
01000,단독주택,거주,1
18000,창고시설,건조저장작업장,1
18000,창고시설,저온창고제어실,1
01000,단독주택,주택근린생활,1
21000,동물및식물관련시설,미생물생산시설,1
20000,자동차관련시설,도서실,1
01000,단독주택,단독주태및창고시설,1
03000,제1종근린생활시설,정보문화공간,1
01000,단독주택,수도비가림시설,1
18000,창고시설,수산물처리창고,1
09000,의료시설,방풍실,1
10000,교육연구시설,도자기소성실,1
18000,창고시설,수산물냉동식품점,1
09000,의료시설,세탁물창고,1
27000,관광휴게시설,관광센터,1
10000,교육연구시설,특수산업설비과기술교육동,1
17000,공장,발효식품제조,1
10000,교육연구시설,삼계고등학교,1
04000,제2종근린생활시설,양만샤워장,1
22000,분뇨.쓰레기처리시설,에어,1
10000,교육연구시설,영림관리사연구실,1
10000,교육연구시설,정보관,1
03000,제1종근린생활시설,어물전,1
14000,업무시설,직실,1
10000,교육연구시설,2018,1
17000,공장,연도급자작업장,1
20000,자동차관련시설,관사,1
10000,교육연구시설,기계과,1
10000,교육연구시설,학생식당및체육관,1
12000,수련시설,야외수영장부대시설,1
10000,교육연구시설,식재료보관창고,1
06000,종교시설,부대창고,1
12000,수련시설,공동샤워실,1
21000,동물및식물관련시설,仕ㅊ린豁ː,1
09000,의료시설,모자보건소,1
10000,교육연구시설,wee센타,1
10000,교육연구시설,휴게및보건실,1
01000,단독주택,주택및제2종근생시설,1
09000,의료시설,치료실,1
10000,교육연구시설,정구부샤워실,1
14000,업무시설,행복주택,1
02000,공동주택,도싱형생활주택,1
02000,공동주택,101호,1
01000,단독주택,창고및옥외변소,1
12000,수련시설,간이화장실,1
08000,운수시설,광차소차전실,1
04000,제2종근린생활시설,수정궁,1
05000,문화및집회시설,양수장,1
04000,제2종근린생활시설,제조업소및수리점,1
10000,교육연구시설,관사1호동,1
10000,교육연구시설,서재,1
20000,자동차관련시설,돈사,1
10000,교육연구시설,축구부트레이닝센터,1
10000,교육연구시설,비품창고,1
03000,제1종근린생활시설,부속건물물치,1
04000,제2종근린생활시설,스펜드샤,1
10000,교육연구시설,e동,1
03000,제1종근린생활시설,소내변압기동,1
04000,제2종근린생활시설,종친회,1
12000,수련시설,산림문화휴양관,1
10000,교육연구시설,체육물품창고,1
02000,공동주택,84대,1
03000,제1종근린생활시설,즉석제조가공시설,1
05000,문화및집회시설,포구민가2,1
21000,동물및식물관련시설,농가용주택외,1
24000,방송통신시설,공중전기통신시설공사,1
04000,제2종근린생활시설,농축산물,1
09000,의료시설,문화및의료시설,1
17000,공장,카레트야드,1
01000,단독주택,벼건조창고,1
10000,교육연구시설,연립관사2,1
,,사슴장,1
21000,동물및식물관련시설,수처리장,1
18000,창고시설,저온저장고창고,1
10000,교육연구시설,교육연구및복지시설및제2종근린생활시설,1
25000,발전시설,방식판넬동,1
17000,공장,nec제1차가공품제조,1
08000,운수시설,배수펌프장,1
11000,노유자시설,노인북지시설,1
10000,교육연구시설,교육원구시설,1
10000,교육연구시설,재활용폐기물창고,1
01000,단독주택,장고,1
18000,창고시설,옻공방,1
12000,수련시설,전망대,1
10000,교육연구시설,상대사회관,1
04000,제2종근린생활시설,다목적문화,1
08000,운수시설,철도건널목간수원처소,1
21000,동물및식물관련시설,2호잠실,1
10000,교육연구시설,재활용품창고,1
10000,교육연구시설,여중숙직실,1
09000,의료시설,간호원숙소,1
12000,수련시설,가리왕산자연휴양림이용자시설,1
02000,공동주택,제1종근린생활시서,1
02000,공동주택,145,1
08000,운수시설,공용시설,1
14000,업무시설,205객실,1
12000,수련시설,공공업무시설,1
10000,교육연구시설,동물실험실2,1
19000,위험물저장및처리시설,ethylene,1
21000,동물및식물관련시설,가축사료저장창고,1
18000,창고시설,화물헛간,1
12000,수련시설,오토캠핑장,1
08000,운수시설,금호역사,1
04000,제2종근린생활시설,가정용유리가공제조업,1
04000,제2종근린생활시설,영,1
03000,제1종근린생활시설,주택2가구,1
03000,제1종근린생활시설,tvr종합시설,1
10000,교육연구시설,급식조리실,1
10000,교육연구시설,사범대1호관,1
02000,공동주택,659,1
04000,제2종근린생활시설,g충전소,1
17000,공장,cog,1
10000,교육연구시설,옥외샤워실,1
01000,단독주택,커뮤니티시설,1
01000,단독주택,태상전,1
18000,창고시설,전시판매장,1
02000,공동주택,국가기관청사,1
10000,교육연구시설,강의실및기숙사,1
12000,수련시설,취사실,1
10000,교육연구시설,제2연구실,1
10000,교육연구시설,지2층,1
08000,운수시설,인천역,1
17000,공장,탱크로리스테이션,1
10000,교육연구시설,기자재창고,1
10000,교육연구시설,실내실습마장,1
10000,교육연구시설,진로직업정보센터,1
02000,공동주택,시어터룸,1
17000,공장,지하욕장,1
12000,수련시설,산림휴양관,1
04000,제2종근린생활시설,영업용겸주택,1
09000,의료시설,의사기숙사,1
09000,의료시설,공중보건의숙소,1
10000,교육연구시설,기숙사용건물,1
18000,창고시설,기타건축용목제품,1
03000,제1종근린생활시설,반출실,1
08000,운수시설,보일라실,1
17000,공장,염소,1
09000,의료시설,분만의료시설,1
17000,공장,방제센터,1
23000,교정및군사시설,수송부정비고,1
10000,교육연구시설,삼계북초등학교,1
17000,공장,전자직접회로,1
03000,제1종근린생활시설,화정실,1
08000,운수시설,여객선대합실,1
10000,교육연구시설,종합교실,1
10000,교육연구시설,교사연결복도,1
09000,의료시설,응급의료전용헬기이착륙장,1
02000,공동주택,관통형승강기,1
02000,공동주택,공유세탁,1
01000,단독주택,실내수영장,1
Z8000,교육연구및복지시설,물탱크실,1
30000,자원순환관련시설,폐기물선별장집하장,1
10000,교육연구시설,가스폭파시험장,1
01000,단독주택,근린공공,1
18000,창고시설,관리숙소,1
06000,종교시설,발선실,1
10000,교육연구시설,외인숙사기부실,1
08000,운수시설,항남시설,1
02000,공동주택,319대형,1
03000,제1종근린생활시설,기성복제조업,1
03000,제1종근린생활시설,독신숙소,1
10000,교육연구시설,기계실및전기실,1
10000,교육연구시설,평은초등학교용혈분교,1
10000,교육연구시설,조각작업실및연구실,1
21000,동물및식물관련시설,연구행정동,1
18000,창고시설,작업대,1
07000,판매시설,식당및매점,1
01000,단독주택,아나돗,1
10000,교육연구시설,미술교육원,1
03000,제1종근린생활시설,리사무소및노인정,1
03000,제1종근린생활시설,농자재보관창고,1
20000,자동차관련시설,부,1
03000,제1종근린생활시설,네일샵,1
03000,제1종근린생활시설,관리사및,1
18000,창고시설,주차통로,1
20000,자동차관련시설,용도만,1
05000,문화및집회시설,내행전,1
10000,교육연구시설,강의관,1
21000,동물및식물관련시설,축산계사,1
,,직원숙소,1
18000,창고시설,풍천,1
10000,교육연구시설,자동차,1
17000,공장,bome동,1
07000,판매시설,농수산물판매소,1
17000,공장,김가공건조,1
20000,자동차관련시설,7,1
19000,위험물저장및처리시설,유류판매,1
02000,공동주택,외1종,1
17000,공장,tv안테나,1
27000,관광휴게시설,무기고,1
18000,창고시설,선원가족대기실,1
01000,단독주택,일부소매점,1
11000,노유자시설,650,1
04000,제2종근린생활시설,악기수리점,1
10000,교육연구시설,발사대,1
21000,동물및식물관련시설,앙계사,1
21000,동물및식물관련시설,23동,1
21000,동물및식물관련시설,농수산물보관용창고,1
04000,제2종근린생활시설,경찰초소,1
17000,공장,부산물회수장,1
17000,공장,배차대기실,1
06000,종교시설,우담료,1
,,슬랜트콘베이어,1
,,홉퍼,1
13000,운동시설,시계탑,1
03000,제1종근린생활시설,정보통신실,1
21000,동물및식물관련시설,농기계정비사,1
17000,공장,휘트니스,1
02000,공동주택,중수,1
06000,종교시설,윤필암,1
06000,종교시설,대예배실,1
02000,공동주택,동별,1
02000,공동주택,시간제보육시설,1
21000,동물및식물관련시설,목축,1
21000,동물및식물관련시설,주택동,1
03000,제1종근린생활시설,부속다목적실,1
21000,동물및식물관련시설,어류사료창고,1
02000,공동주택,교양강좌실,1
03000,제1종근린생활시설,전력변환장치실7,1
17000,공장,에이투플랜트,1
17000,공장,폐품창고,1
17000,공장,쇼룸,1
02000,공동주택,문화갤러리,1
20000,자동차관련시설,정거장,1
04000,제2종근린생활시설,상무정,1
17000,공장,폐수처리보온실,1
06000,종교시설,국사전,1
21000,동물및식물관련시설,표본실,1
09000,의료시설,수전실,1
10000,교육연구시설,욕탕,1
18000,창고시설,분뇨저장,1
18000,창고시설,휴면타파시설,1
03000,제1종근린생활시설,여과시설,1
18000,창고시설,기준공0,1
02000,공동주택,power,1
10000,교육연구시설,무용실및체조실,1
21000,동물및식물관련시설,창고및샤워실,1
18000,창고시설,항공화물창고,1
Z8000,교육연구및복지시설,재사청,1
18000,창고시설,간이수집장,1
18000,창고시설,종이컵접착실,1
13000,운동시설,야구연습장1동,1
10000,교육연구시설,부속경비실,1
13000,운동시설,유도연습장,1
17000,공장,교회,1
13000,운동시설,게이트볼장부대시설,1
02000,공동주택,원룸형다세대8세대,1
11000,노유자시설,관련시설,1
18000,창고시설,gas,1
17000,공장,can공장,1
18000,창고시설,주택개량,1
15000,숙박시설,물탱크실및계단실,1
13000,운동시설,펜싱아카데미,1
17000,공장,믹서장,1
10000,교육연구시설,직업재활원,1
04000,제2종근린생활시설,사슴,1
04000,제2종근린생활시설,농가수리및일반철공소,1
04000,제2종근린생활시설,동산제,1
20000,자동차관련시설,문화및집회,1
04000,제2종근린생활시설,제2종근린생활시설설,1
04000,제2종근린생활시설,일반게임장,1
04000,제2종근린생활시설,유흥음식점외1용도,1
04000,제2종근린생활시설,식재료보관창고,1
06000,종교시설,종교시설및다가구주택,1
04000,제2종근린생활시설,열녀각,1
01000,단독주택,재래화장실,1
24000,방송통신시설,관리사,1
02000,공동주택,다세대주택16가구,1
08000,운수시설,옥내주차장,1
04000,제2종근린생활시설,충진실,1
04000,제2종근린생활시설,주택및점포및위락시설,1
17000,공장,노무과,1
21000,동물및식물관련시설,페수,1
04000,제2종근린생활시설,가내염장,1
01000,단독주택,근린생활조,1
04000,제2종근린생활시설,물레방아간,1
04000,제2종근린생활시설,메주작업장,1
04000,제2종근린생활시설,사료생산시설,1
06000,종교시설,차양막,1
17000,공장,직원식당및휴게공간,1
18000,창고시설,가공처리장,1
01000,단독주택,기자재및농산물보관창고,1
04000,제2종근린생활시설,공용시설,1
04000,제2종근린생활시설,3호관사,1
04000,제2종근린생활시설,도자기제조시설,1
04000,제2종근린생활시설,우산제조장,1
03000,제1종근린생활시설,우체국관리사,1
04000,제2종근린생활시설,일반음식점및공장,1
04000,제2종근린생활시설,제12근린생활시설,1
04000,제2종근린생활시설,목구건조제조,1
17000,공장,환경동,1
20000,자동차관련시설,지하공영주차장,1
30000,자원순환관련시설,탈수기동,1
04000,제2종근린생활시설,구법당,1
21000,동물및식물관련시설,재사,1
10000,교육연구시설,농기구보관창고,1
04000,제2종근린생활시설,자바라보관창고,1
04000,제2종근린생활시설,시험관,1
04000,제2종근린생활시설,용연취사장,1
Z3000,근린생활시설,해사관련업무시설,1
17000,공장,수질관리실,1
02000,공동주택,근린생화,1
17000,공장,dcr,1
06000,종교시설,사무실및휴게실,1
01000,단독주택,공동작업장,1
17000,공장,설비보호용,1
03000,제1종근린생활시설,구축물,1
01000,단독주택,목공예소매점,1
04000,제2종근린생활시설,사무실및다가구주택,1
17000,공장,샤시다이나모룸,1
17000,공장,tms운영실,1
04000,제2종근린생활시설,제품과사무실,1
04000,제2종근린생활시설,활터,1
04000,제2종근린생활시설,근린시설및숙박시설,1
04000,제2종근린생활시설,근린생활시설및주택1가구,1
04000,제2종근린생활시설,건축분소,1
04000,제2종근린생활시설,관리사사무실,1
21000,동물및식물관련시설,엿공장,1
03000,제1종근린생활시설,해태건조장,1
01000,단독주택,lpg저장,1
06000,종교시설,염불전,1
06000,종교시설,국씨제실,1
04000,제2종근린생활시설,국내농수산물가공처리시설,1
03000,제1종근린생활시설,농업용수개발사업,1
02000,공동주택,외3건,1
06000,종교시설,원불교당,1
17000,공장,미곡건조및보관용,1
03000,제1종근린생활시설,농산물저온저장창고,1
01000,단독주택,옥외작업장,1
04000,제2종근린생활시설,근린생활라시설,1
04000,제2종근린생활시설,다각구주택,1
03000,제1종근린생활시설,정경쑥엿,1
04000,제2종근린생활시설,재료혼합실,1
04000,제2종근린생활시설,농기구수리소및창고,1
04000,제2종근린생활시설,농수산물가공장,1
10000,교육연구시설,게이트볼장,1
01000,단독주택,소매졈,1
17000,공장,소화용품보관소,1
01000,단독주택,건조기실,1
06000,종교시설,원불교교당종교시설,1
17000,공장,grinding,1
01000,단독주택,급식소,1
03000,제1종근린생활시설,활성탄여과,1
17000,공장,떡제조장,1
04000,제2종근린생활시설,식빵,1
04000,제2종근린생활시설,테니스장휴게실,1
04000,제2종근린생활시설,사무실및출하장,1
Z6000,판매및영업시설,물품고,1
18000,창고시설,사육실,1
04000,제2종근린생활시설,화물enev,1
03000,제1종근린생활시설,구매및편익시설,1
02000,공동주택,전자도서관,1
18000,창고시설,진조장,1
04000,제2종근린생활시설,불교법당,1
06000,종교시설,숙소동2,1
04000,제2종근린생활시설,농기구겸써비스센타,1
06000,종교시설,구암사,1
04000,제2종근린생활시설,요금정산소,1
17000,공장,c1920a,1
04000,제2종근린생활시설,일반음식점및종교집회장,1
06000,종교시설,온온사,1
18000,창고시설,슬러지보관창고,1
04000,제2종근린생활시설,제2종근린생활시설및일반숙소시설,1
04000,제2종근린생활시설,투입동,1
04000,제2종근린생활시설,점포및상가,1
07000,판매시설,문화및집회서설,1
19000,위험물저장및처리시설,판메시설,1
01000,단독주택,새사육장,1
06000,종교시설,성교사,1
06000,종교시설,동별원,1
04000,제2종근린생활시설,제2종근린생활및위락시설,1
Z3000,근린생활시설,물탱크실,1
17000,공장,재활용및폐기물창고,1
18000,창고시설,냉장및,1
Z3000,근린생활시설,다가구주택2가구,1
04000,제2종근린생활시설,축산물제조업소,1
01000,단독주택,차아고,1
10000,교육연구시설,일반사무소,1
04000,제2종근린생활시설,흡연실,1
17000,공장,한중설비실,1
01000,단독주택,94주거환경,1
06000,종교시설,영모재,1
04000,제2종근린생활시설,주택및업무시설,1
04000,제2종근린생활시설,노인당,1
17000,공장,선벽기,1
25000,발전시설,통합막사,1
04000,제2종근린생활시설,종교집회창,1
04000,제2종근린생활시설,다가구주택외1,1
04000,제2종근린생활시설,떡제조업,1
21000,동물및식물관련시설,차양,1
04000,제2종근린생활시설,던독주택,1
06000,종교시설,용계서원,1
17000,공장,완제품출하동,1
04000,제2종근린생활시설,일반목재,1
06000,종교시설,교회수녀원,1
02000,공동주택,음향제조기기,1
02000,공동주택,후생복리시설,1
04000,제2종근린생활시설,서울역화물경비실,1
04000,제2종근린생활시설,생약제조시설,1
04000,제2종근린생활시설,자통차관련시설,1
04000,제2종근린생활시설,종교시설및창고,1
04000,제2종근린생활시설,신호보안취급사무실,1
04000,제2종근린생활시설,액화가스석유판매소,1
02000,공동주택,제2종근린생활시설외,1
04000,제2종근린생활시설,기항지대기소,1
16000,위락시설,집회시설,1
04000,제2종근린생활시설,빵제조실,1
04000,제2종근린생활시설,근생시설및교육연구시설,1
04000,제2종근린생활시설,제베1종근린생활시설,1
01000,단독주택,제1ㄱ2종근린생활시설,1
04000,제2종근린생활시설,계량장,1
04000,제2종근린생활시설,전복제조판매장,1
04000,제2종근린생활시설,근린생활시설및위험물저장시설,1
04000,제2종근린생활시설,알미늄창틀제조업,1
01000,단독주택,제조,1
17000,공장,center,1
04000,제2종근린생활시설,야구체험장,1
04000,제2종근린생활시설,종교시설외1용도,1
06000,종교시설,법당및관음전,1
04000,제2종근린생활시설,운전조역실,1
04000,제2종근린생활시설,도로,1
04000,제2종근린생활시설,점포및목욕탕및제2종근린생활시설,1
04000,제2종근린생활시설,공양간부속채,1
03000,제1종근린생활시설,욕실및,1
10000,교육연구시설,학교및화장실,1
04000,제2종근린생활시설,교육센터,1
04000,제2종근린생활시설,창녕조씨제실,1
11000,노유자시설,유치원으로,1
04000,제2종근린생활시설,교육연구및복지설,1
18000,창고시설,저온저장고및농자재창고,1
18000,창고시설,부녀구판장,1
18000,창고시설,제1야적창고,1
22000,분뇨.쓰레기처리시설,냉장실,1
18000,창고시설,자동차부품자재창고,1
01000,단독주택,제2종근린생화시설및주택,1
21000,동물및식물관련시설,가축분뇨처리용,1
18000,창고시설,현장창고,1
01000,단독주택,단독주택1가구농가용,1
05000,문화및집회시설,4가구,1
18000,창고시설,정비실창고,1
18000,창고시설,톱밥제조용창고,1
18000,창고시설,농업용창고및창고,1
21000,동물및식물관련시설,고액분리기,1
01000,단독주택,주택및점포및제2종근린생활시설,1
18000,창고시설,일반주택및창고,1
18000,창고시설,하역처리장,1
11000,노유자시설,마을쉼터,1
21000,동물및식물관련시설,정액제조실,1
22000,분뇨.쓰레기처리시설,제어실,1
,,가스충전장,1
17000,공장,발전기계실,1
18000,창고시설,농업용창고및체험장,1
01000,단독주택,수족관및주택,1
21000,동물및식물관련시설,축사및퇴비장,1
17000,공장,부산물비료및재활용공장,1
21000,동물및식물관련시설,사슴장창고,1
18000,창고시설,안동포생산작업장,1
02000,공동주택,재활용가게,1
21000,동물및식물관련시설,농업용수보호시설,1
21000,동물및식물관련시설,축우사양,1
01000,단독주택,위험물저장처리시설및주택,1
18000,창고시설,항만오염방제자제창고,1
10000,교육연구시설,회의실b,1
18000,창고시설,창고및매점,1
17000,공장,컴프레셔동,1
04000,제2종근린생활시설,44제1종,1
18000,창고시설,농산물공동창고,1
01000,단독주택,기존부속변소,1
10000,교육연구시설,지하수조펌프실,1
17000,공장,기계식주차타워,1
21000,동물및식물관련시설,사료배합창고,1
01000,단독주택,물가,1
21000,동물및식물관련시설,우사축사,1
01000,단독주택,주택용부속건물,1
21000,동물및식물관련시설,체험용소매점,1
21000,동물및식물관련시설,동물관련시설외1용,1
18000,창고시설,농산물전시장,1
18000,창고시설,농장창고,1
18000,창고시설,냉장저온창고,1
04000,제2종근린생활시설,순찰대,1
21000,동물및식물관련시설,축산기자재창고,1
21000,동물및식물관련시설,원예조합사무실,1
01000,단독주택,수원지사택,1
18000,창고시설,부재료창고,1
07000,판매시설,점,1
18000,창고시설,메주방,1
05000,문화및집회시설,앵무새나라,1
18000,창고시설,제2종근린생활시설및단독주택,1
18000,창고시설,구근보관창고,1
17000,공장,원료,1
21000,동물및식물관련시설,미생물함유퇴비장,1
21000,동물및식물관련시설,축사자재창고,1
03000,제1종근린생활시설,고속도로관리시설,1
10000,교육연구시설,야생동물,1
18000,창고시설,수공구창고,1
18000,창고시설,호박고지가공창고,1
02000,공동주택,c형,1
26000,묘지관련시설,묘지관리창고,1
18000,창고시설,누에건조장,1
01000,단독주택,농업용장고,1
01000,단독주택,농기구수리점및주택,1
18000,창고시설,구매창고,1
19000,위험물저장및처리시설,세차장수리점,1
17000,공장,해조류,1
17000,공장,목재제조업,1
03000,제1종근린생활시설,벼,1
17000,공장,숙직실외,1
02000,공동주택,제2종근리생활시설,1
03000,제1종근린생활시설,2종근린생활시설및운동시설,1
Z8000,교육연구및복지시설,연성장,1
17000,공장,제5종사업장,1
01000,단독주택,축사및근린생활시설,1
17000,공장,농산물산지유통센타및농산물가공시설,1
Z5000,문화및집회시설,영천제,1
01000,단독주택,농산물창고외,1
01000,단독주택,간부숙소,1
08000,운수시설,자동차매표소,1
13000,운동시설,체육공간,1
01000,단독주택,미용업,1
01000,단독주택,수거식,1
Z3000,근린생활시설,성인오락실,1
01000,단독주택,중장비운전학원,1
17000,공장,통합집진실,1
13000,운동시설,비료창고,1
11000,노유자시설,교욱연구및복지시설,1
02000,공동주택,제분소,1
04000,제2종근린생활시설,노유자시설외,1
17000,공장,금속구조재제조업,1
04000,제2종근린생활시설,부산출입국사무소,1
17000,공장,야구연습장,1
02000,공동주택,영육아보육시설,1
13000,운동시설,씨름훈련장,1
Z5000,문화및집회시설,압곡사임시대피시설,1
13000,운동시설,기계식주차장,1
,,전화국,1
10000,교육연구시설,사회과학대학,1
10000,교육연구시설,핵연료저장탱크실,1
01000,단독주택,다중주택및주택,1
01000,단독주택,우삭,1
10000,교육연구시설,덕유문,1
21000,동물및식물관련시설,버섯퇴비장,1
03000,제1종근린생활시설,제2종근생및업무시설,1
08000,운수시설,판매영업시설,1
15000,숙박시설,141,1
03000,제1종근린생활시설,변소및욕실,1
08000,운수시설,고한선로반처소,1
10000,교육연구시설,관사3,1
17000,공장,레이스제품,1
06000,종교시설,수녀원및화장실,1
04000,제2종근린생활시설,만두제조업,1
05000,문화및집회시설,애견시설,1
10000,교육연구시설,연구소공조실,1
03000,제1종근린생활시설,원막사,1
10000,교육연구시설,중장비격납실,1
02000,공동주택,단지형12세대,1
18000,창고시설,재분창고,1
08000,운수시설,운수시설외2,1
10000,교육연구시설,유치원화장실,1
10000,교육연구시설,농과대학시청각실,1
01000,단독주택,주축,1
08000,운수시설,항운노조,1
10000,교육연구시설,기계실및화장실,1
03000,제1종근린생활시설,농소동사무소,1
16000,위락시설,관리사무소,1
13000,운동시설,그늘집13,1
10000,교육연구시설,농민훈련원,1
17000,공장,고려시멘트,1
02000,공동주택,관리사사무소,1
14000,업무시설,종자창고,1
09000,의료시설,탄약고,1
18000,창고시설,검문소,1
10000,교육연구시설,야구부휴게실,1
02000,공동주택,공동주택및점포및목욕탕및,1
20000,자동차관련시설,박전기실,1
02000,공동주택,아파트전기,1
07000,판매시설,청과물공판장,1
04000,제2종근린생활시설,재활용품창고,1
10000,교육연구시설,중학교동,1
10000,교육연구시설,다목적실습실,1
10000,교육연구시설,사원연수원,1
17000,공장,26329,1
13000,운동시설,정화조기계실,1
10000,교육연구시설,유도체육관,1
22000,분뇨.쓰레기처리시설,중앙감시실,1
10000,교육연구시설,지도실,1
08000,운수시설,운전계장실,1
09000,의료시설,쓰레기수집장,1
02000,공동주택,근린생활시설및창고,1
12000,수련시설,공공화장실,1
10000,교육연구시설,공과대학3호관,1
10000,교육연구시설,경영대2호관,1
18000,창고시설,터널환기소,1
21000,동물및식물관련시설,도축장작업실,1
10000,교육연구시설,보길중연립사택,1
17000,공장,돔탱크조정실,1
10000,교육연구시설,도서실및강당,1
06000,종교시설,추무제,1
13000,운동시설,국민생활관,1
04000,제2종근린생활시설,펌푸실,1
01000,단독주택,2호건물주택,1
09000,의료시설,환경위생시설,1
20000,자동차관련시설,자동차관련사설,1
12000,수련시설,개인기도실,1
17000,공장,원료저장동,1
04000,제2종근린생활시설,보선사무소,1
12000,수련시설,전시실,1
10000,교육연구시설,임학임산학관,1
17000,공장,자동차매매장,1
02000,공동주택,공동주택기계,1
03000,제1종근린생활시설,공동주택내,1
10000,교육연구시설,온수탱크실,1
09000,의료시설,실습기자재창고,1
17000,공장,범퍼공장,1
14000,업무시설,민방위급수시설,1
08000,운수시설,건널목관리사,1
04000,제2종근린생활시설,샷시,1
18000,창고시설,가공물,1
04000,제2종근린생활시설,제2종근린샹활시설,1
18000,창고시설,지게차충전실,1
08000,운수시설,관광안내소,1
12000,수련시설,캠프장,1
04000,제2종근린생활시설,사무실학원,1
02000,공동주택,2램프캐노피,1
03000,제1종근린생활시설,주택5가구,1
10000,교육연구시설,폐지보관창고,1
01000,단독주택,잠보,1
04000,제2종근린생활시설,오더부스,1
01000,단독주택,농천주택,1
10000,교육연구시설,낙운중학교,1
01000,단독주택,배창고,1
10000,교육연구시설,고육연구시설,1
12000,수련시설,화장실및샤워실,1
04000,제2종근린생활시설,철물관련제조소,1
08000,운수시설,전용여객자동차터미널,1
10000,교육연구시설,지하실및도서관,1
04000,제2종근린생활시설,임시가설,1
17000,공장,pent,1
12000,수련시설,교육및연구복지시설,1
17000,공장,초순수공급실,1
15000,숙박시설,일반형숙박시설,1
17000,공장,접견실및식당,1
17000,공장,포장시설,1
01000,단독주택,농수산창고,1
10000,교육연구시설,목공창고,1
10000,교육연구시설,농업교육원,1
12000,수련시설,주차장,1
20000,자동차관련시설,재2종근린생활시설,1
11000,노유자시설,애육원,1
17000,공장,v동,1
21000,동물및식물관련시설,목욕실,1
10000,교육연구시설,운동부창고,1
17000,공장,기특수산업용,1
17000,공장,기계제조,1
31000,야영장시설,교육연구및복지시설,1
15000,숙박시설,소형호텔업,1
17000,공장,조정실및mcc,1
17000,공장,89001,1
14000,업무시설,32실,1
27000,관광휴게시설,장비창고,1
08000,운수시설,버스주차장청사,1
19000,위험물저장및처리시설,위험저방,1
03000,제1종근린생활시설,교육연구복지,1
17000,공장,생물분해가스,1
17000,공장,이송기실,1
03000,제1종근린생활시설,야외체험시설,1
10000,교육연구시설,가스봄베창고,1
14000,업무시설,민방위,1
10000,교육연구시설,합동강의실,1
01000,단독주택,위험물저장및취급시설,1
02000,공동주택,실내놀이,1
01000,단독주택,의료상사,1
17000,공장,울외짱아치가공공장,1
10000,교육연구시설,학교창고,1
10000,교육연구시설,야구부생활관,1
15000,숙박시설,16실,1
15000,숙박시설,도매시장,1
10000,교육연구시설,자동차실습장2,1
10000,교육연구시설,기계실습및학생회관,1
19000,위험물저장및처리시설,위험물저정및,1
01000,단독주택,다가구및2종근,1
10000,교육연구시설,옥외저수조,1
04000,제2종근린생활시설,위락시설및숙박시설,1
10000,교육연구시설,성서학원,1
10000,교육연구시설,매송중,1
01000,단독주택,농촌주택개량사업임,1
04000,제2종근린생활시설,회의실및사무실,1
21000,동물및식물관련시설,공동퇴비장,1
12000,수련시설,체험시설,1
Z6000,판매및영업시설,구매시설,1
09000,의료시설,가스저장및폐수처리실,1
04000,제2종근린생활시설,카센터부속,1
08000,운수시설,청소원대기실,1
10000,교육연구시설,교육연구및복지시설및단독주택,1
19000,위험물저장및처리시설,화공품창고,1
21000,동물및식물관련시설,식물관렬시설,1
17000,공장,jc용,1
21000,동물및식물관련시설,문화및집회서설,1
21000,동물및식물관련시설,및부대시설,1
09000,의료시설,당직실,1
03000,제1종근린생활시설,광원후생복지시설,1
10000,교육연구시설,교수실및,1
18000,창고시설,공산품저장창고,1
03000,제1종근린생활시설,목탄전시장,1
04000,제2종근린생활시설,생및창고,1
07000,판매시설,식육유통센타,1
21000,동물및식물관련시설,전복종묘배양,1
25000,발전시설,안전체험장,1
03000,제1종근린생활시설,마을공회당및공동작업장,1
21000,동물및식물관련시설,버섯재배사외,1
,,북부시장어판장가게,1
17000,공장,쓰레기처리동,1
30000,자원순환관련시설,기계2동,1
01000,단독주택,외3용도,1
04000,제2종근린생활시설,계란집하장,1
17000,공장,하론저장소,1
17000,공장,차체조립공장및사무실,1
21000,동물및식물관련시설,산림경영,1
10000,교육연구시설,정비공장,1
23000,교정및군사시설,영외탄약고대량폭탄조립장,1
14000,업무시설,현장지원직대기실,1
03000,제1종근린생활시설,유스호스텔,1
02000,공동주택,노인복지센터,1
01000,단독주택,유류보관소,1
17000,공장,1901b,1
02000,공동주택,도시형생주택,1
27000,관광휴게시설,제2종근생,1
,,톱밥발효우사외,1
26000,묘지관련시설,유족안내소,1
20000,자동차관련시설,및주차장,1
03000,제1종근린생활시설,당독주택,1
23000,교정및군사시설,교회교육관,1
26000,묘지관련시설,야외봉안당,1
20000,자동차관련시설,세척장,1
04000,제2종근린생활시설,및아파트,1
13000,운동시설,2종근린생활시,1
05000,문화및집회시설,도시계획법에,1
21000,동물및식물관련시설,과수농막,1
04000,제2종근린생활시설,영덕청년회의소,1
01000,단독주택,단독주택부설주차장,1
Z5000,문화및집회시설,경비실,1
01000,단독주택,농촌주택개량주택,1
01000,단독주택,주민복지관,1
01000,단독주택,농기계창고및농가주택,1
01000,단독주택,주택9세대,1
18000,창고시설,농수산물시설,1
01000,단독주택,건조장및주택,1
18000,창고시설,블루베리보관창고,1
18000,창고시설,재활용분리수거장,1
01000,단독주택,칭거,1
01000,단독주택,단독주캑,1
18000,창고시설,창고및톱밥발효사,1
18000,창고시설,양협창고,1
17000,공장,콘베이어,1
18000,창고시설,건축자재전시창고,1
18000,창고시설,벽돌조,1
18000,창고시설,지도창고,1
18000,창고시설,연와창고,1
Z3000,근린생활시설,가정용,1
19000,위험물저장및처리시설,위험물저장및어리시설,1
18000,창고시설,부속및축사,1
21000,동물및식물관련시설,여우사및박피장,1
18000,창고시설,관급자재창고,1
18000,창고시설,일반폐기물재활용보관창고,1
01000,단독주택,단독주택층,1
18000,창고시설,곶감건조시설,1
01000,단독주택,양사,1
14000,업무시설,운영사무실,1
14000,업무시설,오파스텔,1
03000,제1종근린생활시설,제1종근린생활시설및2종근린생활시설,1
21000,동물및식물관련시설,임업연구시설,1
01000,단독주택,낙농우마사,1
01000,단독주택,단독주택외제2종근린생활시설,1
18000,창고시설,투표함보관창고및사무실,1
21000,동물및식물관련시설,우계류장,1
21000,동물및식물관련시설,정수실,1
17000,공장,씨오2저장고,1
01000,단독주택,농가주택및근린시설,1
21000,동물및식물관련시설,슬러리저장,1
18000,창고시설,냉방창고,1
18000,창고시설,밤저온저장고,1
21000,동물및식물관련시설,포장작업실,1
18000,창고시설,사료창고및판매장,1
21000,동물및식물관련시설,어족축양장,1
18000,창고시설,난방사,1
18000,창고시설,윤활유저장,1
18000,창고시설,제품저장창고,1
18000,창고시설,지하실및창고,1
21000,동물및식물관련시설,묘포장관리사,1
18000,창고시설,어촌체험장비보관창고,1
21000,동물및식물관련시설,동돌및식물관련시설,1
18000,창고시설,창고및농기계보관소,1
18000,창고시설,농산물판매점및창고,1
14000,업무시설,오피스텔33세대,1
01000,단독주택,주택영엽,1
02000,공동주택,주동창고,1
21000,동물및식물관련시설,축사및퇴비사및창고,1
01000,단독주택,주택및퇴비사부속,1
21000,동물및식물관련시설,그늘막시설,1
01000,단독주택,주택및점포및병원및제2종근린생활시설,1
21000,동물및식물관련시설,157,1
01000,단독주택,주택및영업장,1
03000,제1종근린생활시설,장림2동사무소,1
02000,공동주택,기계실및,1
18000,창고시설,창고및바베큐장,1
01000,단독주택,농가주택및근생,1
01000,단독주택,분리수거실,1
01000,단독주택,제2종및다가구주택,1
01000,단독주택,근린주택,1
01000,단독주택,주택및농수산물보관창고,1
14000,업무시설,8등관사광,1
03000,제1종근린생활시설,삼조식화장실,1
01000,단독주택,비상급수시설,1
01000,단독주택,주택및위험물석유판매취급소,1
18000,창고시설,법단,1
18000,창고시설,사료냉동저장실,1
01000,단독주택,주택및농업창고,1
18000,창고시설,농작물저장및기자재창고,1
13000,운동시설,청소년전자유기장,1
02000,공동주택,놀이터공중변소,1
18000,창고시설,사무실관리사택,1
21000,동물및식물관련시설,192,1
01000,단독주택,기계관정,1
18000,창고시설,정구장창고,1
18000,창고시설,건설기계정비고,1
18000,창고시설,제품창고1동,1
03000,제1종근린생활시설,부동산중개사업소,1
18000,창고시설,부속삼문,1
21000,동물및식물관련시설,농업관리사,1
01000,단독주택,부속헛간,1
06000,종교시설,염화실,1
21000,동물및식물관련시설,사무실및주택,1
01000,단독주택,주택및개량곡간,1
21000,동물및식물관련시설,축동식물관련시설,1
01000,단독주택,부속욕실,1
21000,동물및식물관련시설,중간양성동,1
21000,동물및식물관련시설,볍짚창고,1
01000,단독주택,하실,1
01000,단독주택,근린생할시설시설및주택,1
02000,공동주택,4305동,1
Z5000,문화및집회시설,고가마,1
18000,창고시설,용기저장실,1
20000,자동차관련시설,전기공기압축기실,1
01000,단독주택,주택및교회,1
21000,동물및식물관련시설,퇴비사및사료창고,1
18000,창고시설,농협보관창고,1
21000,동물및식물관련시설,물탱크실및창고,1
03000,제1종근린생활시설,함백소,1
19000,위험물저장및처리시설,잔기가스회수장,1
03000,제1종근린생활시설,생물반응조계단실,1
21000,동물및식물관련시설,퇴비사사,1
18000,창고시설,농산물보관창고작업장,1
21000,동물및식물관련시설,먹이사육장,1
01000,단독주택,아연,1
21000,동물및식물관련시설,간이휴게시설,1
18000,창고시설,영업용창고,1
18000,창고시설,창고및옥외변소,1
18000,창고시설,농사용창고및작업장,1
18000,창고시설,창고식설,1
01000,단독주택,장교관사,1
16000,위락시설,위락시설및제1,1
01000,단독주택,인터넷컴퓨터게임제공시설업,1
18000,창고시설,변압기실,1
17000,공장,정비장,1
14000,업무시설,키즈라운지,1
01000,단독주택,저수지관리사,1
18000,창고시설,농업용온실,1
03000,제1종근린생활시설,운행제한차량,1
01000,단독주택,주택회관,1
17000,공장,석회석혼합저장고,1
01000,단독주택,단독및근린생활시설,1
18000,창고시설,부속건축물,1
21000,동물및식물관련시설,인공수정실및창고,1
01000,단독주택,주택및1종근생,1
04000,제2종근린생활시설,숙발시설,1
21000,동물및식물관련시설,오수처리기계실,1
33000,"국방,군사시설",군사사시설,1
15000,숙박시설,주차장관리소,1
18000,창고시설,창고시실,1
18000,창고시설,농수산물저장저온창고,1
18000,창고시설,전송집선장치실,1
01000,단독주택,한전통신공사고금청사택,1
09000,의료시설,1종근생,1
21000,동물및식물관련시설,이유자돈사2,1
19000,위험물저장및처리시설,제1종근린생활,1
01000,단독주택,근생및주택및창고,1
17000,공장,축전지제조업,1
01000,단독주택,저수지감시소주택,1
01000,단독주택,동재,1
21000,동물및식물관련시설,2호돈사,1
17000,공장,tmah,1
18000,창고시설,톱밥발효창고,1
02000,공동주택,다목적극장,1
01000,단독주택,동물및식물관련시시설,1
04000,제2종근린생활시설,승마연습장,1
18000,창고시설,부락공동농산물저장고,1
18000,창고시설,곡식저장창고,1
04000,제2종근린생활시설,어판장,1
01000,단독주택,화잘실,1
01000,단독주택,오토바이수리점,1
01000,단독주택,제각관리사,1
18000,창고시설,어류축양사료저장창고,1
21000,동물및식물관련시설,관리사과수창고,1
18000,창고시설,목재제재소보관창고,1
20000,자동차관련시설,청소차량주차장,1
06000,종교시설,상여막,1
06000,종교시설,사찰및주택,1
06000,종교시설,밀양박씨사당,1
19000,위험물저장및처리시설,액화석유가스저장,1
10000,교육연구시설,학생세미나실,1
04000,제2종근린생활시설,매표소및사무실,1
04000,제2종근린생활시설,농산부산물가공공장,1
03000,제1종근린생활시설,1종점포,1
01000,단독주택,및주택2가구,1
13000,운동시설,탈의및샤워실,1
04000,제2종근린생활시설,2종근린생활및농산물보관창고,1
17000,공장,hfp실린더룸,1
19000,위험물저장및처리시설,일반창고및사무소,1
04000,제2종근린생활시설,사무실및공장,1
06000,종교시설,국사7당,1
17000,공장,약품구입실,1
17000,공장,1쉘타,1
04000,제2종근린생활시설,제조장및카센타,1
02000,공동주택,패밀리카페,1
17000,공장,발생실,1
17000,공장,벨트콘베이어실,1
04000,제2종근린생활시설,경비막사,1
04000,제2종근린생활시설,경비실3,1
04000,제2종근린생활시설,신제당,1
04000,제2종근린생활시설,라원사,1
21000,동물및식물관련시설,덕트,1
03000,제1종근린생활시설,진서면청사,1
04000,제2종근린생활시설,폼프실,1
06000,종교시설,사원법당,1
02000,공동주택,부녀자회의실,1
04000,제2종근린생활시설,寺,1
04000,제2종근린생활시설,배구장,1
04000,제2종근린생활시설,사찰제2종근린생활시설,1
17000,공장,8103,1
02000,공동주택,멀티프로그램실및주민건강증진실,1
10000,교육연구시설,야구연습실,1
04000,제2종근린생활시설,근힌생활시설,1
04000,제2종근린생활시설,제2객실,1
17000,공장,초코렛,1
01000,단독주택,99,1
04000,제2종근린생활시설,대중음식점외1,1
03000,제1종근린생활시설,신체검사장,1
04000,제2종근린생활시설,농기계수리점및부속사,1
04000,제2종근린생활시설,주택및근린생활시설및교육연구시설,1
21000,동물및식물관련시설,라,1
04000,제2종근린생활시설,실험실및사무실,1
17000,공장,bpa수입설비실,1
04000,제2종근린생활시설,가내공업센타변소,1
06000,종교시설,야외화장실,1
20000,자동차관련시설,운전확원,1
06000,종교시설,종교시설및교육연구시설,1
02000,공동주택,소화가스,1
02000,공동주택,기타일반업무시설,1
04000,제2종근린생활시설,공무사무실,1
27000,관광휴게시설,옥외관람석,1
04000,제2종근린생활시설,교정시설,1
18000,창고시설,가스관리실,1
02000,공동주택,공,1
06000,종교시설,성당및교육연구시설,1
04000,제2종근린생활시설,근린생활시설및위험물취급소,1
04000,제2종근린생활시설,주택및영업소,1
04000,제2종근린생활시설,발전소시설,1
04000,제2종근린생활시설,저온냉동창고,1
04000,제2종근린생활시설,제2종근생및판매시설,1
04000,제2종근린생활시설,금형제작소,1
17000,공장,모래창고,1
04000,제2종근린생활시설,시간의탑,1
18000,창고시설,농가용부속사,1
05000,문화및집회시설,사찰문화재관리시설,1
04000,제2종근린생활시설,숙직실및변소,1
04000,제2종근린생활시설,충신효자정문,1
27000,관광휴게시설,스키하우스,1
13000,운동시설,체육시설및관리사,1
02000,공동주택,47,1
14000,업무시설,오피스텔18호,1
17000,공장,공장내의,1
06109,납골당(제2종근생 제외),납골당,1
30000,자원순환관련시설,부대시설,1
14000,업무시설,다목적강당,1
17000,공장,씨오2하우스,1
03000,제1종근린생활시설,송신탑,1
02000,공동주택,43,1
04000,제2종근린생활시설,노래방및점포,1
11000,노유자시설,교사실,1
13000,운동시설,장애인양궁장,1
,,tv중계소,1
09000,의료시설,자주식주차,1
06000,종교시설,대피시설,1
13000,운동시설,운동장화장실,1
01000,단독주택,떡,1
17000,공장,6전기실,1
11000,노유자시설,모자복지시설,1
17000,공장,i동염소처리동,1
13000,운동시설,체력단련장동,1
11000,노유자시설,욕실,1
02000,공동주택,미만,1
15000,숙박시설,펜션하우스,1
03000,제1종근린생활시설,석재공장,1
18000,창고시설,식품건조장,1
Z8000,교육연구및복지시설,조회대,1
03000,제1종근린생활시설,마을공용창고,1
01000,단독주택,제2종근생및제1종근생,1
04000,제2종근린생활시설,그린생활,1
02000,공동주택,지상돌출부,1
21000,동물및식물관련시설,유기질비료제조,1
18000,창고시설,보급창고,1
Z8000,교육연구및복지시설,민원실,1
05000,문화및집회시설,목회자숙소,1
13000,운동시설,교육연구기관,1
18000,창고시설,문화집회시설,1
05000,문화및집회시설,운동장본부석,1
19000,위험물저장및처리시설,살수탱크,1
Z3000,근린생활시설,충전소,1
Z8000,교육연구및복지시설,제2학생회관,1
,,새마을,1
Z3000,근린생활시설,매매장사무실,1
17000,공장,위험물작업장,1
18000,창고시설,건자재창고,1
02000,공동주택,다세대15,1
03000,제1종근린생활시설,middot,1
19000,위험물저장및처리시설,윤활제저장소,1
17000,공장,채소처리실,1
17000,공장,다중생활시설,1
09000,의료시설,병원외,1
27000,관광휴게시설,만뢰산생태공원,1
04000,제2종근린생활시설,교육연구시실,1
06000,종교시설,종합수련원,1
03000,제1종근린생활시설,삼문,1
15000,숙박시설,세미나실,1
19000,위험물저장및처리시설,조정동,1
05000,문화및집회시설,영업소,1
03000,제1종근린생활시설,부대창고,1
17000,공장,xg,1
01000,단독주택,19호실,1
01000,단독주택,풀,1
17000,공장,지함조립,1
Z8000,교육연구및복지시설,실,1
01000,단독주택,5층,1
17000,공장,계분보관및포장실,1
13000,운동시설,대기소,1
01000,단독주택,다중주택4호,1
01000,단독주택,점포및다세대주택,1
04000,제2종근린생활시설,종교건축물,1
25000,발전시설,감시탑3,1
17000,공장,출입관리소,1
17000,공장,내항부두buoy창고,1
02000,공동주택,578,1
02000,공동주택,청소원휴게소,1
01000,단독주택,80년하사관주택,1
05000,문화및집회시설,맹금류장,1
03000,제1종근린생활시설,의용소방파대,1
04000,제2종근린생활시설,알미늄샷슈,1
10000,교육연구시설,건조실,1
03000,제1종근린생활시설,전자강습소,1
Z3000,근린생활시설,생및,1
15000,숙박시설,캐노피,1
15000,숙박시설,빨래건조장,1
02000,공동주택,직원쉼터,1
06000,종교시설,냉동창고,1
04000,제2종근린생활시설,산,1
03000,제1종근린생활시설,미용실및여관,1
01000,단독주택,려領,1
12000,수련시설,오수정화시설,1
20000,자동차관련시설,노외주차장시설,1
03000,제1종근린생활시설,군북지서,1
15000,숙박시설,보세판매장,1
18000,창고시설,기도실,1
07000,판매시설,복합유통게임제공업시설,1
Z3000,근린생활시설,선,1
Z3000,근린생활시설,선박수리시설,1
02000,공동주택,교직원합숙소,1
22000,분뇨.쓰레기처리시설,오니저장소,1
19000,위험물저장및처리시설,농산물저장창고,1
20000,자동차관련시설,공용지하주차장,1
17000,공장,자동조정제어정비제조업,1
22000,분뇨.쓰레기처리시설,산업페기물처리시설,1
03000,제1종근린생활시설,상인회관,1
22000,분뇨.쓰레기처리시설,요트경기장,1
18000,창고시설,위험물저장처리실,1
13000,운동시설,레크레이션센타,1
13000,운동시설,로비,1
07000,판매시설,pc방,1
21000,동물및식물관련시설,공동관리사,1
25000,발전시설,수처리동,1
20000,자동차관련시설,택시관리소,1
05000,문화및집회시설,경비초소1,1
21000,동물및식물관련시설,토끼장,1
13000,운동시설,그늘집12,1
17000,공장,커플링부스실,1
17000,공장,사료제조,1
04000,제2종근린생활시설,저장처리업,1
03000,제1종근린생활시설,경신회,1
17000,공장,정액,1
02000,공동주택,대형폐기물보관소,1
18000,창고시설,포도엑기스,1
20000,자동차관련시설,밧데리차고,1
22000,분뇨.쓰레기처리시설,분뇨투입,1
21000,동물및식물관련시설,채양,1
11000,노유자시설,장애인재활치료시설,1
02000,공동주택,재택근무지원센터,1
04000,제2종근린생활시설,205동,1
06000,종교시설,증축,1
17000,공장,석품제조업,1
01000,단독주택,위험물저장및처리시설외1건,1
11000,노유자시설,보이러실,1
22000,분뇨.쓰레기처리시설,쓰레기집하장소각장,1
01000,단독주택,7다가구용,1
01000,단독주택,문주,1
22000,분뇨.쓰레기처리시설,약품투입동,1
20000,자동차관련시설,화물자동차주차장,1
20000,자동차관련시설,판매시설외,1
18000,창고시설,가공처리시설,1
14000,업무시설,비과세,1
03000,제1종근린생활시설,미아소방파출소,1
01000,단독주택,병원입원실,1
20000,자동차관련시설,오토바이보관소,1
09000,의료시설,생활편의시설,1
02000,공동주택,클럽라운지,1
22000,분뇨.쓰레기처리시설,방류펌프장,1
15000,숙박시설,제외,1
17000,공장,물품운반통로,1
Z5000,문화및집회시설,의원,1
03000,제1종근린생활시설,슈퍼및농특산물,1
04000,제2종근린생활시설,컨텐츠제공업소,1
19000,위험물저장및처리시설,주유원휴게실,1
03000,제1종근린생활시설,설비동,1
01000,단독주택,기,1
01000,단독주택,메주건조식,1
01000,단독주택,다가구11주택,1
02000,공동주택,숙사부속사,1
15000,숙박시설,흙집,1
03000,제1종근린생활시설,산림교육시설,1
18000,창고시설,도정리,1
08000,운수시설,선박출입항신고소,1
22000,분뇨.쓰레기처리시설,가스브로아시설,1
04000,제2종근린생활시설,부석주차장,1
14000,업무시설,폐토사처리창고,1
15000,숙박시설,방갈루,1
22000,분뇨.쓰레기처리시설,잉여슬러지농축설비동,1
04000,제2종근린생활시설,장례시설,1
22000,분뇨.쓰레기처리시설,농축분배조,1
,,93농촌주택개량지원대상건물,1
19000,위험물저장및처리시설,간이정비시설,1
14000,업무시설,무인택배보관소,1
17000,공장,육가공및저장처리업,1
22000,분뇨.쓰레기처리시설,폐기물보관,1
,,꿩,1
,,r중계소,1
22000,분뇨.쓰레기처리시설,슬러지건조실,1
17000,공장,belt,1
03000,제1종근린생활시설,공공건축물,1
17000,공장,플라이애쉬싸일로,1
17000,공장,특장차제조업,1
18000,창고시설,임산물보관,1
22000,분뇨.쓰레기처리시설,축분건조장,1
Z5000,문화및집회시설,판매,1
10000,교육연구시설,연수고,1
17000,공장,물품고,1
22000,분뇨.쓰레기처리시설,분조및쓰레기처리시설,1
17000,공장,오수처리,1
20000,자동차관련시설,폐수처리장및세차장,1
22000,분뇨.쓰레기처리시설,페기물처리시설및폐기물감량화시설,1
17000,공장,철골제작장,1
03000,제1종근린생활시설,위험물시설,1
22000,분뇨.쓰레기처리시설,분뇨및쓰레기처리시설외1용도,1
28000,가설건축물,공중변소,1
21000,동물및식물관련시설,보조탱크,1
13000,운동시설,티하우스b동,1
14000,업무시설,세차대,1
19000,위험물저장및처리시설,정장소,1
08000,운수시설,운수시설설,1
04020,노래연습장,사무소,1
14000,업무시설,업무시설및교육연구시설,1
11000,노유자시설,제1원사,1
02000,공동주택,취미문화실,1
03000,제1종근린생활시설,분식점,1
14000,업무시설,제과점,1
17000,공장,5소결,1
03000,제1종근린생활시설,1근린생활시설,1
18000,창고시설,미생물보관창고,1
01000,단독주택,소매소,1
18000,창고시설,버섯동,1
Z8000,교육연구및복지시설,과학,1
09000,의료시설,의한,1
12000,수련시설,오수처리장,1
17000,공장,형강공장침전조,1
30000,자원순환관련시설,자원수환관련시설,1
03000,제1종근린생활시설,티하우스,1
02000,공동주택,세대계절창고,1
02000,공동주택,옥외계단실1,1
02000,공동주택,직원숙사,1
02000,공동주택,공동주택및교육연구시설,1
02000,공동주택,지상승강기,1
04000,제2종근린생활시설,젖갈저장탱크,1
17000,공장,jac약품실,1
02000,공동주택,공장용숙소,1
10000,교육연구시설,창문여중교사동,1
03000,제1종근린생활시설,집회관람,1
10000,교육연구시설,동대초등학교,1
10000,교육연구시설,별관동,1
17000,공장,정액공장아연말창고,1
17000,공장,전기및조정실동,1
05000,문화및집회시설,공작실,1
04000,제2종근린생활시설,당직실,1
19000,위험물저장및처리시설,eps중합실,1
03000,제1종근린생활시설,자동기,1
18000,창고시설,근로자휴게실,1
02000,공동주택,다세대주택및일반사무소,1
30000,자원순환관련시설,마을하수처리시설,1
02000,공동주택,흡연실및창고,1
18000,창고시설,옥내작업장,1
03000,제1종근린생활시설,부품실,1
18000,창고시설,일반용,1
02000,공동주택,ess실,1
02000,공동주택,건강관리센터,1
02000,공동주택,온실티하우스,1
02000,공동주택,다목적문화교실,1
02000,공동주택,부속계단실2,1
14000,업무시설,67호,1
02000,공동주택,외부창고,1
02000,공동주택,제육시설,1
02000,공동주택,한아름상가,1
02000,공동주택,공유방,1
02000,공동주택,주택외2,1
02000,공동주택,활용품창고,1
02000,공동주택,작은도서실,1
04000,제2종근린생활시설,전복축양,1
04000,제2종근린생활시설,재설작업상황실,1
02000,공동주택,아파트부속생활편익시설,1
04000,제2종근린생활시설,부산물,1
02000,공동주택,비상발전실,1
04000,제2종근린생활시설,중기주기장,1
30000,자원순환관련시설,자원순환시설관련시설,1
02000,공동주택,폐기물재활용시설,1
13000,운동시설,선수이동통로,1
02000,공동주택,생활편익시설및근린생활시설,1
02000,공동주택,우편물보관함,1
02000,공동주택,용역휴계소,1
02000,공동주택,우수저장조기계실,1
02000,공동주택,지하세대형창고,1
04000,제2종근린생활시설,휘트니센타,1
03000,제1종근린생활시설,마을하수처리시설,1
03000,제1종근린생활시설,야외관람석,1
01000,단독주택,98농촌주택,1
Z5000,문화및집회시설,관음전,1
21000,동물및식물관련시설,가축의,1
02000,공동주택,식물공장,1
13000,운동시설,2근린생활시설,1
11000,노유자시설,경노정,1
03000,제1종근린생활시설,오류3리경노당,1
18000,창고시설,공장및,1
01000,단독주택,농가용주택및부속창고,1
19000,위험물저장및처리시설,전철차량기지,1
01000,단독주택,95주택개량사업대상자,1
02000,공동주택,아파트12세대,1
17000,공장,지발전실,1
14000,업무시설,제2종근린생,1
03000,제1종근린생활시설,공원파출소,1
03000,제1종근린생활시설,알파룸,1
03000,제1종근린생활시설,화평동파출소,1
03000,제1종근린생활시설,시립아동보호소교실,1
03000,제1종근린생활시설,상동산마을회관,1
03000,제1종근린생활시설,부락공동시설농기계보관창고,1
03000,제1종근린생활시설,구매시설등,1
03000,제1종근린생활시설,근리생활,1
01000,단독주택,구실,1
03000,제1종근린생활시설,침사지,1
03000,제1종근린생활시설,옥천마을회관,1
03000,제1종근린생활시설,연소투입동,1
22000,분뇨.쓰레기처리시설,구내식당,1
03000,제1종근린생활시설,신양수시설,1
18000,창고시설,소방물탱크실,1
17000,공장,방재용품보관창고,1
03000,제1종근린생활시설,보안센타,1
11000,노유자시설,영유아장난감도서관,1
03000,제1종근린생활시설,전화기기설비,1
10000,교육연구시설,9동,1
10000,교육연구시설,경찰행정학과,1
03000,제1종근린생활시설,동사무소및주민자치센타,1
03000,제1종근린생활시설,마을공동정보화센터,1
18000,창고시설,공장및기숙사,1
03000,제1종근린생활시설,건강시설,1
04000,제2종근린생활시설,스타디오,1
03000,제1종근린생활시설,근린생활음식점,1
21000,동물및식물관련시설,교반식발효시설,1
03000,제1종근린생활시설,터널입구,1
11000,노유자시설,부녀경로회관,1
15000,숙박시설,13,1
03000,제1종근린생활시설,노인정관리사무실,1
19000,위험물저장및처리시설,1종근린,1
03000,제1종근린생활시설,제2종근린생활시설및노유자시설,1
04000,제2종근린생활시설,야생차건조및,1
05000,문화및집회시설,예술인작업실,1
03000,제1종근린생활시설,수원지관리사,1
03000,제1종근린생활시설,마을회관겸창고,1
03000,제1종근린생활시설,부속우산각,1
11000,노유자시설,장애아동복지시설,1
27000,관광휴게시설,가족휴양,1
03000,제1종근린생활시설,제1종근린생횔시설외1,1
10000,교육연구시설,학군단동,1
03000,제1종근린생활시설,부락간이집하장,1
17000,공장,r2r콤프레샤동,1
03000,제1종근린생활시설,한의원및근린생활시설,1
04000,제2종근린생활시설,고추장굴비,1
02000,공동주택,제101동,1
02000,공동주택,윈드가든,1
21000,동물및식물관련시설,전고령,1
04000,제2종근린생활시설,파출소관사,1
03000,제1종근린생활시설,공주화장실,1
11000,노유자시설,노유자사설,1
17000,공장,변전및,1
03000,제1종근린생활시설,영전1구회관,1
03000,제1종근린생활시설,즉석식품제조판매,1
18000,창고시설,공공근린시설,1
33000,"국방,군사시설",작사사령관공관,1
20000,자동차관련시설,자동차관련시설6,1
18000,창고시설,세척장,1
17000,공장,유류탱크및대형철판가공물탱크제품제조업,1
04000,제2종근린생활시설,2종근링생활시설,1
19000,위험물저장및처리시설,미,1
,,투입실,1
03000,제1종근린생활시설,일용소매점및주택,1
03000,제1종근린생활시설,회관및노인복지시설,1
03000,제1종근린생활시설,미화원화장실,1
22000,분뇨.쓰레기처리시설,1용도,1
01000,단독주택,종,1
11000,노유자시설,보육원사택,1
03000,제1종근린생활시설,제2종근린생활시설및업무시설,1
03000,제1종근린생활시설,주택점포창고,1
03000,제1종근린생활시설,근린생활시설및자동차관련시설,1
03000,제1종근린생활시설,보판간,1
21000,동물및식물관련시설,기계길,1
03000,제1종근린생활시설,단북리회관,1
03000,제1종근린생활시설,삼점,1
10000,교육연구시설,기업연수원,1
17000,공장,육류가공,1
04000,제2종근린생활시설,장노교회,1
17000,공장,부품제조업,1
01000,단독주택,철문및관련제품제조업,1
03000,제1종근린생활시설,엘리베이터실,1
17000,공장,주차장및하역장,1
17000,공장,수성보온창고,1
17000,공장,재료투입장,1
17000,공장,공해감지실,1
17000,공장,h2실린더룸,1
17000,공장,가스보일러실,1
19000,위험물저장및처리시설,bd,1
17000,공장,부원료분쇄실,1
20000,자동차관련시설,시내버스터미널,1
18000,창고시설,취원각,1
14000,업무시설,119구급대,1
17000,공장,아파트형공해공장,1
07000,판매시설,새마을,1
17000,공장,창고및샤워실,1
19000,위험물저장및처리시설,공장시설의,1
17000,공장,폐수라인반입동,1
17000,공장,페수처리시설기계실,1
18000,창고시설,2종근린생활시,1
05000,문화및집회시설,교양시설,1
03000,제1종근린생활시설,15동,1
17000,공장,부전기실동,1
01000,단독주택,젖소사육운동장,1
17000,공장,촉매대기실,1
01000,단독주택,지하1,1
17000,공장,방앗간공장,1
17000,공장,폐산공실,1
17000,공장,연시제조업,1
17000,공장,도정공종,1
Z8000,교육연구및복지시설,공공업무시설,1
07000,판매시설,기타소매시장,1
17000,공장,콜밀콤푸실,1
,,토장공장,1
02000,공동주택,도시형생활주택단지형다세대12세대,1
17000,공장,공업용시설,1
17000,공장,도색동,1
17000,공장,장비제조공장,1
17000,공장,타일공장,1
17000,공장,고압실린더룸,1
17000,공장,소각로창고,1
17000,공장,여자휴게실,1
17000,공장,분쇄조제실,1
17000,공장,제2종근린샐활시설,1
03000,제1종근린생활시설,정려,1
02000,공동주택,제어반실,1
02000,공동주택,진입로,1
17000,공장,당밀저장탱크,1
17000,공장,공장부지,1
17000,공장,운전기사실,1
17000,공장,j4,1
17000,공장,부품기공공장,1
17000,공장,패해조류처리장,1
Z8000,교육연구및복지시설,대원초등학교,1
17000,공장,풍동실험실,1
17000,공장,후처리,1
17000,공장,탁주제조공장,1
17000,공장,곡물저장고,1
33000,"국방,군사시설",유류,1
10000,교육연구시설,급식소동,1
17000,공장,유가공처리공장,1
17000,공장,쿨러대기실,1
27000,관광휴게시설,카페,1
07000,판매시설,농협사무실,1
17000,공장,기사휴게동,1
17000,공장,염소주입실,1
05000,문화및집회시설,사마재,1
17000,공장,공장및실험실,1
17000,공장,공장피이압축첨가실,1
10000,교육연구시설,문리대,1
14000,업무시설,팬룸,1
17000,공장,4공장화장실,1
17000,공장,목제간이조선소,1
10000,교육연구시설,성심기념관,1
17000,공장,전해조동,1
17000,공장,석탄처리고,1
15000,숙박시설,호스텔업,1
17000,공장,형틀가공장,1
17000,공장,원료탱크,1
21000,동물및식물관련시설,전기,1
17000,공장,편조업공장,1
17000,공장,5호예열실개조,1
15000,숙박시설,저온창고,1
06000,종교시설,청양각,1
17000,공장,배관보수실,1
10000,교육연구시설,교육역구시설,1
19000,위험물저장및처리시설,보일러동,1
17000,공장,탁주및약주제조업공장,1
07000,판매시설,무도유흥음식점,1
03000,제1종근린생활시설,도시형업종,1
17000,공장,도시형공해공장,1
03000,제1종근린생활시설,농협농산물직판장,1
17000,공장,저장싸이로,1
21000,동물및식물관련시설,병리해부실,1
17000,공장,알류미늄삿슈공장,1
20000,자동차관련시설,압축천연압축기실,1
17000,공장,그리세린취급실,1
21000,동물및식물관련시설,14동,1
17000,공장,사무실및기타시설,1
17000,공장,운전출하대기실,1
17000,공장,샤워시설,1
02000,공동주택,펫,1
17000,공장,에어컴프레셔실,1
17000,공장,창고및탈의실,1
17000,공장,흡연실동1,1
22000,분뇨.쓰레기처리시설,원심농축기동,1
17000,공장,피이윤활유보관소,1
17000,공장,공해처리변전실,1
03000,제1종근린생활시설,복합점포,1
03000,제1종근린생활시설,제품,1
17000,공장,공장및부대복지시설,1
18000,창고시설,및창고시설,1
17000,공장,유연탄피우시설,1
04000,제2종근린생활시설,위험물취급소차고,1
27000,관광휴게시설,사각정자,1
17000,공장,n동식당,1
17000,공장,dpam공장,1
26000,묘지관련시설,조경묘내삼문,1
17000,공장,감,1
05000,문화및집회시설,체험학습관,1
02000,공동주택,통신기기,1
17000,공장,분급실가공실,1
11000,노유자시설,장애인복지공장,1
01000,단독주택,식물관관리실,1
23000,교정및군사시설,x,1
05000,문화및집회시설,정문안내실,1
05000,문화및집회시설,화장실2,1
03000,제1종근린생활시설,새마을유아원,1
05000,문화및집회시설,교육관외3용도,1
05000,문화및집회시설,종대,1
17000,공장,죽세가공,1
03000,제1종근린생활시설,다가구용단독주택및,1
01000,단독주택,농촌주택개량임,1
17000,공장,종이박스제조,1
17000,공장,오징어가공공장,1
02000,공동주택,직업훈련원,1
04000,제2종근린생활시설,고시원21실,1
Z3000,근린생활시설,4층,1
02000,공동주택,16세,1
15000,숙박시설,교육연구및복지시설,1
24000,방송통신시설,밧데리실,1
15000,숙박시설,활어집,1
17000,공장,안전2과,1
03000,제1종근린생활시설,종교서적,1
05000,문화및집회시설,강한루,1
20000,자동차관련시설,전동차검수고,1
20000,자동차관련시설,소화펌프실,1
03000,제1종근린생활시설,노유사시설,1
03000,제1종근린생활시설,공업용수,1
17000,공장,kitchen,1
12000,수련시설,회관,1
01000,단독주택,축산,1
18000,창고시설,부속농기계창고,1
14000,업무시설,영화감상실,1
17000,공장,자동온실,1
18000,창고시설,레미콘,1
01000,단독주택,다가구용단독주용,1
05000,문화및집회시설,열려문,1
15100,일반숙박시설,일반숙박시설,1
15100,일반숙박시설,근린생활시설,1
05000,문화및집회시설,문중회관,1
05000,문화및집회시설,팔각정,1
17000,공장,씽크대조립공장,1
02000,공동주택,5대,1
18000,창고시설,양묘장,1
05000,문화및집회시설,원릉수복방,1
02000,공동주택,다세대주택임대11세대,1
03000,제1종근린생활시설,개발사업,1
02000,공동주택,ar존,1
03000,제1종근린생활시설,수로관리시설,1
21000,동물및식물관련시설,76,1
04000,제2종근린생활시설,유독물저장및보관시설,1
15000,숙박시설,태권도장및창고,1
08000,운수시설,운전연습실,1
Z3000,근린생활시설,근린생활시설외2,1
18000,창고시설,마을공동이용시설,1
Z3000,근린생활시설,송신소,1
04000,제2종근린생활시설,식품판매제조업,1
15000,숙박시설,24객실,1
21000,동물및식물관련시설,가축,1
01000,단독주택,삼강주막,1
Z3000,근린생활시설,운수종사자복지시설,1
05000,문화및집회시설,솟을대문,1
24000,방송통신시설,통제소,1
02000,공동주택,열교환실및,1
03000,제1종근린생활시설,철공조,1
14000,업무시설,18,1
14000,업무시설,14,1
03000,제1종근린생활시설,석복,1
11000,노유자시설,보육소,1
02000,공동주택,대피소및,1
26000,묘지관련시설,강당대문,1
17000,공장,농업생상시설,1
17000,공장,bundle,1
01000,단독주택,세멘트기와,1
01000,단독주택,마사,1
17000,공장,탈의실밍샤워실,1
07000,판매시설,체육시설,1
02000,공동주택,문화존,1
02000,공동주택,조경창고,1
14000,업무시설,126실,1
04000,제2종근린생활시설,주방창고,1
06000,종교시설,관조당,1
26000,묘지관련시설,공원묘지,1
01000,단독주택,그린공공시설,1
Z7001,축사,식물관련시설,1
22000,분뇨.쓰레기처리시설,제2종근린생활,1
18000,창고시설,수산물가공제품,1
18000,창고시설,상가,1
05000,문화및집회시설,잿간,1
04000,제2종근린생활시설,공사용,1
,,제제소,1
21000,동물및식물관련시설,양어장관련시설,1
08000,운수시설,콘테이너기지,1
17000,공장,벨트,1
22000,분뇨.쓰레기처리시설,대피소,1
04000,제2종근린생활시설,하역실,1
16000,위락시설,윤락여성부여미용,1
14000,업무시설,입출하대,1
24000,방송통신시설,간이티부이알중계소,1
18000,창고시설,연세점,1
05000,문화및집회시설,앙지대,1
17000,공장,보안캐노피,1
06000,종교시설,유년부실,1
24000,방송통신시설,연구소,1
20000,자동차관련시설,수변전실,1
04000,제2종근린생활시설,냉동냉장창고,1
03000,제1종근린생활시설,야외바베큐장,1
02000,공동주택,정보통신,1
27000,관광휴게시설,복합체험시설,1
27000,관광휴게시설,휴게소b,1
01000,단독주택,종교집회용,1
18000,창고시설,농고창고,1
10000,교육연구시설,버스차고,1
05000,문화및집회시설,아이스링크장,1
27000,관광휴게시설,치유센터,1
05000,문화및집회시설,만물상,1
17000,공장,인수인계장,1
09000,의료시설,노화읍보건지소,1
11000,노유자시설,영유아보육시설및아동관련시설,1
02001,아파트,아파트,1
18000,창고시설,2구회관,1
Z3000,근린생활시설,관리소,1
01000,단독주택,조각작업실,1
21000,동물및식물관련시설,해태건조처리장,1
Z3000,근린생활시설,근린생활시설및주택신축,1
Z3000,근린생활시설,호구포마을회관,1
17000,공장,3층,1
17000,공장,노및오븐제조업,1
03000,제1종근린생활시설,종교,1
04000,제2종근린생활시설,압기실,1
10000,교육연구시설,시험도축자,1
20000,자동차관련시설,자동차부속사및기숙사,1
11000,노유자시설,점포및약국,1
03000,제1종근린생활시설,북문,1
13000,운동시설,캐노피비가림시설,1
18000,창고시설,농엄생산시설,1
10000,교육연구시설,정보센타별관,1
20000,자동차관련시설,경비,1
03000,제1종근린생활시설,급식시설,1
05000,문화및집회시설,1가구,1
04000,제2종근린생활시설,무인전화국,1
02000,공동주택,8호실,1
03000,제1종근린생활시설,2종근린및교육연구시설,1
02000,공동주택,8개동,1
02000,공동주택,eve,1
17000,공장,실험실w,1
Z3000,근린생활시설,농기계간이수리소,1
21000,동물및식물관련시설,농산물자재생산공장,1
17000,공장,벽돌증기양생실,1
10000,교육연구시설,상탑,1
10000,교육연구시설,산업지원센타,1
Z3000,근린생활시설,간이tvr중계소,1
17000,공장,물탱크저장소,1
06000,종교시설,친교실,1
17000,공장,순환가스압축장치실,1
14000,업무시설,숙소및,1
03000,제1종근린생활시설,및창고,1
10000,교육연구시설,반도체연구소,1
21000,동물및식물관련시설,마장,1
01000,단독주택,제2종근린생활및단독주택,1
17000,공장,유독물보관,1
18000,창고시설,연락복도,1
Z5000,문화및집회시설,수녀관,1
19000,위험물저장및처리시설,용접,1
19000,위험물저장및처리시설,를,1
19000,위험물저장및처리시설,위한,1
17000,공장,cooler,1
01000,단독주택,철도역사,1
17000,공장,분배실,1
07000,판매시설,판매시설판매시설,1
Z3000,근린생활시설,잡옥실,1
10000,교육연구시설,패류유생사육동,1
02000,공동주택,12동지하주차장,1
24000,방송통신시설,전화시설물,1
,,요원실,1
01000,단독주택,고시원4실,1
24000,방송통신시설,통신사무실,1
04000,제2종근린생활시설,달리부류되지않은,1
13000,운동시설,부속물탱크,1
24000,방송통신시설,분기전화국,1
17000,공장,차량통행로,1
04000,제2종근린생활시설,쓰레기수거시설,1
22000,분뇨.쓰레기처리시설,동물및,1
06000,종교시설,세월각,1
15000,숙박시설,영업소및,1
04000,제2종근린생활시설,액비제조업소,1
18000,창고시설,육묘예냉시설,1
05000,문화및집회시설,출전마소개,1
02000,공동주택,t하우스,1
17000,공장,용수처리동,1
21000,동물및식물관련시설,식물재배시설,1
05000,문화및집회시설,안내실,1
04000,제2종근린생활시설,폐수처리,1
14000,업무시설,민원휴게실,1
03000,제1종근린생활시설,분수대관리실,1
05000,문화및집회시설,협문5,1
14000,업무시설,공구실,1
05000,문화및집회시설,향토공예관,1
05000,문화및집회시설,공조실,1
02000,공동주택,도시가스정압실,1
17000,공장,모터실b,1
05000,문화및집회시설,마을창고,1
02000,공동주택,단지형다세재주택,1
17000,공장,cleaner,1
06000,종교시설,짐회시설,1
17000,공장,휴계실및,1
17000,공장,품질관리동,1
07000,판매시설,28세대,1
17000,공장,재활용분리수거대,1
19000,위험물저장및처리시설,트럭출하장,1
05000,문화및집회시설,쉼터,1
05000,문화및집회시설,제사당,1
15000,숙박시설,이발관,1
03000,제1종근린생활시설,고향상회,1
05000,문화및집회시설,자전거보관창고,1
05000,문화및집회시설,도자기및조각공방,1
03000,제1종근린생활시설,문화재관리용건축물,1
14000,업무시설,도시형생활단지형다세대주택,1
24000,방송통신시설,기계전기실,1
05000,문화및집회시설,흥성루,1
05000,문화및집회시설,기린하마사,1
03000,제1종근린생활시설,전기실및약품투입실,1
18000,창고시설,자동차경정비업소,1
18000,창고시설,동ㆍ식물관련시설,1
19000,위험물저장및처리시설,산소창고,1
17000,공장,정수장실,1
01000,단독주택,주택에,1
01000,단독주택,부속된,1
18000,창고시설,산지유통,1
04000,제2종근린생활시설,근린및다가구주택,1
04000,제2종근린생활시설,만화방,1
11000,노유자시설,청소년,1
18000,창고시설,공장및주택,1
32000,교정시설,공공업무시설,1
21000,동물및식물관련시설,축사및농산물보관창고,1
13000,운동시설,공원시설중운동시설,1
17000,공장,3차,1
21000,동물및식물관련시설,식물작업장,1
,,톱밥우사,1
03000,제1종근린생활시설,마을공회동,1
05000,문화및집회시설,문화빛관람집회시설,1
17000,공장,농기계제조,1
19000,위험물저장및처리시설,에스,1
03000,제1종근린생활시설,탑층,1
03000,제1종근린생활시설,경보국,1
01000,단독주택,주택및제1근생,1
05000,문화및집회시설,캥거루사,1
05000,문화및집회시설,소줄당,1
05000,문화및집회시설,문화및전시시설,1
05000,문화및집회시설,문화및집회업무근린생활시설,1
17000,공장,농수산가공시설,1
01000,단독주택,주택및보일라실,1
15000,숙박시설,문화정보교류장,1
03000,제1종근린생활시설,전기설비,1
14000,업무시설,싸롱,1
02000,공동주택,휴게쉼터,1
02000,공동주택,도시형생활주택원룸형216,1
07000,판매시설,직원휴게실,1
05000,문화및집회시설,종중관리사,1
17000,공장,공병보관장,1
17000,공장,철근,1
12000,수련시설,근로자복지시설,1
21000,동물및식물관련시설,자라양식,1
22000,분뇨.쓰레기처리시설,식당동,1
04000,제2종근린생활시설,피정의집,1
17000,공장,수배전반소,1
06000,종교시설,주차관제실,1
03000,제1종근린생활시설,기와,1
03000,제1종근린생활시설,관리실및대기실,1
17000,공장,씨오피실,1
14000,업무시설,수협지소,1
01000,단독주택,법원,1
03000,제1종근린생활시설,마을농기계,1
Z9000,공공용시설,팔각정,1
05000,문화및집회시설,공중화장실및전시관,1
04000,제2종근린생활시설,다중생활시설및,1
23000,교정및군사시설,충성마트,1
22000,분뇨.쓰레기처리시설,하수슬러지처리장,1
04000,제2종근린생활시설,어린이강당,1
05000,문화및집회시설,종합복지회관,1
05000,문화및집회시설,국악당,1
01000,단독주택,다가구용2세대,1
04000,제2종근린생활시설,건구작업소,1
27000,관광휴게시설,점포식당,1
17000,공장,삼거리,1
04000,제2종근린생활시설,유년관,1
04000,제2종근린생활시설,양로당,1
18000,창고시설,주차장및,1
17000,공장,수위실포함,1
02000,공동주택,외부발전기실,1
05000,문화및집회시설,체험관2,1
21000,동물및식물관련시설,해수저장,1
04000,제2종근린생활시설,고냉지농장,1
07000,판매시설,할인마트,1
17000,공장,펜룸,1
17000,공장,assy동,1
17000,공장,신생,1
Z3000,근린생활시설,체능계강습소,1
21000,동물및식물관련시설,돈산,1
17000,공장,근생및주택및기숙사,1
17000,공장,위험물저장및처리시설및기타시설,1
21000,동물및식물관련시설,통풍식,1
17000,공장,진행동,1
15000,숙박시설,일반주거지역,1
17000,공장,행정및연구동,1
17000,공장,누우카바엔진공장옥외휴게소,1
17000,공장,위험물제조동,1
05000,문화및집회시설,서익당,1
17000,공장,화공연료투여실,1
29000,장례시설,저온창고,1
17000,공장,시멘트밀변압기실,1
17000,공장,방카사유펌프실,1
17000,공장,촉매설비동,1
01000,단독주택,개선,1
17000,공장,절단팀사무실,1
17000,공장,소방차고지,1
17000,공장,우투시험공장,1
01000,단독주택,다용도실및데크,1
17000,공장,원료입고장,1
10000,교육연구시설,학교내,1
17000,공장,타올제조업,1
17000,공장,신시작실,1
17000,공장,55,1
02000,공동주택,164세대,1
17000,공장,금형창고,1
03000,제1종근린생활시설,고냉지창고,1
17000,공장,물탱크실및창고,1
07000,판매시설,시,1
17000,공장,석탄분쇄공장,1
01000,단독주택,식당및,1
17000,공장,핏치창고,1
,,유류저장시설,1
17000,공장,효소공장,1
20000,자동차관련시설,세면장,1
17000,공장,시티에이닥터룸,1
17000,공장,현장사무소,1
17000,공장,사무동및구내식당,1
Z5000,문화및집회시설,전수회관,1
03000,제1종근린생활시설,3층4층,1
22000,분뇨.쓰레기처리시설,2차침전조펌프실,1
17000,공장,센타,1
17000,공장,운영팀교대근무조사무실,1
17000,공장,시트시작실험실,1
17000,공장,전력저장시스템실,1
17000,공장,시멘트밀,1
17000,공장,고밀도순환압축기실,1
17000,공장,터빈실동,1
17000,공장,소형제조시설,1
04000,제2종근린생활시설,위생용,1
17000,공장,폐기물저정소,1
17000,공장,트럭세차작업장,1
17000,공장,저유공장,1
03000,제1종근린생활시설,옥외변전소,1
17000,공장,통합수처리실,1
21000,동물및식물관련시설,돈사1동,1
17000,공장,해양중장비고,1
17000,공장,동해산업공장,1
17000,공장,정제석탄고,1
17000,공장,중기정비공장,1
17000,공장,흡연쉘타,1
04000,제2종근린생활시설,채전,1
11000,노유자시설,공공도서관,1
01000,단독주택,제2종린근생활시설,1
20000,자동차관련시설,유수분리장,1
17000,공장,po,1
02000,공동주택,키르줌,1
03000,제1종근린생활시설,가든,1
17000,공장,154,1
17000,공장,시설관리,1
26000,묘지관련시설,교회,1
05000,문화및집회시설,평의시설,1
01000,단독주택,담뱃굴,1
,,유사제품,1
17000,공장,수비시설,1
07000,판매시설,육가공공장,1
11000,노유자시설,노유사자시설,1
01000,단독주택,마굿간,1
02000,공동주택,601동1층피로티,1
18000,창고시설,제2종근림생활시설,1
19000,위험물저장및처리시설,가스분석실및저장고,1
02000,공동주택,공공복합청사,1
02000,공동주택,기타공용시설,1
,,입구,1
02000,공동주택,제102동,1
26000,묘지관련시설,묘포장관리사,1
06000,종교시설,회전문,1
31000,야영장시설,공장,1
03000,제1종근린생활시설,실외화장실,1
04000,제2종근린생활시설,물탱크실및,1
09000,의료시설,병영생활관,1
18000,창고시설,농기계수리센터,1
04000,제2종근린생활시설,차량공작실,1
04000,제2종근린생활시설,주차대기소,1
01000,단독주택,부속용도창고,1
23000,교정및군사시설,그늘집1,1
17000,공장,공기공급실,1
21000,동물및식물관련시설,분뇨및,1
02000,공동주택,제연급기실,1
22000,분뇨.쓰레기처리시설,마을공동축산폐수장,1
01000,단독주택,10구,1
17000,공장,플라스틱조립건구제조업,1
07000,판매시설,농수산물구판장,1
10000,교육연구시설,기술훈련실,1
17000,공장,제조냉동시설,1
02000,공동주택,공용실,1
12000,수련시설,오토캠프장,1
10000,교육연구시설,서사,1
10000,교육연구시설,기계실험실,1
10000,교육연구시설,씨형,1
13000,운동시설,체력측정실,1
,,농약공장,1
03000,제1종근린생활시설,다가구주용단독주택,1
14000,업무시설,일반업무시설및,1
17000,공장,계량,1
10000,교육연구시설,히트펌프실2,1
14000,업무시설,mdf등,1
14000,업무시설,자동차관련,1
11000,노유자시설,요양병원,1
23000,교정및군사시설,종각,1
17000,공장,용접shop공작실,1
01000,단독주택,98융자,1
17000,공장,입고,1
17000,공장,골재보관,1
17000,공장,환경모니터링실,1
05000,문화및집회시설,수영장,1
27000,관광휴게시설,냉동냉장고,1
20000,자동차관련시설,압축천연가스충전대,1
11000,노유자시설,79,1
10000,교육연구시설,방문자센터,1
20000,자동차관련시설,징비공장,1
03000,제1종근린생활시설,마을공동민박b동,1
17000,공장,선삭칩처리장,1
20000,자동차관련시설,자동차정비사업소,1
22000,분뇨.쓰레기처리시설,공공하수도,1
17000,공장,chip야적장,1
03000,제1종근린생활시설,청산면지역자치센타,1
10000,교육연구시설,체험교실,1
29000,장례시설,분리수거장,1
03000,제1종근린생활시설,무선호츨기지국,1
09000,의료시설,작업소,1
02000,공동주택,6개호,1
03000,제1종근린생활시설,식품제조소,1
22000,분뇨.쓰레기처리시설,소화용수펌프실,1
06000,종교시설,교화실,1
04000,제2종근린생활시설,전통주점,1
22000,분뇨.쓰레기처리시설,전력공급동,1
22000,분뇨.쓰레기처리시설,유기질퇴비사,1
01000,단독주택,행정연락소,1
20000,자동차관련시설,제2종근린공공시설,1
22000,분뇨.쓰레기처리시설,관람색휴식공간,1
11000,노유자시설,유희시설,1
30000,자원순환관련시설,자연순화관련시설,1
21000,동물및식물관련시설,우계류사,1
04000,제2종근린생활시설,건물부착용금속공작물제조업,1
23000,교정및군사시설,직업훈련실습장,1
21000,동물및식물관련시설,퇴비후숙장,1
27000,관광휴게시설,맹수사,1
01000,단독주택,양과동정,1
06000,종교시설,소성전,1
02000,공동주택,및제2종,1
15000,숙박시설,업무시설외,1
22000,분뇨.쓰레기처리시설,염소소독동,1
30000,자원순환관련시설,유입펌프장,1
13000,운동시설,구내매점,1
14100,공공업무시설,제2종근린생활시설,1
21000,동물및식물관련시설,분재용,1
05000,문화및집회시설,아궁이집,1
04000,제2종근린생활시설,안과의원,1
13000,운동시설,로하우스,1
13000,운동시설,이하우스,1
22000,분뇨.쓰레기처리시설,관리사무실동,1
01000,단독주택,96주택계량,1
05000,문화및집회시설,jc회관,1
21000,동물및식물관련시설,슬러리식,1
22000,분뇨.쓰레기처리시설,톱밥발효사,1
18000,창고시설,샴푸연결통로,1
01000,단독주택,세가구,1
17000,공장,분석실a,1
01000,단독주택,외위험물저장,1
21000,동물및식물관련시설,17동,1
08000,운수시설,국내화물청사주차출구캐노피,1
22000,분뇨.쓰레기처리시설,종업원복지시설,1
17000,공장,전기담요제조,1
06000,종교시설,북,1
20000,자동차관련시설,사격장,1
19000,위험물저장및처리시설,자동물세차기계,1
21000,동물및식물관련시설,분뇨탱크기계실,1
20000,자동차관련시설,주자장,1
20000,자동차관련시설,일반게임제공업시설,1
02000,공동주택,경비센터,1
23000,교정및군사시설,9초,1
06000,종교시설,세실,1
02000,공동주택,지하공용창고,1
18000,창고시설,plant,1
02000,공동주택,공급시설,1
20000,자동차관련시설,자동차경정비소,1
18000,창고시설,mc,1
18000,창고시설,친환경종합검정실,1
18000,창고시설,밤저장고,1
04000,제2종근린생활시설,창고시실,1
03000,제1종근린생활시설,효자비각,1
17000,공장,화학제조업,1
03000,제1종근린생활시설,마을회관부속마을정자,1
03000,제1종근린생활시설,회관경로당,1
Z3000,근린생활시설,제조장및사무실,1
02000,공동주택,공동육아라운지,1
03000,제1종근린생활시설,사통조작실,1
03000,제1종근린생활시설,관천동마을회관,1
03000,제1종근린생활시설,창고및구판장,1
20000,자동차관련시설,운수시설배치실,1
03000,제1종근린생활시설,마을양노당,1
26000,묘지관련시설,전용납골시설,1
03000,제1종근린생활시설,4h회관,1
33000,"국방,군사시설",소방대,1
03000,제1종근린생활시설,1종근린생활시설회관,1
03000,제1종근린생활시설,정제소,1
03000,제1종근린생활시설,소곡보건진료소,1
03000,제1종근린생활시설,2호관사,1
03000,제1종근린생활시설,피부미용실,1
03000,제1종근린생활시설,죽전양배수장,1
17000,공장,달리분류되지않은가구제조가정용전열가구제조업,1
03000,제1종근린생활시설,사무실및농기구수리점,1
02000,공동주택,205대형,1
03000,제1종근린생활시설,선박출,1
03000,제1종근린생활시설,밸브실,1
03000,제1종근린생활시설,탕제원,1
21000,동물및식물관련시설,종부사보일러실,1
18000,창고시설,에프,1
17000,공장,가스주입고,1
04000,제2종근린생활시설,죵교집회장,1
07000,판매시설,옥외화장실,1
03000,제1종근린생활시설,함백열차검사,1
04000,제2종근린생활시설,해우소,1
03000,제1종근린생활시설,화서위생매립장침출수처리시설보호사,1
03000,제1종근린생활시설,영업장및주택,1
11000,노유자시설,노유사시설,1
11000,노유자시설,경로회,1
18000,창고시설,및제2종근린생활시설,1
03000,제1종근린생활시설,광서파출소,1
16000,위락시설,세차장,1
04000,제2종근린생활시설,16,1
01000,단독주택,정방,1
03000,제1종근린생활시설,상례집,1
03000,제1종근린생활시설,연탄저장고및변소,1
03000,제1종근린생활시설,카스코,1
11000,노유자시설,관현악기창고,1
04000,제2종근린생활시설,종료시설,1
03000,제1종근린생활시설,재직실,1
Z8000,교육연구및복지시설,염소투입실,1
03000,제1종근린생활시설,다가구및근생,1
01000,단독주택,농민휴게실,1
21000,동물및식물관련시설,필로티,1
17000,공장,생산공무센터,1
03000,제1종근린생활시설,비봉류,1
02000,공동주택,공동생활시설,1
03000,제1종근린생활시설,탁주조제업,1
02000,공동주택,단지형단지형다세대주택,1
03000,제1종근린생활시설,수갱크로스콘베어룸,1
03000,제1종근린생활시설,변전실및변소,1
03000,제1종근린생활시설,작업장및판매장,1
11000,노유자시설,관리및주민복지시설,1
03000,제1종근린생활시설,오니장전기실,1
11000,노유자시설,가스저장실,1
19000,위험물저장및처리시설,종업원대기실,1
20000,자동차관련시설,펌푸실,1
03000,제1종근린생활시설,가정마을회관,1
11000,노유자시설,직원휴게실및샤워실,1
03000,제1종근린생활시설,점포및사무실및제2종근린생활시설,1
03000,제1종근린생활시설,유물창고,1
04000,제2종근린생활시설,농식품,1
04000,제2종근린생활시설,협업센터,1
13000,운동시설,실외테니스장8면,1
01000,단독주택,세기와,1
,,독성각,1
03000,제1종근린생활시설,금융업소및소매점,1
14000,업무시설,제2본관,1
03000,제1종근린생활시설,연자루,1
03000,제1종근린생활시설,파라고정자,1
09000,의료시설,제2종그린생활시설,1
03000,제1종근린생활시설,계당,1
03000,제1종근린생활시설,제1종보건소,1
02000,공동주택,근린생활편익시설,1
17000,공장,크링카켄베이어,1
11000,노유자시설,세탁건조실,1
03000,제1종근린생활시설,1종근린생활시설및2종근린생활시설,1
03000,제1종근린생활시설,점포및미장원,1
03000,제1종근린생활시설,제1종근린생활시설노유자시설,1
11000,노유자시설,죽절경노당,1
17000,공장,수산물제조가공,1
03000,제1종근린생활시설,부속실제6호,1
03000,제1종근린생활시설,상설시장설,1
03000,제1종근린생활시설,마을농기계공동창고,1
21000,동물및식물관련시설,부지조성,1
03000,제1종근린생활시설,양수장관리사무소,1
03000,제1종근린생활시설,시장공중화장실,1
18000,창고시설,부락공동농업용,1
03000,제1종근린생활시설,주차관리소,1
04000,제2종근린생활시설,원심분리기제조업,1
15000,숙박시설,대중,1
03000,제1종근린생활시설,마을회관정자,1
10000,교육연구시설,남자생활관,1
01000,단독주택,제1종일반근린생활시설,1
12000,수련시설,가스,1
19000,위험물저장및처리시설,5류,1
03000,제1종근린생활시설,여자노인정,1
17000,공장,산화물조정실,1
01000,단독주택,생활숙박,1
17000,공장,109,1
33000,"국방,군사시설",분리수거장,1
,,목재,1
03000,제1종근린생활시설,단독주택및계사,1
03000,제1종근린생활시설,수용창고,1
07000,판매시설,오락실,1
03000,제1종근린생활시설,전신전화기계시설,1
03000,제1종근린생활시설,사무실및관사,1
03000,제1종근린생활시설,저수지감시옥,1
04000,제2종근린생활시설,탐방객안내소,1
03000,제1종근린생활시설,자동차부품소매점,1
01000,단독주택,창고및작업장,1
03000,제1종근린생활시설,동민관,1
18000,창고시설,정주권개발사업,1
18000,창고시설,교정시설,1
11000,노유자시설,복리후생시설,1
03000,제1종근린생활시설,방송실,1
03000,제1종근린생활시설,양류처리장,1
02000,공동주택,1707동,1
11000,노유자시설,공공어린이집,1
02000,공동주택,다목적커뮤니트,1
14000,업무시설,상담실,1
03000,제1종근린생활시설,농산물간이잡하장,1
03000,제1종근린생활시설,제1종그린생할시설,1
03000,제1종근린생활시설,향교유림회관,1
21000,동물및식물관련시설,마을공동창고,1
03000,제1종근린생활시설,상휘루,1
03000,제1종근린생활시설,제1종및2종근생,1
03000,제1종근린생활시설,옥외에스컬레이터,1
03000,제1종근린생활시설,철근콘크리트,1
03000,제1종근린생활시설,근린생활시설및사설강습소,1
03000,제1종근린생활시설,건물시장,1
03000,제1종근린생활시설,제1종근린생활시설외1종,1
03000,제1종근린생활시설,근린생활시설및변소,1
03000,제1종근린생활시설,로타리클럽회관,1
03000,제1종근린생활시설,마을회경로당,1
01000,단독주택,농산물냉동창고,1
03000,제1종근린생활시설,철도건널목간수치소,1
Z3000,근린생활시설,세정장,1
03000,제1종근린생활시설,의원차고,1
03000,제1종근린생활시설,유원지관리사무실,1
03000,제1종근린생활시설,활성탄여과지동,1
03000,제1종근린생활시설,급수용물탱크,1
15000,숙박시설,숙박시실,1
03000,제1종근린생활시설,통합관리실,1
04000,제2종근린생활시설,떡가공업소,1
03000,제1종근린생활시설,지도소사무실,1
11000,노유자시설,구립가락본동노인정,1
01000,단독주택,허간,1
03000,제1종근린생활시설,제1종근린생활및노유자시설,1
03000,제1종근린생활시설,구화장실,1
03000,제1종근린생활시설,주차장통로,1
03000,제1종근린생활시설,구강마을회관,1
03000,제1종근린생활시설,마을공동농촌체험관,1
01000,단독주택,김치가공,1
Z9000,공공용시설,공중,1
03000,제1종근린생활시설,진복보건진료소,1
03000,제1종근린생활시설,자동전화기기모존실,1
03000,제1종근린생활시설,점포및업소,1
11000,노유자시설,근생제조업소,1
03000,제1종근린생활시설,국사당,1
03000,제1종근린생활시설,강남배수장,1
03000,제1종근린생활시설,농시,1
01000,단독주택,장애인공동생활가정,1
03000,제1종근린생활시설,개곡1리마을회관,1
03000,제1종근린생활시설,농축산물판매시설,1
15000,숙박시설,121,1
03000,제1종근린생활시설,공동주택및창고시설,1
24000,방송통신시설,발전소,1
27000,관광휴게시설,전기차충전소,1
04000,제2종근린생활시설,태권,1
03000,제1종근린생활시설,주택근린공공시설,1
03000,제1종근린생활시설,농산물소형집하장,1
03000,제1종근린생활시설,마을주민건강관리실,1
17000,공장,개폐기,1
06000,종교시설,자하대피소,1
03000,제1종근린생활시설,마를회관,1
03000,제1종근린생활시설,읍내파출소,1
Z3000,근린생활시설,1층,1
03000,제1종근린생활시설,보건진료,1
18000,창고시설,농기계자재창고,1
03000,제1종근린생활시설,새마을공장작업장,1
18000,창고시설,기타일반창고,1
03000,제1종근린생활시설,숙직실및창고,1
03000,제1종근린생활시설,횡간경찰출장소,1
11000,노유자시설,수,1
03000,제1종근린생활시설,수항출장소,1
17000,공장,포장판지상자,1
17000,공장,냉각수약품,1
17000,공장,전자관및전자부품제조업,1
05000,문화및집회시설,용암석전시관,1
05000,문화및집회시설,공장외1,1
05000,문화및집회시설,임산물전시장,1
10000,교육연구시설,연구시설및복지시설,1
05000,문화및집회시설,다목적체육관,1
,,근린생활시설외,1
01000,단독주택,d2차간,1
17000,공장,20polymer동,1
04000,제2종근린생활시설,식당휴게실,1
10000,교육연구시설,수퍼마켓,1
17000,공장,초지수로,1
17000,공장,사일로측정실,1
03000,제1종근린생활시설,교회및관사,1
07000,판매시설,농기게수리점,1
,,영양센타외,1
01000,단독주택,나호,1
04000,제2종근린생활시설,제1종근근생활시설,1
02000,공동주택,입주자시설,1
23000,교정및군사시설,예비군,1
04000,제2종근린생활시설,차가공,1
33000,"국방,군사시설",업무시설,1
20000,자동차관련시설,경유주유대,1
21000,동물및식물관련시설,물품반입,1
17000,공장,쓰레기분류장,1
17000,공장,조명장치제조장,1
02000,공동주택,주교관,1
05000,문화및집회시설,정자각,1
03000,제1종근린생활시설,단주,1
13000,운동시설,탄약고,1
22000,분뇨.쓰레기처리시설,통제,1
09000,의료시설,본관및사무실,1
Z8000,교육연구및복지시설,선무정,1
20000,자동차관련시설,재활용수거장,1
21000,동물및식물관련시설,개분창고,1
17000,공장,2폐수중화동,1
18000,창고시설,사슴,1
05000,문화및집회시설,휴식관,1
01000,단독주택,다중주택15호및단독주택1가구,1
13000,운동시설,잠수풀장,1
03000,제1종근린생활시설,샷시점,1
22000,분뇨.쓰레기처리시설,폐기물검사대,1
04000,제2종근린생활시설,가임펌프장,1
04000,제2종근린생활시설,휴게음심점,1
30000,자원순환관련시설,공공하수,1
13000,운동시설,그늘집11,1
17000,공장,녹차된장,1
22000,분뇨.쓰레기처리시설,양만장관리사,1
11000,노유자시설,및창고,1
Z5000,문화및집회시설,논개사당,1
14000,업무시설,멀티모임방,1
14000,업무시설,특별피난계단,1
02000,공동주택,424,1
21000,동물및식물관련시설,인공사료육제조실,1
04000,제2종근린생활시설,도시형연립주택,1
18000,창고시설,톱밥저장고,1
02000,공동주택,522,1
04000,제2종근린생활시설,일방공장,1
17000,공장,호박가공,1
03000,제1종근린생활시설,제1종생,1
14000,업무시설,근린생활사설,1
,,단초소,1
03000,제1종근린생활시설,단과학원,1
04000,제2종근린생활시설,1차가공시설,1
21000,동물및식물관련시설,폐수처리관리동,1
17000,공장,계량측정실,1
03000,제1종근린생활시설,구교마을,1
,,장수동파출소,1
22000,분뇨.쓰레기처리시설,2계열,1
19000,위험물저장및처리시설,위혐물저장시설,1
17000,공장,fo실,1
03000,제1종근린생활시설,창호조립공장,1
19000,위험물저장및처리시설,오,1
04000,제2종근린생활시설,퇴비사및화장실,1
10000,교육연구시설,고압가스실,1
25000,발전시설,b,1
17000,공장,혼합실,1
19000,위험물저장및처리시설,드럼저장소,1
07000,판매시설,영업기타,1
02000,공동주택,902동1층피로티,1
02000,공동주택,70대,1
11000,노유자시설,휀룸,1
17000,공장,소독펌프실,1
19000,위험물저장및처리시설,연수원,1
19000,위험물저장및처리시설,프로판까스저장창고,1
,,보선분소,1
01000,단독주택,동물관련시설외1용도,1
19000,위험물저장및처리시설,위험물저장및처리시설및제1종근린생활시설,1
14000,업무시설,정기실,1
17000,공장,옥외탱크저장소,1
07000,판매시설,성인용게임장,1
19000,위험물저장및처리시설,furnace,1
19000,위험물저장및처리시설,충전소2,1
,,동청,1
10000,교육연구시설,용기저장소,1
04000,제2종근린생활시설,물놀이형시설,1
17000,공장,농업및임업용기계제조업,1
19000,위험물저장및처리시설,위험출저장및처리시설,1
17000,공장,액비탱크,1
17000,공장,절연시험장,1
21000,동물및식물관련시설,대평사,1
03000,제1종근린생활시설,여름,1
15000,숙박시설,35객실,1
17000,공장,커피차공장,1
17000,공장,단조공장수처리c,1
17000,공장,vfd,1
19000,위험물저장및처리시설,유독물보관장,1
17000,공장,빵제조공장,1
07000,판매시설,농용자재백화점,1
14000,업무시설,관리방제실,1
14000,업무시설,도시형생활주택단지형다세대주택,1
12000,수련시설,1종근생시설,1
17000,공장,축사및창고,1
14000,업무시설,농기계수리소,1
17000,공장,기계장비및제조업,1
05000,문화및집회시설,서실,1
,,반송국사,1
17000,공장,박탈수실,1
,,숙,1
07000,판매시설,지역특산물판매장,1
19000,위험물저장및처리시설,캐노피판매동,1
Z8000,교육연구및복지시설,소회의실,1
06000,종교시설,상신각,1
,,소집회실,1
05000,문화및집회시설,바이블식물센터,1
17000,공장,폐토건조장,1
17000,공장,sherter,1
03000,제1종근린생활시설,발산,1
15000,숙박시설,숙박및,1
02000,공동주택,a동8세대,1
17000,공장,냉장냉동실,1
18000,창고시설,k동창고,1
,,약초건조장,1
04000,제2종근린생활시설,숭의재,1
,,건가창고,1
17000,공장,hoist,1
19000,위험물저장및처리시설,위험및저장및처리시설,1
,,반전실,1
04000,제2종근린생활시설,지동차관련시설,1
07000,판매시설,임산물판매장,1
23000,교정및군사시설,전동승용카트장,1
19000,위험물저장및처리시설,위험물저장및처리시설및근린생활시설,1
02000,공동주택,주민대기실,1
21000,동물및식물관련시설,생활개선당,1
01000,단독주택,3가구0,1
17999,기타공장,공장,1
,,건널목관리사무소,1
19000,위험물저장및처리시설,옥외기계실,1
21000,동물및식물관련시설,주방,1
18000,창고시설,식품제조창고,1
21000,동물및식물관련시설,착유실우사,1
Z3000,근린생활시설,서점,1
17000,공장,기술관리실,1
,,일반저장고,1
31000,야영장시설,샤워화장실,1
19000,위험물저장및처리시설,유기성고산화물저장소,1
17000,공장,제5분석기실,1
19000,위험물저장및처리시설,위험물판매및취급시설,1
19000,위험물저장및처리시설,저온처리장,1
17000,공장,화장실및물탱크실,1
03000,제1종근린생활시설,간이휴게실,1
03000,제1종근린생활시설,화장실관리실,1
19000,위험물저장및처리시설,유독물제조소,1
05000,문화및집회시설,수용실,1
02000,공동주택,677평방미터,1
14000,업무시설,근린시설및오피스텔,1
02000,공동주택,지층펌프실,1
17000,공장,부동산중개사무소,1
10000,교육연구시설,동물,1
,,평가전주택,1
13000,운동시설,휴게실b,1
,,잠수탈의장,1
17000,공장,리엑타및제품창고,1
04000,제2종근린생활시설,용기재검사소,1
01000,단독주택,헛간창고,1
18000,창고시설,캐노피동,1
19000,위험물저장및처리시설,캐노피및수리점,1
17000,공장,중력실,1
02000,공동주택,무인세탁실,1
,,예미보선분소,1
02000,공동주택,부경비실1,1
21000,동물및식물관련시설,퇴적식퇴비사,1
30000,자원순환관련시설,브로아실,1
17000,공장,공장내기숙사,1
17000,공장,사무용,1
02000,공동주택,공동주택2,1
17000,공장,규조토창고,1
02000,공동주택,지하주차장10,1
17000,공장,1b,1
20000,자동차관련시설,문화시설,1
17000,공장,배기가스,1
03000,제1종근린생활시설,생활폐기물보관시설,1
02000,공동주택,사원임대아파트중앙공급실,1
17000,공장,yt,1
18000,창고시설,농업용농기계,1
04000,제2종근린생활시설,회랑,1
20000,자동차관련시설,자통차관련시설,1
02000,공동주택,휴계실및오락실,1
14000,업무시설,정류장,1
02000,공동주택,가동주택,1
02000,공동주택,공동주택지분,1
30000,자원순환관련시설,음식물류폐기물처리시설,1
23000,교정및군사시설,항과고식당,1
30000,자원순환관련시설,사무소기숙사,1
04000,제2종근린생활시설,냉장,1
04000,제2종근린생활시설,냉동고,1
02000,공동주택,어린이정류소,1
18000,창고시설,장,1
02000,공동주택,벤처창업센터,1
02000,공동주택,맘스스테이지,1
02000,공동주택,판매시설및주택,1
02000,공동주택,기타커뮤니티시설,1
02000,공동주택,스마트라운지,1
02000,공동주택,도시형생활형주,1
02000,공동주택,소호오피스,1
02000,공동주택,소화수조펌프실,1
02000,공동주택,다세재주택,1
03000,제1종근린생활시설,가동보,1
09000,의료시설,연결복도,1
02000,공동주택,홍보관,1
02000,공동주택,오픈갤러리,1
23000,교정및군사시설,서고,1
27000,관광휴게시설,생활권수련시설,1
21000,동물및식물관련시설,계란저장고,1
27000,관광휴게시설,농촌체험관,1
06000,종교시설,사무실및회의실,1
26000,묘지관련시설,비가림시설,1
02000,공동주택,근생및단지형주택,1
21000,동물및식물관련시설,산랑계사및,1
30000,자원순환관련시설,배기타워1,1
02000,공동주택,업무및다세대주택,1
02000,공동주택,클린하우스2,1
02000,공동주택,오수유량저장조,1
11000,노유자시설,공원부수시설,1
19000,위험물저장및처리시설,g용기보관실,1
30000,자원순환관련시설,쓰레기오물처리장,1
21000,동물및식물관련시설,병축사,1
18000,창고시설,창고및정비고동,1
11000,노유자시설,등,1
10000,교육연구시설,기술계,1
10000,교육연구시설,고입시,1
03000,제1종근린생활시설,용단,1
01000,단독주택,물관련시설,1
10000,교육연구시설,현대조형학부,1
04000,제2종근린생활시설,목재건조장,1
07000,판매시설,할이마트,1
02000,공동주택,외2공동주택,1
17000,공장,달리분류되지않은분류,1
17000,공장,브릿지,1
01000,단독주택,주택3가구용,1
05000,문화및집회시설,영령전신문,1
22000,분뇨.쓰레기처리시설,저장소,1
05000,문화및집회시설,공회,1
17000,공장,skd,1
05000,문화및집회시설,호주관,1
05000,문화및집회시설,얼룩말영양사,1
05000,문화및집회시설,목릉정자각,1
31000,야영장시설,편의휴게시설,1
17000,공장,ssbr재료준비실,1
17000,공장,수소실,1
27000,관광휴게시설,불당골,1
01000,단독주택,근린생황시설외,1
04000,제2종근린생활시설,소강당,1
03000,제1종근린생활시설,수위통제실,1
01000,단독주택,위험물저정및처리시설,1
Z9000,공공용시설,목욕탕,1
17000,공장,수산물처리장및,1
17000,공장,생산관리사무실,1
16000,위락시설,제2종근린생활시설및,1
15000,숙박시설,멀티미디어문화컨텐츠설비제공업소,1
17000,공장,공장및선별장,1
04000,제2종근린생활시설,재단실,1
05000,문화및집회시설,다목적체육시설,1
01000,단독주택,과자제조,1
07000,판매시설,종합판매장,1
09000,의료시설,외래병동,1
04000,제2종근린생활시설,팔각당,1
04000,제2종근린생활시설,지역자치센터,1
11000,노유자시설,광산부대시설,1
03000,제1종근린생활시설,정비업,1
03000,제1종근린생활시설,화물보관소,1
05000,문화및집회시설,본당,1
19000,위험물저장및처리시설,액화까스취급소,1
Z9000,공공용시설,화원,1
,,마을공동,1
18000,창고시설,근생시설,1
17000,공장,콘덴샤공장,1
17000,공장,지게차및운반카수리소,1
05000,문화및집회시설,공예체험관,1
21000,동물및식물관련시설,동물관련시설사,1
19000,위험물저장및처리시설,제2종근,1
17000,공장,ckd엔진포장공장,1
05000,문화및집회시설,남측변소,1
Z6000,판매및영업시설,일반소매시장,1
18000,창고시설,보,1
25000,발전시설,제1종근린생활시설,1
17000,공장,골재홈퍼,1
03000,제1종근린생활시설,당구회관,1
Z9000,공공용시설,가압펌프시설,1
18000,창고시설,창고및차고지,1
03000,제1종근린생활시설,광산개발지,1
17000,공장,제강업,1
05000,문화및집회시설,어린이교통공원,1
10000,교육연구시설,신학대학원대학,1
21000,동물및식물관련시설,보일러,1
05000,문화및집회시설,도천서당,1
17000,공장,32123,1
17000,공장,밧챠플랜트,1
05000,문화및집회시설,협문2,1
17000,공장,기름탱크저장실,1
01000,단독주택,제2종근린생활시설ㄹ,1
01000,단독주택,석유창고,1
04000,제2종근린생활시설,창호제조업,1
18000,창고시설,미생물발효실,1
03000,제1종근린생활시설,군남파출소청사,1
03000,제1종근린생활시설,다목적복지센터,1
17000,공장,콘프실,1
04000,제2종근린생활시설,종교집화장,1
03000,제1종근린생활시설,1종근생및다가구주택,1
10000,교육연구시설,인문대학,1
03000,제1종근린생활시설,관광농원관리동,1
04000,제2종근린생활시설,충전실,1
03000,제1종근린생활시설,잡화상회,1
03000,제1종근린생활시설,식음시설,1
11000,노유자시설,노유자및종교시설,1
03000,제1종근린생활시설,경량철골구조,1
05000,문화및집회시설,나동,1
04000,제2종근린생활시설,천불상,1
03000,제1종근린생활시설,전화국국사,1
03000,제1종근린생활시설,어업인대기실,1
01000,단독주택,단독ㄱ주택,1
03000,제1종근린생활시설,보건지료소,1
17000,공장,시식체험장,1
03000,제1종근린생활시설,상하수도시설,1
03000,제1종근린생활시설,0400,1
10000,교육연구시설,본관및축산사료연구실,1
03000,제1종근린생활시설,시립아동보호목욕장,1
03000,제1종근린생활시설,마을공동모정,1
03000,제1종근린생활시설,유개승강장,1
14000,업무시설,요금관리소,1
03000,제1종근린생활시설,송산보건진료소,1
03000,제1종근린생활시설,다구구주택,1
03000,제1종근린생활시설,전신전화시설,1
03000,제1종근린생활시설,무선호출송신소,1
17000,공장,옹기공장,1
04000,제2종근린생활시설,제2종근린및,1
03000,제1종근린생활시설,관업소,1
07000,판매시설,어시장,1
03000,제1종근린생활시설,약국점포,1
11000,노유자시설,피아노강습소,1
03000,제1종근린생활시설,생활편익시설동,1
17000,공장,pw,1
03000,제1종근린생활시설,마을공동센터,1
16000,위락시설,주택및농가창고,1
03000,제1종근린생활시설,계량기실,1
03000,제1종근린생활시설,반송잉여펌프장,1
17000,공장,출고실,1
03000,제1종근린생활시설,화장실및세면장,1
24000,방송통신시설,창고2,1
Z3000,근린생활시설,여객대기소,1
02000,공동주택,기계실a,1
21000,동물및식물관련시설,가축사육사,1
03000,제1종근린생활시설,근린시설및대중음식점,1
11000,노유자시설,신흥노인당,1
03000,제1종근린생활시설,이발영업소,1
03000,제1종근린생활시설,아고,1
17000,공장,염색장,1
11000,노유자시설,양지노인회관,1
17000,공장,슬러지탈수실,1
11000,노유자시설,경노당및회관,1
11000,노유자시설,자원봉사센터,1
03000,제1종근린생활시설,집수정및펌프장,1
18000,창고시설,묘목재배사,1
03000,제1종근린생활시설,파출소초소,1
03000,제1종근린생활시설,종합시장,1
03000,제1종근린생활시설,방범회관,1
04000,제2종근린생활시설,택지5,1
03000,제1종근린생활시설,용역시설,1
21000,동물및식물관련시설,어가주택,1
10000,교육연구시설,청란여자고등학교,1
03000,제1종근린생활시설,취수장옥,1
03000,제1종근린생활시설,굴공동작업장,1
03000,제1종근린생활시설,근린공중시설,1
17000,공장,기계실처리장,1
05000,문화및집회시설,대첩문,1
02000,공동주택,공동회관,1
04000,제2종근린생활시설,공동주택3가구,1
17000,공장,그라비아인쇄제조업,1
04000,제2종근린생활시설,컨테이너수리업,1
11000,노유자시설,세탁물건조장,1
20000,자동차관련시설,공중변소,1
17000,공장,고상중합,1
01000,단독주택,목공예전시장,1
03000,제1종근린생활시설,v린생활시설,1
10000,교육연구시설,급식실및교실,1
18000,창고시설,추인조치건,1
21000,동물및식물관련시설,동물괸련시설,1
17000,공장,농산물건조시설,1
03000,제1종근린생활시설,지정보건지소,1
03000,제1종근린생활시설,벼놋,1
17000,공장,조개탄제조,1
17000,공장,영양센타,1
21000,동물및식물관련시설,78년농촌주택개량,1
14000,업무시설,462호,1
01000,단독주택,다가구주택및부속사,1
24000,방송통신시설,시험실,1
17000,공장,유류저장동,1
12000,수련시설,자가취사장,1
03000,제1종근린생활시설,음식마을회관,1
03000,제1종근린생활시설,하금오새마을회관,1
17000,공장,pretreatment,1
03000,제1종근린생활시설,제천경찰서용두파출소,1
17000,공장,꿩엿제조,1
09000,의료시설,병원79병상,1
15000,숙박시설,농가주택,1
19000,위험물저장및처리시설,세차장경정비,1
01000,단독주택,브럭조,1
20000,자동차관련시설,도장장,1
Z3000,근린생활시설,재재소,1
03000,제1종근린생활시설,하역공간,1
22000,분뇨.쓰레기처리시설,쓰레기압축적화장,1
04000,제2종근린생활시설,문화및집회시,1
03000,제1종근린생활시설,조작사무실,1
03000,제1종근린생활시설,주택사무소,1
04000,제2종근린생활시설,관리인실,1
20000,자동차관련시설,광산타이어창고,1
22000,분뇨.쓰레기처리시설,차량정비시설,1
01000,단독주택,전자부품조립,1
04000,제2종근린생활시설,곡물제분업창고,1
02000,공동주택,체력단력실,1
22000,분뇨.쓰레기처리시설,수질측정시설,1
02000,공동주택,공동나눔시설,1
08000,운수시설,후문수위실,1
22000,분뇨.쓰레기처리시설,외부화장실,1
22000,분뇨.쓰레기처리시설,운수시설,1
20000,자동차관련시설,자동기계시설,1
,,어시장,1
10000,교육연구시설,실내탁구장,1
12000,수련시설,체육관,1
01000,단독주택,곡물,1
17000,공장,p제품창고2,1
17000,공장,oa,1
06000,종교시설,외2용도,1
03000,제1종근린생활시설,농촌마을체험관,1
14000,업무시설,44세대,1
20000,자동차관련시설,재활용품창고,1
02000,공동주택,차량출입구,1
02000,공동주택,원룸형주택14세대,1
02000,공동주택,자유놀이교실,1
02000,공동주택,실버주택,1
02000,공동주택,청소원실,1
04000,제2종근린생활시설,식품건조장,1
20000,자동차관련시설,카센타및사무실,1
17000,공장,베터리실1,1
01000,단독주택,성인용외전자유기장,1
14000,업무시설,96세대,1
04000,제2종근린생활시설,건축자재판매소,1
,,다독주택,1
22000,분뇨.쓰레기처리시설,관리및처리시설,1
06000,종교시설,침실,1
22000,분뇨.쓰레기처리시설,쓰레기처리작업장,1
17000,공장,washing,1
20000,자동차관련시설,충전사무실,1
20000,자동차관련시설,차량점검장,1
20000,자동차관련시설,원격감시제어실,1
20000,자동차관련시설,자동차판매센타,1
14000,업무시설,소독시설,1
17000,공장,가스저정고,1
10000,교육연구시설,건설실험동,1
15000,숙박시설,여관및대중음식점,1
01000,단독주택,창고및소매점,1
17000,공장,총포판매소,1
01000,단독주택,다가구용주택2가구,1
21000,동물및식물관련시설,관리원숙소,1
03001,소매점,일용품점,1
01000,단독주택,보일러실및창고대피소,1
04000,제2종근린생활시설,장서고,1
Z3000,근린생활시설,목공소,1
03000,제1종근린생활시설,vtr중계소,1
15000,숙박시설,상가음식점,1
17000,공장,전기경보및신호장치제조,1
17000,공장,결정화실,1
03000,제1종근린생활시설,공회장,1
,,목제가구제조업,1
13000,운동시설,옥외공중변소,1
17000,공장,필터,1
17000,공장,양생장,1
17000,공장,swan,1
17000,공장,소방차,1
21000,동물및식물관련시설,돈사2동,1
17000,공장,구조,1
Z8000,교육연구및복지시설,정화조2,1
17000,공장,기숙자,1
18000,창고시설,곡물도정업,1
24000,방송통신시설,축전기실,1
18000,창고시설,구배식당,1
13000,운동시설,공원시설,1
Z8000,교육연구및복지시설,전시시설,1
03000,제1종근린생활시설,농업인건강관리센터,1
Z5000,문화및집회시설,강원,1
17000,공장,수량조절실,1
17000,공장,설비지원실,1
13000,운동시설,카트고창고,1
02000,공동주택,12세대주택,1
21000,동물및식물관련시설,목장용지내,1
Z6000,판매및영업시설,철도청,1
03000,제1종근린생활시설,농산물공동건조장,1
03000,제1종근린생활시설,소매점의다용도실,1
05000,문화및집회시설,종합관리실,1
14000,업무시설,305동,1
21000,동물및식물관련시설,부속샤워장,1
13000,운동시설,텍크,1
03000,제1종근린생활시설,위천보조,1
17000,공장,차량스케일,1
01000,단독주택,작은방,1
13000,운동시설,예산게이트볼협회사무실,1
Z5000,문화및집회시설,번식장,1
11000,노유자시설,정신지체장애시설,1
03000,제1종근린생활시설,건축자재백화점,1
17000,공장,광원용,1
16000,위락시설,동물,1
16000,위락시설,식물관련시설,1
03000,제1종근린생활시설,참고시설,1
04000,제2종근린생활시설,종교집회장교회,1
17000,공장,탈의실증축,1
19000,위험물저장및처리시설,윤활유판매소,1
Z5000,문화및집회시설,전통사찰,1
19000,위험물저장및처리시설,한의원,1
27000,관광휴게시설,놀이시설,1
13000,운동시설,사대부중고체육관,1
,,37,1
21000,동물및식물관련시설,차량통행용,1
02000,공동주택,공동구,1
,,연립주택및,1
02000,공동주택,효친원룸1,1
18000,창고시설,영현반,1
01000,단독주택,소사육시설,1
17000,공장,염료창고,1
18000,창고시설,농산물과수,1
01000,단독주택,재료실,1
10000,교육연구시설,빨래건조실,1
01000,단독주택,11구획,1
10000,교육연구시설,우유,1
13000,운동시설,선수기록실,1
18000,창고시설,감귤작업장,1
13000,운동시설,스크린게임장,1
13000,운동시설,연무정,1
10000,교육연구시설,학교법인,1
10000,교육연구시설,동아학원,1
01000,단독주택,97주택개량,1
03000,제1종근린생활시설,주낵,1
13000,운동시설,부대시설및마사,1
Z8000,교육연구및복지시설,국민학교,1
02000,공동주택,실험실,1
09000,의료시설,기도원,1
17000,공장,전자코일변성기및기타전자유도자제조업,1
01000,단독주택,의원및다중주택,1
21000,동물및식물관련시설,가금관리사,1
17000,공장,물탱트,1
17000,공장,아세톤,1
18000,창고시설,인쇄실,1
17000,공장,mc충전장,1
11000,노유자시설,유아원교무실,1
13000,운동시설,주체육관,1
04000,제2종근린생활시설,경로정,1
Z5000,문화및집회시설,종교시설외3용도,1
17000,공장,26942,1
03000,제1종근린생활시설,운송부대시설,1
13000,운동시설,테니스장관리사무실,1
17000,공장,3차체케노피,1
14000,업무시설,37호,1
03000,제1종근린생활시설,타실,1
19000,위험물저장및처리시설,폭약창고,1
04000,제2종근린생활시설,및공작물,1
13000,운동시설,격리마사,1
13000,운동시설,그린운동시설,1
17000,공장,conveyor,1
05000,문화및집회시설,불교회관,1
01000,단독주택,및2종근생시설,1
04000,제2종근린생활시설,다세대주택외,1
17000,공장,설치용금속탱크,1
Z5000,문화및집회시설,종당,1
13000,운동시설,리프트대기실,1
26000,묘지관련시설,국방ㆍ군사시설,1
17000,공장,3고로pci,1
01000,단독주택,참기름방,1
21000,동물및식물관련시설,착유실및관리사,1
Z8000,교육연구및복지시설,부화실,1
11000,노유자시설,유스호스텔,1
Z3000,근린생활시설,기숙사부대시설,1
21000,동물및식물관련시설,축사내방,1
03000,제1종근린생활시설,동부파출소,1
04000,제2종근린생활시설,농춘지도소,1
03000,제1종근린생활시설,제공업소,1
17000,공장,대형차시험실,1
17000,공장,제3냉각탑,1
04000,제2종근린생활시설,이륜차고,1
01000,단독주택,다중5가구,1
03000,제1종근린생활시설,관수정,1
13000,운동시설,수전실,1
17000,공장,제1종및제2종근린생활시설,1
03000,제1종근린생활시설,일음,1
03000,제1종근린생활시설,보일러실창고,1
21000,동물및식물관련시설,96,1
02000,공동주택,셀프카페,1
19000,위험물저장및처리시설,g판매사무실,1
26000,묘지관련시설,동물장묘시설,1
17000,공장,폴리올쉘타,1
04000,제2종근린생활시설,동물위탁관리업을위한시설,1
18000,창고시설,교육연구시설및,1
17000,공장,meter,1
26000,묘지관련시설,b,1
17000,공장,자반가공작업소,1
05000,문화및집회시설,비버사,1
05000,문화및집회시설,분재전시장,1
04000,제2종근린생활시설,403동,1
02000,공동주택,연구소,1
02000,공동주택,도시형단지형연립,1
04000,제2종근린생활시설,양봉장,1
17000,공장,근린생활시설외,1
05000,문화및집회시설,월헌사,1
02000,공동주택,모터펌프실,1
07000,판매시설,보일러,1
27000,관광휴게시설,백곰사,1
,,가열로실,1
,,모타조정실,1
03000,제1종근린생활시설,0100,1
18000,창고시설,frp보관창고,1
21000,동물및식물관련시설,퇴비사건물,1
23000,교정및군사시설,영선반,1
17000,공장,제분,1
19000,위험물저장및처리시설,탈의실,1
17000,공장,버섯가공,1
17000,공장,저장소동,1
04000,제2종근린생활시설,석탄회관,1
04000,제2종근린생활시설,근린목재제조업,1
06000,종교시설,근린새활시설,1
04000,제2종근린생활시설,별도기재,1
04000,제2종근린생활시설,자동전화기보조실,1
04000,제2종근린생활시설,꽃돌가공소,1
04000,제2종근린생활시설,제2근종린생활시설,1
04000,제2종근린생활시설,효충각,1
04000,제2종근린생활시설,위험물처리시설및관리실,1
04000,제2종근린생활시설,추모제,1
17000,공장,nsf,1
04000,제2종근린생활시설,장류가공실,1
17000,공장,hopper및상옥,1
04000,제2종근린생활시설,명상수련장,1
04000,제2종근린생활시설,공해연구시설,1
04000,제2종근린생활시설,제2종근린생횔시설외1,1
04000,제2종근린생활시설,단층주조장,1
04000,제2종근린생활시설,제2종근린생활활시설,1
21000,동물및식물관련시설,종균배양사,1
10000,교육연구시설,마사,1
01000,단독주택,영육아,1
18000,창고시설,면사무소창고,1
10000,교육연구시설,학교지킴이실,1
21000,동물및식물관련시설,돈분뇨장,1
04000,제2종근린생활시설,농기구써비스쎈타,1
10000,교육연구시설,교욕연구시설,1
04000,제2종근린생활시설,벌꿀소분소,1
04000,제2종근린생활시설,단독주택및제2종근생,1
17000,공장,핵심앵커시설,1
04000,제2종근린생활시설,제2종근린생활시설및위락시설외창고,1
17000,공장,자가처리설비,1
04000,제2종근린생활시설,영업용근린생활시설,1
04000,제2종근린생활시설,근린생활시설및다중주택,1
10000,교육연구시설,식당숙소,1
02000,공동주택,건강측정,1
12000,수련시설,야영장화장실,1
04000,제2종근린생활시설,단독주택및제조장,1
17000,공장,직조실,1
04000,제2종근린생활시설,교회식당휴게실,1
04000,제2종근린생활시설,근린생활시설및다가구주택2가구,1
17000,공장,냉장제빙공장,1
04000,제2종근린생활시설,2종일반주거지역,1
06000,종교시설,연결다리,1
04000,제2종근린생활시설,농수산물간이집하장,1
04000,제2종근린생활시설,물품실,1
11000,노유자시설,상정리,1
06000,종교시설,부엌및창고,1
06000,종교시설,추원제,1
04000,제2종근린생활시설,진충사,1
06000,종교시설,고각,1
01000,단독주택,욕탕및,1
04000,제2종근린생활시설,공장및기숙사,1
03000,제1종근린생활시설,자숙장,1
04000,제2종근린생활시설,관리사및냉동창고,1
15000,숙박시설,42객실,1
04000,제2종근린생활시설,제종단독주택및단독주택,1
04000,제2종근린생활시설,목욕장및주택,1
04000,제2종근린생활시설,리농협사무실,1
26000,묘지관련시설,소각로,1
04000,제2종근린생활시설,공장제분소,1
17000,공장,출하설비,1
04000,제2종근린생활시설,단층사무실,1
04000,제2종근린생활시설,제왕당,1
04000,제2종근린생활시설,면장갑공장,1
04000,제2종근린생활시설,사무실외4,1
02000,공동주택,출입램프,1
04000,제2종근린생활시설,아래채,1
04000,제2종근린생활시설,공장및주택,1
04000,제2종근린생활시설,자동차전문정비수리점,1
20000,자동차관련시설,자동세차기관련시설,1
18000,창고시설,수산물선별장,1
18000,창고시설,창고및연구실,1
25000,발전시설,배터리실,1
17000,공장,냉장고보관창고,1
27000,관광휴게시설,울릉도토막집,1
04000,제2종근린생활시설,노래연습장외,1
19000,위험물저장및처리시설,주유소및단독주택,1
,,피아노교습소,1
10000,교육연구시설,창업보육센타,1
03000,제1종근린생활시설,농기계공동창고,1
09000,의료시설,계량기수리소,1
03000,제1종근린생활시설,창열문,1
17000,공장,저장처리공장,1
11000,노유자시설,장애자숙소,1
17000,공장,이륜차보관소,1
02000,공동주택,피트연결통로,1
Z3000,근린생활시설,장류제조장,1
27000,관광휴게시설,부속창고2,1
01000,단독주택,농촌형,1
20000,자동차관련시설,현관,1
19000,위험물저장및처리시설,케노티,1
25000,발전시설,변환시설실,1
17000,공장,플라스틱재생용기제조,1
03000,제1종근린생활시설,농촌여성,1
05000,문화및집회시설,화장실및창고,1
03000,제1종근린생활시설,임실전화국,1
05000,문화및집회시설,심판대,1
18000,창고시설,간이사무실,1
17000,공장,석재가공실,1
17000,공장,저온저장창고및,1
04000,제2종근린생활시설,담수어직판장,1
18000,창고시설,식초숙성장,1
17000,공장,n2저장고,1
06000,종교시설,1층,1
02000,공동주택,경비미화휴게실,1
04000,제2종근린생활시설,10실,1
17000,공장,epdm압축기실,1
21000,동물및식물관련시설,해수펌프실,1
01000,단독주택,및변소,1
27000,관광휴게시설,공동화장실,1
04000,제2종근린생활시설,금속공작물제조업,1
09000,의료시설,외1건,1
01000,단독주택,농업기반사설,1
02000,공동주택,노이정,1
02000,공동주택,272세대,1
17000,공장,방향족출하사무실,1
18000,창고시설,액화석유가스,1
17000,공장,selter,1
17000,공장,혼합조미료과실통조림,1
27000,관광휴게시설,단체산막,1
17000,공장,농축산물가공공장,1
06000,종교시설,제2종근린,1
20000,자동차관련시설,터널식자동세차실,1
18000,창고시설,과수원저장고,1
17000,공장,약초건조장,1
06000,종교시설,대문및창고,1
10000,교육연구시설,식당및,1
17000,공장,pdi용품작업장,1
18000,창고시설,누정,1
03000,제1종근린생활시설,농가용주택및근린생활시설,1
18000,창고시설,스라브,1
04000,제2종근린생활시설,숙박시설외,1
07000,판매시설,교육연구및복지지설,1
18000,창고시설,포도간이저장고,1
19000,위험물저장및처리시설,및휴게실,1
16000,위락시설,근생및위락시설,1
01000,단독주택,패널,1
02000,공동주택,필라테스실,1
04000,제2종근린생활시설,학문학원,1
17000,공장,기계수리및사무실,1
18000,창고시설,저온정장고,1
17000,공장,임시저장소,1
17000,공장,예냉실,1
17000,공장,도정공장및주택,1
17000,공장,관리시설,1
20000,자동차관련시설,식당및부품실,1
05000,문화및집회시설,문화공간,1
17000,공장,선박기관수리소,1
21000,동물및식물관련시설,위험물저장,1
10000,교육연구시설,면적제외,1
29000,장례시설,업무시설,1
17000,공장,식당및강당,1
17000,공장,공장및지원시설,1
21000,동물및식물관련시설,축산종합방역소,1
01000,단독주택,농가구용단독주택,1
18000,창고시설,엘피지보일러실,1
18000,창고시설,부락공동저온창고,1
01000,단독주택,숙소동,1
14000,업무시설,식품가공공장,1
24000,방송통신시설,방송국송신소,1
01000,단독주택,마구간,1
18000,창고시설,중앙물류창고,1
05000,문화및집회시설,mdf실,1
17000,공장,주공정실,1
01000,단독주택,94농가지원주택,1
06000,종교시설,대학본관,1
21000,동물및식물관련시설,동물및식물관련시설외2,1
18000,창고시설,농가용농기계창고,1
18000,창고시설,농가용창고및농가용주택,1
01000,단독주택,헛간및축사,1
21000,동물및식물관련시설,농가주택및톱밥우사,1
18000,창고시설,사육관리사및창고,1
01000,단독주택,주캑,1
01000,단독주택,농기계주차장,1
01000,단독주택,석유판매시설,1
21000,동물및식물관련시설,마을공동,1
01000,단독주택,농업용쉼터,1
21000,동물및식물관련시설,치참사육장,1
21000,동물및식물관련시설,욕실및변소,1
01000,단독주택,연안이씨문중종택,1
18000,창고시설,저온저장고및농기계보관창고,1
21000,동물및식물관련시설,전북축양장,1
21000,동물및식물관련시설,저온창고및관리사,1
21000,동물및식물관련시설,버섯종균배양자,1
17000,공장,건설기계정비,1
18000,창고시설,선별처리장저온창고,1
01000,단독주택,단독주택및잠실,1
18000,창고시설,부속관리창고,1
04000,제2종근린생활시설,바차프레이트,1
21000,동물및식물관련시설,이유자돈사6,1
04000,제2종근린생활시설,복제품,1
18000,창고시설,저장고창고,1
03000,제1종근린생활시설,제조시설,1
10000,교육연구시설,공영주차장,1
18000,창고시설,농기계수리센타및농기계보관창고,1
01000,단독주택,주택용차고,1
04000,제2종근린생활시설,일반음식점4,1
10000,교육연구시설,제조공장,1
01000,단독주택,양와,1
Z9000,공공용시설,계룡산관리소,1
18000,창고시설,문림2구작업장,1
12000,수련시설,공방,1
21000,동물및식물관련시설,농수산물이용가공실험실,1
01000,단독주택,자가용차고,1
04000,제2종근린생활시설,즉석식품가공업,1
Z3000,근린생활시설,면사무소,1
18000,창고시설,축산분뇨처리시설,1
29000,장례시설,제2종근생,1
03000,제1종근린생활시설,유물전시관,1
01000,단독주택,단독정화조,1
21000,동물및식물관련시설,톰밥우사,1
,,모타카,1
24000,방송통신시설,내삼문2,1
05000,문화및집회시설,경기전동측회랑,1
21000,동물및식물관련시설,난조직배양실및작업장,1
18000,창고시설,배수펌프장,1
11000,노유자시설,커뮤니티,1
03000,제1종근린생활시설,2종근린생횔시설및주택,1
02000,공동주택,1층어린이집,1
02000,공동주택,74호,1
02000,공동주택,근린및판매시설,1
20000,자동차관련시설,전기기계실,1
18000,창고시설,식료품보관창고,1
18000,창고시설,서울승무원창고,1
18000,창고시설,급식창고,1
21000,동물및식물관련시설,분뇨및쓰레기처리시설외1,1
21000,동물및식물관련시설,축사관리사및창고,1
01000,단독주택,점포및사무실및주택,1
21000,동물및식물관련시설,마재배사,1
10000,교육연구시설,벤로온실,1
18000,창고시설,서창목재건조장,1
18000,창고시설,제2종근린공공시설,1
01000,단독주택,감시초소,1
18000,창고시설,치잠시설,1
19000,위험물저장및처리시설,판매사무실및,1
18000,창고시설,농가용소형저온저장고,1
21000,동물및식물관련시설,정액생산실,1
21000,동물및식물관련시설,동물물식물관련시설,1
01000,단독주택,농업샌상시설,1
17000,공장,89012,1
21000,동물및식물관련시설,가축시장관리사,1
21000,동물및식물관련시설,창고및숙소,1
18000,창고시설,농산물집하장및저온창고,1
01000,단독주택,쥐택,1
01000,단독주택,일반주택부지조성,1
17000,공장,플라스틱파이프,1
03000,제1종근린생활시설,압착식용제조업,1
17000,공장,콘크리트조립구조및기타토목공사용콘크리트제품제조,1
18000,창고시설,거사2리마을농기계보관창고,1
,,수리센타,1
21000,동물및식물관련시설,농기계보관창고2,1
17000,공장,집진기전기동,1
03000,제1종근린생활시설,다각구용,1
10000,교육연구시설,농공단지,1
21000,동물및식물관련시설,균끊기실,1
08000,운수시설,승선대기소,1
17000,공장,위험물완제품창고,1
16000,위락시설,수퍼마켓,1
15000,숙박시설,간호원숙사,1
05000,문화및집회시설,크레이,1
04000,제2종근린생활시설,기세실,1
01000,단독주택,단독다중주택,1
06000,종교시설,관리자,1
04000,제2종근린생활시설,사무실및점포및,1
01000,단독주택,유자절임제조장,1
18000,창고시설,산불감시원,1
04000,제2종근린생활시설,한전,1
17000,공장,컨트롤판넬실,1
19000,위험물저장및처리시설,ab소각로,1
13000,운동시설,스키장부대시설,1
19000,위험물저장및처리시설,truck,1
03000,제1종근린생활시설,농업인공동운동시설,1
05000,문화및집회시설,내당,1
17000,공장,해태건조기계,1
30000,자원순환관련시설,수질tms실,1
17000,공장,에틸렌,1
17000,공장,잔탕,1
17000,공장,지개차차고,1
02000,공동주택,11개동,1
03000,제1종근린생활시설,인터넷컴퓨터게임제공업,1
15000,숙박시설,일반숙박시설및생활숙박시설,1
13000,운동시설,청소년시설,1
25000,발전시설,회저장창고,1
19000,위험물저장및처리시설,케로티,1
25000,발전시설,질소가스저장고,1
04000,제2종근린생활시설,자재전시장,1
04000,제2종근린생활시설,엠디에프실,1
25000,발전시설,감시탑1,1
Z7001,축사,동,1
04000,제2종근린생활시설,소매점외,1
01000,단독주택,한옥고택,1
14000,업무시설,90개호,1
02000,공동주택,가정보육지원시설,1
15000,숙박시설,헬스클럽,1
Z6000,판매및영업시설,상설시장,1
03000,제1종근린생활시설,신양2리,1
30000,자원순환관련시설,폐기물재활용업,1
17000,공장,종합미곡처리장,1
17000,공장,정문게이트,1
04000,제2종근린생활시설,문구류제도공장,1
17000,공장,전기냉동보이라실,1
17000,공장,공정샘플시험실,1
17000,공장,파우다빈,1
17000,공장,아연말공장,1
17000,공장,정화조창고,1
17000,공장,크레인차고,1
17000,공장,산각공장,1
17000,공장,con순환동,1
17000,공장,4호원료싸이로,1
14000,업무시설,종사원,1
17000,공장,비지처리장,1
17000,공장,프로필렌순환압축시설실,1
Z8000,교육연구및복지시설,과학관,1
17000,공장,중쇄실,1
17000,공장,스크랩관제실,1
17000,공장,벨트콘베어실,1
17000,공장,세정집진실,1
21000,동물및식물관련시설,식육포장처리업,1
17000,공장,건설기계부품제조,1
17000,공장,휴게정자,1
17000,공장,공장계량장,1
01000,단독주택,6가구임,1
21000,동물및식물관련시설,농어촌체험장,1
17000,공장,모재창고,1
17000,공장,홍보전시관,1
01000,단독주택,농촌주택환경개선사업주택,1
17000,공장,정압기동,1
17000,공장,복합동,1
02000,공동주택,1001동1층피로티,1
17000,공장,크락샤운전실,1
17000,공장,표백공장,1
02000,공동주택,고등학교,1
17000,공장,변전실1호,1
17000,공장,37,1
10000,교육연구시설,의과대학,1
17000,공장,보조펌프실,1
17000,공장,주방가구제작공장,1
17000,공장,소형풍력발전기제조,1
17000,공장,양수펌프장,1
Z6000,판매및영업시설,아파트,1
17000,공장,열매체보일러실,1
04000,제2종근린생활시설,전도실,1
19000,위험물저장및처리시설,처리장,1
04000,제2종근린생활시설,차량정비고,1
17000,공장,남자휴게실,1
17000,공장,피피조정실,1
18000,창고시설,선광시설,1
02000,공동주택,전자계기실,1
17000,공장,스위치룸,1
17000,공장,상수도가압장,1
01000,단독주택,농산시설물,1
21000,동물및식물관련시설,축사소독시설,1
02000,공동주택,키즈룸2,1
04000,제2종근린생활시설,옥외철재보관함,1
10000,교육연구시설,급식소및유치원,1
17000,공장,단층주택,1
18000,창고시설,가스저장시설,1
17000,공장,펌프실i,1
02000,공동주택,기사대,1
17000,공장,작업대기실,1
01000,단독주택,구사,1
11000,노유자시설,노유자시설외2용도,1
02000,공동주택,임산부휴게실,1
02000,공동주택,107,1
Z3000,근린생활시설,라멘조,1
04000,제2종근린생활시설,15호,1
01000,단독주택,79년농촌주택개량사업주택,1
04000,제2종근린생활시설,원형실,1
03000,제1종근린생활시설,의약품도,1
14000,업무시설,농협출장소,1
11000,노유자시설,공익시설,1
17000,공장,h동,1
01000,단독주택,8기구,1
Z6000,판매및영업시설,어시장,1
01000,단독주택,생할,1
17000,공장,도시가스기계실,1
06000,종교시설,옥외식당,1
04000,제2종근린생활시설,근린생활외,1
03000,제1종근린생활시설,농공단지관리사무실,1
01000,단독주택,저온부속창고,1
20000,자동차관련시설,도자기원료실,1
15000,숙박시설,주택및근린생활시설,1
05000,문화및집회시설,유구보호시설,1
14000,업무시설,서류고,1
17000,공장,발전본건물,1
17000,공장,고철적재장,1
01000,단독주택,정미,1
,,일반매점,1
15000,숙박시설,관관호텔,1
08000,운수시설,용역원휴게실,1
04000,제2종근린생활시설,공동변소,1
18000,창고시설,38,1
04000,제2종근린생활시설,주택및지하부속사,1
06000,종교시설,사당실,1
01000,단독주택,농촌문화,1
02000,공동주택,부속1동,1
15000,숙박시설,1호,1
11000,노유자시설,변소및욕실,1
03000,제1종근린생활시설,대흥3리,1
04000,제2종근린생활시설,유흥,1
11000,노유자시설,신목리사무소,1
01000,단독주택,단독주택및미용실,1
15000,숙박시설,숙박시설외2용도,1
20000,자동차관련시설,노인회관,1
20000,자동차관련시설,자동차경정비작업장,1
27000,관광휴게시설,연면적제외,1
17000,공장,자동차정비용소공구,1
25000,발전시설,작업자대기실,1
17000,공장,r2r변전실동,1
17000,공장,33동,1
20000,자동차관련시설,검차실,1
01000,단독주택,징크판넬,1
21000,동물및식물관련시설,약품보관실및농기계창고,1
17000,공장,전기변성기,1
01000,단독주택,부속주차고,1
01000,단독주택,노휴제,1
04000,제2종근린생활시설,육류,1
21000,동물및식물관련시설,가축경매장,1
18000,창고시설,곡물건조기시설보관창고,1
21000,동물및식물관련시설,퇴비상,1
27000,관광휴게시설,게임룸,1
02000,공동주택,92세대,1
17000,공장,2610쉘타,1
25000,발전시설,암모니아,1
21000,동물및식물관련시설,최환경퇴비사,1
21000,동물및식물관련시설,돈분수거장,1
03000,제1종근린생활시설,사적지내,1
21000,동물및식물관련시설,소독기,1
21000,동물및식물관련시설,농수산물저장창고,1
21000,동물및식물관련시설,제품포장실,1
18000,창고시설,농산물재배창고,1
09000,의료시설,운전자대기실,1
01000,단독주택,근린생활시설및단독주택1가구용,1
01000,단독주택,다가구12세대,1
04000,제2종근린생활시설,자재적재장,1
18000,창고시설,공무창고,1
01000,단독주택,고적,1
21000,동물및식물관련시설,계란포장실,1
03000,제1종근린생활시설,수영장부대시설,1
21000,동물및식물관련시설,축사및건초창고,1
03000,제1종근린생활시설,시설및주택,1
21000,동물및식물관련시설,산림보호관리사,1
01000,단독주택,고정하숙,1
01000,단독주택,정주권주택개량대상자농가주택,1
18000,창고시설,간이정비실,1
21000,동물및식물관련시설,축사및돈사,1
01000,단독주택,단독주택한터로,1
01000,단독주택,주택관련시설,1
21000,동물및식물관련시설,소독조기계실,1
18000,창고시설,물품보관소,1
06000,종교시설,오피스텔,1
27000,관광휴게시설,구내식당,1
18000,창고시설,민방위창고,1
04000,제2종근린생활시설,국궁장사무실,1
21000,동물및식물관련시설,관리사동,1
18000,창고시설,숙성고,1
18000,창고시설,생및창고시설,1
01000,단독주택,대리소,1
21000,동물및식물관련시설,육상수조식전복양식장,1
01000,단독주택,단독주택및동물및식물관련시설,1
21000,동물및식물관련시설,및저온창고,1
01000,단독주택,옥외욕실,1
18000,창고시설,재제소,1
02000,공동주택,청년비니지스센터,1
21000,동물및식물관련시설,농산물건조시설,1
04000,제2종근린생활시설,학원외,1
01000,단독주택,주택연립,1
04000,제2종근린생활시설,간이매점,1
21000,동물및식물관련시설,안내소,1
21000,동물및식물관련시설,공장사무실,1
01000,단독주택,마루방,1
18000,창고시설,실습창고,1
18000,창고시설,저온저장고및냉동고,1
01000,단독주택,부속방풍실,1
21000,동물및식물관련시설,농업생산관리용건축물,1
01000,단독주택,영랑생가,1
01000,단독주택,주택및제1종근린생활시설및동물및식물관련시설,1
04000,제2종근린생활시설,부속숙소,1
21000,동물및식물관련시설,소독펌프실,1
21000,동물및식물관련시설,물탱크실및농기계보관시설,1
02000,공동주택,제1종근린생활시실,1
21000,동물및식물관련시설,약품보관실및보일러실,1
18000,창고시설,절임식품저장고,1
01000,단독주택,농자재보관소,1
01000,단독주택,단독주택및휴게음식점,1
Z8000,교육연구및복지시설,생활편익시설,1
21000,동물및식물관련시설,고양이사육장,1
18000,창고시설,잎담배저장,1
18000,창고시설,농업용간이저온저장고,1
21000,동물및식물관련시설,오물저장소,1
18000,창고시설,1종창고,1
04000,제2종근린생활시설,영어,1
18000,창고시설,농기계임시보관창고,1
20000,자동차관련시설,부품상,1
13000,운동시설,궁술장,1
01000,단독주택,농가5주택,1
21000,동물및식물관련시설,실내마장,1
02000,공동주택,노인정관리소198,1
01000,단독주택,총포판매소및단독주택,1
01000,단독주택,다가구주택14가구용,1
21000,동물및식물관련시설,퇴비사및헛간,1
01000,단독주택,청부주택,1
21000,동물및식물관련시설,액비탱크기계실,1
21000,동물및식물관련시설,블러워실,1
03000,제1종근린생활시설,쇼핑센타,1
18000,창고시설,농업용간이저장시설,1
10000,교육연구시설,과수극저온환경조절온실,1
18000,창고시설,농업용창고및물탱크실,1
21000,동물및식물관련시설,동물관련시시설,1
03000,제1종근린생활시설,건축사,1
01000,단독주택,위험물처리및,1
21000,동물및식물관련시설,동물관및식물련시설,1
21000,동물및식물관련시설,무균소독실,1
,,영업시설,1
01000,단독주택,보강보록조,1
02000,공동주택,빗물저류조펌프,1
15000,숙박시설,옥외elev,1
01000,단독주택,단독주택외외1건,1
01000,단독주택,단독주택및위험물저장및처리시설,1
21000,동물및식물관련시설,방역실및관리사,1
18000,창고시설,작업장창고,1
04000,제2종근린생활시설,점일반음식점,1
18000,창고시설,출입문,1
21000,동물및식물관련시설,관정관리사,1
18000,창고시설,복합창고,1
04000,제2종근린생활시설,시멘트벽돌조,1
18000,창고시설,창고외3,1
17000,공장,6호시멘트분쇄실,1
20000,자동차관련시설,주민공동시설등,1
21000,동물및식물관련시설,물탱크실및기계실,1
01000,단독주택,농가주택외1,1
10000,교육연구시설,연천군,1
02000,공동주택,8x5,1
21000,동물및식물관련시설,축사관리소,1
01000,단독주택,칭고및변소,1
21000,동물및식물관련시설,하우스관리사,1
01000,단독주택,배수지관리인관사,1
20000,자동차관련시설,특수화물자동차운동,1
21000,동물및식물관련시설,스레트,1
17000,공장,부살개,1
01000,단독주택,관정,1
01000,단독주택,알용품소매점,1
18000,창고시설,과수관리사,1
21000,동물및식물관련시설,휴게소및화장실,1
10000,교육연구시설,면학실,1
01000,단독주택,축사및다용도,1
01000,단독주택,재실채,1
01000,단독주택,저온창고및창고,1
21000,동물및식물관련시설,표준축사,1
01000,단독주택,주택및근린생활시설및점포,1
03000,제1종근린생활시설,71,1
04000,제2종근린생활시설,식물원,1
14000,업무시설,헬스클럽,1
03000,제1종근린생활시설,212동,1
19000,위험물저장및처리시설,저유탱크5,1
03000,제1종근린생활시설,공원,1
02000,공동주택,102동지하1층,1
18000,창고시설,수산업용건조보관창고,1
21000,동물및식물관련시설,사료제조창고,1
21000,동물및식물관련시설,관광농원,1
21000,동물및식물관련시설,육상축양,1
10000,교육연구시설,놀이실,1
10000,교육연구시설,병아리,1
01000,단독주택,공동욕실,1
21000,동물및식물관련시설,육상전복양식자,1
01000,단독주택,간재정,1
Z3000,근린생활시설,소방차고,1
21000,동물및식물관련시설,임업용창고,1
03000,제1종근린생활시설,정압기,1
01000,단독주택,유치원생활관,1
01000,단독주택,새마을주택,1
18000,창고시설,탈수기실및송풍기실,1
14000,업무시설,기타전시장,1
18000,창고시설,부속농가창고,1
04000,제2종근린생활시설,파고라3,1
15000,숙박시설,38호,1
18000,창고시설,선풍기실,1
01000,단독주택,단독주택및근린생활,1
12000,수련시설,천문과학관,1
05000,문화및집회시설,전사청,1
01000,단독주택,농가용주택및우사,1
21000,동물및식물관련시설,우사의비가림시설,1
27000,관광휴게시설,통나무집,1
01000,단독주택,청운2동마을회관,1
18000,창고시설,집하장및선별장,1
21000,동물및식물관련시설,농가생산시설,1
01000,단독주택,용접기술연구실,1
21000,동물및식물관련시설,양송이재배,1
Z9000,공공용시설,공무원,1
18000,창고시설,문위소,1
21000,동물및식물관련시설,과수원관리인실,1
21000,동물및식물관련시설,치잡공동사육장,1
01000,단독주택,사택경비실,1
21000,동물및식물관련시설,퇴비사건립,1
01000,단독주택,아랫채,1
21000,동물및식물관련시설,실습강의동,1
17000,공장,extruder,1
01000,단독주택,계실,1
01000,단독주택,욕실광,1
22000,분뇨.쓰레기처리시설,재활용,1
01000,단독주택,농가용주택및부속사,1
18000,창고시설,젖갈저장탱크,1
01000,단독주택,2종근린생횔시설,1
01000,단독주택,주택및견사,1
01000,단독주택,주택화장실,1
25000,발전시설,업무,1
18000,창고시설,환경퇴비사,1
18000,창고시설,임업용농기계보관시설,1
01000,단독주택,공동창고,1
17000,공장,산업용송풍기및원심분리기제조,1
01000,단독주택,대장숙소,1
18000,창고시설,탄약고,1
21000,동물및식물관련시설,동식관련시설,1
17000,공장,유동개스조절실,1
21000,동물및식물관련시설,전복배양장및관리사,1
01000,단독주택,주택및의원,1
18000,창고시설,권양기실,1
01000,단독주택,사과선별기보관창고,1
21000,동물및식물관련시설,작물퇴비사,1
21000,동물및식물관련시설,우사및퇴비장,1
18000,창고시설,용안부락창고,1
20000,자동차관련시설,운송시설,1
18000,창고시설,도로시설물,1
01000,단독주택,근린샹활시설및주택,1
18000,창고시설,민방위장비창고,1
06000,종교시설,오,1
01000,단독주택,다세대주책,1
21000,동물및식물관련시설,우사181,1
17000,공장,otc동,1
01000,단독주택,판매장외1,1
18000,창고시설,전화기기보존실,1
01000,단독주택,북속,1
18000,창고시설,여과사,1
17000,공장,달리분류되지않은제지및목재가공업,1
01000,단독주택,뭉치,1
03000,제1종근린생활시설,임시계학원,1
21000,동물및식물관련시설,관리사및부속사,1
01000,단독주택,제가,1
21000,동물및식물관련시설,버섯재배시,1
03000,제1종근린생활시설,분말활성탄,1
01000,단독주택,유류탱크,1
18000,창고시설,이동창고,1
11000,노유자시설,노인보지시설,1
03000,제1종근린생활시설,안경원점,1
03000,제1종근린생활시설,소분업,1
21000,동물및식물관련시설,동물관리시설물,1
05000,문화및집회시설,정전,1
03000,제1종근린생활시설,청소년,1
10000,교육연구시설,승용승강기,1
22000,분뇨.쓰레기처리시설,집수조,1
04000,제2종근린생활시설,블루베리,1
01000,단독주택,대법당,1
17000,공장,부엌,1
27000,관광휴게시설,야영지원센터,1
04000,제2종근린생활시설,위생,1
04000,제2종근린생활시설,독서살,1
27000,관광휴게시설,막국수창고,1
27000,관광휴게시설,관리매표소,1
01000,단독주택,95정주권융자대상자,1
03000,제1종근린생활시설,자수업,1
17000,공장,원료계량실,1
01000,단독주택,다가국,1
17000,공장,나사제품제조,1
27000,관광휴게시설,동물원휴게소,1
13000,운동시설,교육연구및,1
03000,제1종근린생활시설,전기설비동,1
03000,제1종근린생활시설,해사관계사무소,1
03000,제1종근린생활시설,21,1
14000,업무시설,52실,1
02000,공동주택,evel실,1
15000,숙박시설,노인요양원,1
20000,자동차관련시설,자동차관련사무실,1
19000,위험물저장및처리시설,lpg충전용기보관,1
04000,제2종근린생활시설,민박용,1
18000,창고시설,느타리버섯장,1
17000,공장,발포설비,1
17000,공장,오니저조,1
17000,공장,융집침전조,1
17000,공장,시멘트사이로,1
04000,제2종근린생활시설,수산물식품가공,1
17000,공장,연구사,1
19000,위험물저장및처리시설,위험물처리시설및근린생활시설,1
17000,공장,엔진연구동,1
03000,제1종근린생활시설,차량등록사업소,1
03000,제1종근린생활시설,상차실,1
01000,단독주택,저탄실,1
13000,운동시설,전지훈련합숙소,1
10000,교육연구시설,야생동물보호시설,1
17000,공장,제2종근린활시설,1
19000,위험물저장및처리시설,주유소관리사및주유대,1
19000,위험물저장및처리시설,위험물일반판매취급소,1
19000,위험물저장및처리시설,기계충전실,1
17000,공장,서브센터,1
18000,창고시설,식당및부품창고,1
18000,창고시설,어촌,1
17000,공장,공무shop,1
14000,업무시설,가,1
17000,공장,영빈관,1
07000,판매시설,사무소근린생활시설,1
01000,단독주택,디가구용단독주택,1
16000,위락시설,미용원,1
14000,업무시설,공기압축실,1
,,교원사택,1
02000,공동주택,150,1
02000,공동주택,94,1
02000,공동주택,공방갤러리,1
17000,공장,공구제조,1
11000,노유자시설,재가지원노인센타,1
17000,공장,주출입구,1
17000,공장,분임조실외,1
17000,공장,의료용,1
19000,위험물저장및처리시설,위험믈저장및처리시설,1
19000,위험물저장및처리시설,제1학생회관가스저장실,1
07000,판매시설,가구판매및영업시설,1
17000,공장,가스공급실,1
19000,위험물저장및처리시설,창고및보일러실,1
02000,공동주택,gx등,1
19000,위험물저장및처리시설,충전소펌프실,1
17000,공장,단층창고,1
01000,단독주택,다중2가구,1
10000,교육연구시설,하행선,1
17000,공장,1호,1
21000,동물및식물관련시설,버벗재재사,1
07000,판매시설,대기실,1
17000,공장,단독주택외,1
04000,제2종근린생활시설,m동,1
14000,업무시설,240호세대,1
03000,제1종근린생활시설,의료실,1
21000,동물및식물관련시설,계통시험연구사,1
04000,제2종근린생활시설,가공공작기계제조,1
21000,동물및식물관련시설,간이우사,1
04000,제2종근린생활시설,가스공급시설,1
18000,창고시설,버섯저장,1
01000,단독주택,및업무시설,1
01000,단독주택,일반음식점및사무실,1
15000,숙박시설,위험물저장및,1
03000,제1종근린생활시설,역조초소,1
17000,공장,밸브유사장치제조,1
01000,단독주택,입원실,1
20000,자동차관련시설,카센타부속시설,1
04000,제2종근린생활시설,및사무실,1
20000,자동차관련시설,동사무소,1
02000,공동주택,지층,1
20000,자동차관련시설,자동차관련수리시설및주택,1
22000,분뇨.쓰레기처리시설,세차실,1
22000,분뇨.쓰레기처리시설,재활용선별처리실,1
04000,제2종근린생활시설,주택부속사,1
03000,제1종근린생활시설,4가구용,1
21000,동물및식물관련시설,교반발효장,1
29000,장례시설,안치실,1
17000,공장,황산공장전기실,1
Z8000,교육연구및복지시설,탁구장,1
Z5000,문화및집회시설,체력단련실,1
05000,문화및집회시설,누대,1
Z5000,문화및집회시설,원아숙사,1
01000,단독주택,토종가축사,1
02000,공동주택,g저장소,1
04000,제2종근린생활시설,근린셍활시설,1
10000,교육연구시설,시험장비,1
Z3000,근린생활시설,2종근생시설,1
10000,교육연구시설,패기물보관소,1
13000,운동시설,펌프장,1
Z8000,교육연구및복지시설,건조실험실,1
03000,제1종근린생활시설,기술,1
14000,업무시설,근린생활시설시설,1
04000,제2종근린생활시설,교회및창고,1
Z5000,문화및집회시설,열효신씨지려비석,1
29000,장례시설,제1종,1
04000,제2종근린생활시설,산수유가공시설,1
14000,업무시설,교육연구시시설,1
10000,교육연구시설,축산학과,1
01000,단독주택,다가구주택4호,1
03000,제1종근린생활시설,공용의,1
27000,관광휴게시설,부속,1
03000,제1종근린생활시설,무인전파기지국,1
01000,단독주택,식품제조실,1
11000,노유자시설,일용품판매점,1
04000,제2종근린생활시설,생위락시설,1
15000,숙박시설,주거시설,1
17000,공장,한약제,1
13000,운동시설,마장마술연습장,1
10000,교육연구시설,연구관리동,1
18000,창고시설,소방창고및사무실,1
14000,업무시설,17실,1
01000,단독주택,선박수리공장,1
13000,운동시설,안내센터,1
Z8000,교육연구및복지시설,교육관련시설,1
13000,운동시설,정비고창고5,1
17000,공장,sf창고,1
17000,공장,tm,1
01000,단독주택,96불량주택개량,1
20000,자동차관련시설,2종근린새활시설,1
17000,공장,비철금속,1
08000,운수시설,핏트,1
01000,단독주택,성인용품점,1
17000,공장,프레스및차체공장,1
04000,제2종근린생활시설,양재학원,1
18000,창고시설,비료및양곡보관창고,1
27000,관광휴게시설,b,1
17000,공장,톳,1
18000,창고시설,농업인축사,1
04000,제2종근린생활시설,목공소및,1
02000,공동주택,입주민회의소,1
02000,공동주택,017,1
14000,업무시설,임대사무실,1
14000,업무시설,원룸형60세대,1
21000,동물및식물관련시설,기계실및퇴비저장조,1
04000,제2종근린생활시설,조립,1
Z3000,근린생활시설,건조창고,1
02000,공동주택,용역요원대기실,1
03000,제1종근린생활시설,샷슈대리점,1
17000,공장,황산공장,1
02000,공동주택,셔틀버스대기실,1
02000,공동주택,스케이트장,1
04000,제2종근린생활시설,솟을,1
11000,노유자시설,복도,1
17000,공장,에칭실험,1
26000,묘지관련시설,동물원,1
17000,공장,하하장,1
17000,공장,chiler,1
27000,관광휴게시설,임간수련자숙소,1
04000,제2종근린생활시설,배전반및자동제어반제조,1
01000,단독주택,화장실및방,1
03000,제1종근린생활시설,전화기기국,1
01000,단독주택,농산물시설창고,1
22000,분뇨.쓰레기처리시설,유입펌프실,1
13000,운동시설,백보관실,1
19000,위험물저장및처리시설,위험물저장관리시설,1
04000,제2종근린생활시설,다가구7가구,1
01000,단독주택,4건,1
25000,발전시설,정제유보관시설,1
13000,운동시설,유흥음식점,1
Z8000,교육연구및복지시설,노휴제시설,1
13000,운동시설,소화전펌프실,1
Z3000,근린생활시설,농산물작업장,1
17000,공장,제6정비고,1
04000,제2종근린생활시설,휴게실및통로,1
04000,제2종근린생활시설,근린공공시설외,1
Z5000,문화및집회시설,우불단사,1
04000,제2종근린생활시설,2세대다가구,1
17000,공장,제2변전소,1
Z8000,교육연구및복지시설,음악실,1
17000,공장,cdc합성설비동,1
03000,제1종근린생활시설,판매서설,1
04000,제2종근린생활시설,축산교실,1
20000,자동차관련시설,대형정비고,1
Z8000,교육연구및복지시설,세탁장,1
13000,운동시설,실내야구연습시설,1
03000,제1종근린생활시설,전력변환장치실2,1
22000,분뇨.쓰레기처리시설,탈수기실동,1
13000,운동시설,연습장관리실,1
13000,운동시설,공공용시설,1
13000,운동시설,기숙사등,1
01000,단독주택,대문및차고,1
21000,동물및식물관련시설,사료고,1
18000,창고시설,농산물짐하장,1
17000,공장,샵,1
13000,운동시설,수유실,1
13000,운동시설,풀장부대건물,1
21000,동물및식물관련시설,생균제저장고,1
02000,공동주택,통합서비스센터,1
14000,업무시설,재활용품보관창고,1
17000,공장,성형가공석재및석재품,1
13000,운동시설,야외풋살장,1
02000,공동주택,외부ev비가림막,1
11000,노유자시설,기숙시설,1
Z5000,문화및집회시설,교당,1
02000,공동주택,지하주차장p5,1
Z6000,판매및영업시설,외,1
02000,공동주택,무인택배시스템실,1
21000,동물및식물관련시설,한우사육장,1
02000,공동주택,노인정및보일러실,1
Z8000,교육연구및복지시설,대피시설,1
03000,제1종근린생활시설,주차관리사무소,1
17000,공장,양극전해액탈염소,1
05000,문화및집회시설,적재실,1
13000,운동시설,야적장,1
Z6000,판매및영업시설,매점,1
13000,운동시설,급식소,1
23000,교정및군사시설,b군견막사,1
04999,기타제2종근린생활시설,사무소,1
17000,공장,응집침전조,1
Z5000,문화및집회시설,북문안내소,1
13000,운동시설,조류관람장,1
02000,공동주택,119실,1
10000,교육연구시설,다목적사회체육강의동,1
17000,공장,공용압축기실,1
06000,종교시설,취사실,1
17000,공장,fsms,1
17000,공장,지정폐기물보관소,1
31000,야영장시설,체험장,1
10000,교육연구시설,대신초등학교,1
09000,의료시설,병원시설,1
13000,운동시설,구민체육회관,1
17000,공장,액화석유가스저장소,1
14000,업무시설,소방시설,1
03000,제1종근린생활시설,옥종지서,1
17000,공장,mcc판넬실,1
17000,공장,55동,1
17000,공장,열처리도장실,1
31000,야영장시설,대피소및취사시설,1
07000,판매시설,음식저,1
03000,제1종근린생활시설,인터넷컴퓨터게임시설제공업의,1
17000,공장,보세창고동,1
01000,단독주택,몰치,1
07100,소매시장,소매시장,1
06000,종교시설,상충문,1
17000,공장,캔퍼스제품제조업,1
17000,공장,공장연구실,1
01000,단독주택,환경개선사업,1
27000,관광휴게시설,관리사무실외,1
21000,동물및식물관련시설,탈곡작업사,1
17000,공장,salt,1
03000,제1종근린생활시설,산불초소,1
12000,수련시설,다목적교실,1
,,서고,1
03000,제1종근린생활시설,공용의청사,1
04000,제2종근린생활시설,정구장부속건물,1
21000,동물및식물관련시설,온실제어실,1
17000,공장,초지,1
17000,공장,제품제조공장,1
03000,제1종근린생활시설,천연동,1
17000,공장,전통도자기공장,1
04000,제2종근린생활시설,생2종,1
17000,공장,옥외고압가스,1
03000,제1종근린생활시설,마을공중화장실,1
02000,공동주택,테니스장락커,1
18000,창고시설,장비실,1
17000,공장,도시형공장외,1
18000,창고시설,수비농협,1
01000,단독주택,주택겸전포,1
17000,공장,재료보관,1
Z8000,교육연구및복지시설,목가공실,1
01000,단독주택,주택및관리사,1
18000,창고시설,광산고압가스창고,1
01000,단독주택,국유재산매각신청용,1
01000,단독주택,단독주택ㅣ제2종근린생활시설,1
03000,제1종근린생활시설,단독주택3가구,1
01000,단독주택,농업용임시가설물,1
21000,동물및식물관련시설,톱밥발효우사퇴비사,1
21000,동물및식물관련시설,건초장창고,1
18000,창고시설,과수퇴비사,1
21000,동물및식물관련시설,가축관리초소,1
Z8000,교육연구및복지시설,생활시설,1
17000,공장,콤프레샤드라이쉘터,1
18000,창고시설,창고ㅅ설,1
01000,단독주택,공중주택,1
06000,종교시설,노유자지설,1
18000,창고시설,농가용저온저창고,1
21000,동물및식물관련시설,장비창고,1
21000,동물및식물관련시설,육상배양장,1
18000,창고시설,부속작업대기소,1
21000,동물및식물관련시설,근린공공시설및동물관련시설,1
21000,동물및식물관련시설,가축분뇨적재장,1
21000,동물및식물관련시설,우피작업장,1
01000,단독주택,지하실주택,1
11000,노유자시설,탈의실,1
18000,창고시설,컨테이너창고,1
01000,단독주택,근생사무소,1
21000,동물및식물관련시설,원예관리사,1
01000,단독주택,처소,1
21000,동물및식물관련시설,버섯건조실,1
21000,동물및식물관련시설,동물및식물관련시설주택,1
01000,단독주택,후송당,1
01000,단독주택,농촌주거환경개선사업에의한농가주택,1
21000,동물및식물관련시설,부속건,1
01000,단독주택,부속창고및제거식화장실,1
01000,단독주택,아연판가,1
21000,동물및식물관련시설,해태포자배양관리실,1
10000,교육연구시설,목공실습장,1
18000,창고시설,미생물발효창고,1
01000,단독주택,도시계획미수립지역,1
17000,공장,고기,1
18000,창고시설,동사무소,1
21000,동물및식물관련시설,퇴비발효시설,1
01000,단독주택,지하주차,1
21000,동물및식물관련시설,실증시범포관리사,1
21000,동물및식물관련시설,퇴비사및건초보관장,1
19000,위험물저장및처리시설,제1종근린생황시설,1
01000,단독주택,농어가주택및점포,1
18000,창고시설,검수대,1
21000,동물및식물관련시설,수산물수족관,1
18000,창고시설,주택및농업창고,1
19000,위험물저장및처리시설,엘피지,1
11000,노유자시설,공장시설,1
19000,위험물저장및처리시설,다목적실,1
21000,동물및식물관련시설,한우작업장,1
01000,단독주택,단곡주택,1
20000,자동차관련시설,편의점,1
18000,창고시설,취수펌프장,1
17000,공장,도장시설,1
21000,동물및식물관련시설,톱밥발효계사부지조성,1
17000,공장,신호장치,1
18000,창고시설,입출하관리사무실,1
04000,제2종근린생활시설,불경실,1
17000,공장,발화성물질저장실,1
01000,단독주택,신부사택,1
18000,창고시설,수도시설관리창고,1
01000,단독주택,95농촌개량주택,1
18000,창고시설,농수산물보관창고및사무실,1
21000,동물및식물관련시설,축사용장비창고,1
01000,단독주택,주택및농산물저장고,1
Z3000,근린생활시설,일반식당,1
18000,창고시설,제품야적장,1
18000,창고시설,관리사저장고,1
21000,동물및식물관련시설,액화산소탱크실,1
21000,동물및식물관련시설,동물관련시장,1
01000,단독주택,교역자사택,1
21000,동물및식물관련시설,축계사,1
01000,단독주택,장실,1
01000,단독주택,주택잠실,1
21000,동물및식물관련시설,볏칩창고,1
18000,창고시설,양곡관리사,1
01000,단독주택,농가주택및부대시설,1
10000,교육연구시설,후생복지관,1
Z3000,근린생활시설,부속상가,1
02000,공동주택,단지형다대주택,1
02000,공동주택,스포츠게임룸,1
21000,동물및식물관련시설,퇴비건조실,1
21000,동물및식물관련시설,관리사등부속시설,1
01000,단독주택,구세군교회,1
21000,동물및식물관련시설,개분장,1
18000,창고시설,야적장창고,1
01000,단독주택,다가구및제1종근생,1
18000,창고시설,창고및농산물건조실,1
08000,운수시설,간이버스정류장,1
18000,창고시설,농기계창고및농가주택,1
03000,제1종근린생활시설,제1ㆍ2종근린생활,1
01000,단독주택,진사청,1
18000,창고시설,선별장및저온저장고,1
21000,동물및식물관련시설,달팽이양식장,1
01000,단독주택,농가용창고및퇴비사,1
21000,동물및식물관련시설,기름탱크실,1
21000,동물및식물관련시설,주택및퇴비사,1
18000,창고시설,연초저장창고,1
21000,동물및식물관련시설,간이식당,1
02000,공동주택,근로자휴게실포함,1
01000,단독주택,시장가옥,1
21000,동물및식물관련시설,양계장선란실,1
Z8000,교육연구및복지시설,목공실,1
18000,창고시설,건축물자재보관창고,1
01000,단독주택,농업창고및주택,1
01000,단독주택,주택및업소,1
01000,단독주택,검사관사,1
01000,단독주택,온실수영장,1
21000,동물및식물관련시설,소독부스,1
21000,동물및식물관련시설,농가용주택및축사,1
18000,창고시설,훈증고,1
01000,단독주택,주택및수양관,1
21000,동물및식물관련시설,동사용,1
18000,창고시설,작업장및세차장,1
21000,동물및식물관련시설,토착미생물생산시설및공동창고,1
13000,운동시설,다목적생활체육관,1
21000,동물및식물관련시설,폐수시설기계실,1
01000,단독주택,부속우사,1
01000,단독주택,벽돌조적조,1
01000,단독주택,임시가설물,1
01000,단독주택,근린생활시시설및주택,1
,,근린생활시설및주택,1
21000,동물및식물관련시설,동식물관련시설및창고시설,1
18000,창고시설,경비시설,1
21000,동물및식물관련시설,화어작업장,1
02000,공동주택,단지형다세대형,1
21000,동물및식물관련시설,우나,1
18000,창고시설,칭거,1
21000,동물및식물관련시설,육묘재배사,1
01000,단독주택,농업용주거,1
21000,동물및식물관련시설,톱밥우사창고,1
21000,동물및식물관련시설,단독주택외,1
21000,동물및식물관련시설,건짚창고,1
04000,제2종근린생활시설,발전실창고,1
01000,단독주택,94농촌주택,1
18000,창고시설,농산물창고및건조실,1
18000,창고시설,시설채소간이집하장,1
01000,단독주택,동물및식물시설,1
01000,단독주택,반음식점,1
18000,창고시설,자은가리창고,1
01000,단독주택,시장장옥,1
01000,단독주택,소계서당,1
13000,운동시설,사선대,1
01000,단독주택,다세대주택외1,1
06000,종교시설,공공도서관,1
18000,창고시설,청사부속사,1
21000,동물및식물관련시설,축산폐수건조장,1
18000,창고시설,축양장배합사료냉동창고,1
18000,창고시설,비상급수시설,1
18000,창고시설,농수산기계보관창고,1
18000,창고시설,압축공기실,1
21000,동물및식물관련시설,말관련부속창고,1
18000,창고시설,농가창고및저온창고,1
21000,동물및식물관련시설,축사및축분건조장,1
21000,동물및식물관련시설,잠종보호고,1
18000,창고시설,선과창고,1
06000,종교시설,집,1
18000,창고시설,기름창고,1
21000,동물및식물관련시설,퇴비사및농사용창고,1
01000,단독주택,건가시설창고,1
01000,단독주택,판지용기제조업,1
21000,동물및식물관련시설,축사설,1
18000,창고시설,경량판넬조,1
04000,제2종근린생활시설,삼신신앙재단,1
18000,창고시설,정수기창고,1
18000,창고시설,전화자동기보존실,1
10000,교육연구시설,학생복지회관,1
18000,창고시설,abs포장실및자동화창고,1
16000,위락시설,유흥접객업소,1
19000,위험물저장및처리시설,2종근생시설,1
03000,제1종근린생활시설,수리소,1
17000,공장,345kv,1
27000,관광휴게시설,휴게소동,1
14000,업무시설,다목적회관,1
01000,단독주택,창고보일러,1
17000,공장,제1연결건물,1
21000,동물및식물관련시설,타조,1
24000,방송통신시설,통신탑,1
17000,공장,사료창고,1
04000,제2종근린생활시설,농산물건조공장,1
17000,공장,섬유가공,1
06000,종교시설,부대시설,1
17000,공장,퇴비제조업,1
04000,제2종근린생활시설,목제품제조업,1
17000,공장,공업용보일러실,1
17000,공장,콘크리트빈,1
03000,제1종근린생활시설,증축분,1
04000,제2종근린생활시설,유류주입기,1
17000,공장,지게차충전장,1
17000,공장,기숙사및경비실,1
17000,공장,농산물가공소,1
07000,판매시설,서고,1
17000,공장,차량정비,1
04000,제2종근린생활시설,부속창고및재배사,1
21000,동물및식물관련시설,벽돌,1
04000,제2종근린생활시설,빙과제조,1
17000,공장,임도정공장,1
17000,공장,메디칼동,1
17000,공장,버너쿨러,1
17000,공장,창고및사무실및휴게실,1
17000,공장,운탄상가,1
15000,숙박시설,주차관리실,1
17000,공장,제2호쿨라집진기콤프레샤실,1
17000,공장,약품투약실,1
Z9000,공공용시설,양수장,1
17000,공장,직물제조장,1
17000,공장,무기소,1
02000,공동주택,0372,1
17000,공장,wet시험동,1
17000,공장,수입홉빠실,1
12000,수련시설,부대시설,1
17000,공장,문서보관소,1
17000,공장,베터리보관소,1
17000,공장,물류팀사무실,1
11000,노유자시설,장애인가족지원센터,1
17000,공장,쿨러전기실,1
17000,공장,가압펌프실,1
17000,공장,정비센타,1
17000,공장,다야야코트공장,1
17000,공장,31동,1
17000,공장,질소가스실,1
17000,공장,파래건조공장,1
01000,단독주택,소아외의재조장,1
17000,공장,건설기계정비공장,1
01000,단독주택,가마,1
17000,공장,발효실및휴게실,1
17000,공장,북문보안게이트,1
17000,공장,폼푸실,1
17000,공장,공해처리기계실,1
17000,공장,오일펌프룸,1
17000,공장,철물관련제조,1
17000,공장,계측기보호실,1
01000,단독주택,노휴시설,1
18000,창고시설,유흥음식점,1
09000,의료시설,사랑관,1
10000,교육연구시설,게이트,1
17000,공장,4폐수송풍기실,1
17000,공장,대기실및정비실,1
17000,공장,폐열보일라실,1
02000,공동주택,2214,1
02000,공동주택,62,1
17000,공장,희질산공장,1
17000,공장,타이어커팅몰,1
17000,공장,위험물제조소2동,1
02000,공동주택,동호회실1,1
10000,교육연구시설,2실,1
24000,방송통신시설,이동통신기지국사,1
21000,동물및식물관련시설,양수,1
01000,단독주택,에이동,1
17000,공장,저장창고및펌프실,1
14000,업무시설,40실,1
17000,공장,도자기흙공장,1
17000,공장,애프터써비스부품물류센타,1
17000,공장,안전공구실,1
17000,공장,각동연결시설,1
17000,공장,파지창고,1
22000,분뇨.쓰레기처리시설,퇴비사용,1
17000,공장,금속구조제제조,1
02000,공동주택,대중목욕탕,1
03000,제1종근린생활시설,자숙실,1
11000,노유자시설,심신장애자재활센타,1
19000,위험물저장및처리시설,세탁소,1
01000,단독주택,의용당,1
22000,분뇨.쓰레기처리시설,위험물저장소,1
13000,운동시설,인공,1
03000,제1종근린생활시설,소화,1
18000,창고시설,산지수산물가공,1
02000,공동주택,공동거실,1
18000,창고시설,0,1
07000,판매시설,야채시장,1
22000,분뇨.쓰레기처리시설,폐수슬러지오니처리시설,1
22000,분뇨.쓰레기처리시설,옥외화장실,1
22000,분뇨.쓰레기처리시설,부식창고,1
17000,공장,c1502b,1
19000,위험물저장및처리시설,기계,1
19000,위험물저장및처리시설,출하동,1
20000,자동차관련시설,운전보완시설,1
04000,제2종근린생활시설,의료기구제조업,1
17000,공장,501,1
17000,공장,제7운전자실,1
20000,자동차관련시설,청소차고,1
14000,업무시설,운전조작실,1
02000,공동주택,입주자집회수,1
19000,위험물저장및처리시설,처리및,1
22000,분뇨.쓰레기처리시설,축산폐수처리시설관리,1
11000,노유자시설,건강데스크,1
01000,단독주택,창고겸,1
Z3000,근린생활시설,도정공장,1
17000,공장,장식품제조업,1
20000,자동차관련시설,자동차장식판매점,1
03000,제1종근린생활시설,지하차도관리사무소,1
01000,단독주택,대피고,1
02000,공동주택,도시형생활주택및사무소,1
17000,공장,실증센터,1
17000,공장,가열순환설비,1
17000,공장,가스용기보관소,1
17000,공장,o3,1
17000,공장,pond조정실동,1
17000,공장,현장간이식당,1
21000,동물및식물관련시설,축분건조시설,1
28000,가설건축물,부속경비실,1
04000,제2종근린생활시설,로울러,1
02000,공동주택,단지형다세재,1
15000,숙박시설,생활숙박시,1
17000,공장,공해공업,1
17000,공장,펌프조작및,1
14000,업무시설,121실,1
29000,장례시설,물품보관창고,1
27000,관광휴게시설,향교,1
18000,창고시설,가구보관용,1
10000,교육연구시설,연결통로1,1
01000,단독주택,94년농어가,1
20000,자동차관련시설,자동차매매업소,1
20000,자동차관련시설,주차전용빌딩,1
03000,제1종근린생활시설,산림공익,1
17000,공장,3톤,1
02000,공동주택,설,1
22000,분뇨.쓰레기처리시설,폐수유입펌프시설,1
18000,창고시설,주방및식당,1
10000,교육연구시설,체육창고및야구부휴게실,1
20000,자동차관련시설,기계주차,1
04000,제2종근린생활시설,제빵제조,1
17000,공장,새마을연수장,1
17000,공장,v변전실,1
27000,관광휴게시설,버스정류장,1
Z8000,교육연구및복지시설,관리소,1
03000,제1종근린생활시설,선,1
04000,제2종근린생활시설,실내사육실,1
17000,공장,운전실및mcc실,1
17000,공장,컨베어실,1
02000,공동주택,분리보관시설,1
04000,제2종근린생활시설,도자기제조작업실,1
10000,교육연구시설,노인당,1
01000,단독주택,2급자동차정비공업사,1
10000,교육연구시설,생물실,1
04000,제2종근린생활시설,무민문,1
02000,공동주택,4213동,1
02000,공동주택,빗물,1
03000,제1종근린생활시설,생활형숙박시설,1
01000,단독주택,근린생활시설및주택4,1
27000,관광휴게시설,심정관리실,1
04000,제2종근린생활시설,삼산정사,1
27000,관광휴게시설,사라봉휴게소,1
04000,제2종근린생활시설,방깔개제조작업장,1
04000,제2종근린생활시설,주택및종교집회장,1
04000,제2종근린생활시설,효열각,1
26000,묘지관련시설,묘지관련시설외,1
26000,묘지관련시설,1용도,1
03000,제1종근린생활시설,폐기물사무실,1
17000,공장,벽지공장,1
17000,공장,규격실험실,1
17000,공장,d소성실,1
04000,제2종근린생활시설,농업용부속창고,1
04000,제2종근린생활시설,우시장사무실,1
03000,제1종근린생활시설,식품선별건조장,1
17000,공장,미역선별장,1
19000,위험물저장및처리시설,위헙물저장및,1
06000,종교시설,사찰부속사,1
02000,공동주택,전기펌퍼실,1
04000,제2종근린생활시설,고적,1
Z3000,근린생활시설,공공업무시설,1
18000,창고시설,판매점,1
04000,제2종근린생활시설,재2종근린생할시설,1
04000,제2종근린생활시설,원불교교당,1
04000,제2종근린생활시설,사무기기수리점,1
01000,단독주택,32,1
06000,종교시설,종회,1
04000,제2종근린생활시설,플라스틱제품제조공장,1
04000,제2종근린생활시설,사무소의,1
04000,제2종근린생활시설,일반철물제조업소,1
14000,업무시설,제1종및제2종근린생활시설,1
04000,제2종근린생활시설,기계제어실,1
05000,문화및집회시설,국악전시체험관,1
06000,종교시설,선재교육관,1
10000,교육연구시설,딸기연구소,1
11000,노유자시설,노숙자,1
17000,공장,3벨트콘베이어,1
04000,제2종근린생활시설,야생차제조판매시설,1
01000,단독주택,농약사,1
04000,제2종근린생활시설,제각관사,1
04000,제2종근린생활시설,해산물작업장,1
04000,제2종근린생활시설,의용소방대사무소,1
04000,제2종근린생활시설,자동차부품창고,1
04000,제2종근린생활시설,창고시설외2,1
04000,제2종근린생활시설,사무실및세차장,1
Z5000,문화및집회시설,금당,1
06000,종교시설,경로시설,1
04000,제2종근린생활시설,연쇄점사무실,1
04000,제2종근린생활시설,주택및근린생활시설및부속사,1
04000,제2종근린생활시설,숙박시설및근린생할시설,1
01000,단독주택,lpg용기,1
01000,단독주택,보관실,1
04000,제2종근린생활시설,농기계수리소및관리사,1
04000,제2종근린생활시설,동물원관리사무소,1
01000,단독주택,콩나물방,1
01000,단독주택,주거용방,1
22000,분뇨.쓰레기처리시설,스크린실,1
23000,교정및군사시설,관사관리반,1
07000,판매시설,대형할인매장,1
03000,제1종근린생활시설,다목적농민회관,1
04000,제2종근린생활시설,관람집회시설및근린생활시설,1
20000,자동차관련시설,주유판매소,1
04000,제2종근린생활시설,관광안내소,1
04000,제2종근린생활시설,초원다방,1
15000,숙박시설,보이라실및대피소,1
31000,야영장시설,관리,1
04000,제2종근린생활시설,사무실및주택및점포,1
03000,제1종근린생활시설,관랍집회시설,1
04000,제2종근린생활시설,단군묘,1
04000,제2종근린생활시설,노휴제,1
,,유천2리,1
06000,종교시설,교회교육실,1
04000,제2종근린생활시설,헤태처리장,1
18000,창고시설,농가창고및창고,1
04000,제2종근린생활시설,청소년게임저공업의시설,1
02000,공동주택,스마트홈아카데미,1
04000,제2종근린생활시설,의류공장,1
19000,위험물저장및처리시설,급식시설,1
04000,제2종근린생활시설,수도체,1
04000,제2종근린생활시설,풍열,1
03000,제1종근린생활시설,최대성장군,1
04000,제2종근린생활시설,배품질관리시설,1
04000,제2종근린생활시설,사찰부속요사체,1
04000,제2종근린생활시설,경비실및출하실,1
04000,제2종근린생활시설,지소,1
04000,제2종근린생활시설,금융사무소,1
04000,제2종근린생활시설,작업휴게실,1
10000,교육연구시설,시립중앙도서관,1
04000,제2종근린생활시설,사법인사무실,1
04000,제2종근린생활시설,교리실,1
03000,제1종근린생활시설,23,1
06000,종교시설,화장실3,1
04000,제2종근린생활시설,기숙소,1
04000,제2종근린생활시설,교회사댁,1
04000,제2종근린생활시설,삭도홉바,1
04000,제2종근린생활시설,라프팅편의시설,1
04000,제2종근린생활시설,대파소,1
18000,창고시설,멸치젓가공공장,1
04000,제2종근린생활시설,농산물진열장,1
04000,제2종근린생활시설,사무실및다방,1
04000,제2종근린생활시설,판매영업시설,1
Z3000,근린생활시설,마을공동식당,1
04000,제2종근린생활시설,폐기물감량화시설,1
02000,공동주택,제1종근린생시설,1
06000,종교시설,지옥각,1
04000,제2종근린생활시설,창고시설및공장,1
04000,제2종근린생활시설,전천후게이트볼장,1
18000,창고시설,거실,1
04000,제2종근린생활시설,창고및영업소,1
04000,제2종근린생활시설,상오제,1
06000,종교시설,문화재관리용건축물,1
17000,공장,rto비상발전기실,1
04000,제2종근린생활시설,2종근린생활시및위락시설,1
04000,제2종근린생활시설,탈수기실,1
17000,공장,농수산물창고,1
10000,교육연구시설,성서연구소,1
06000,종교시설,베르타스광장,1
04000,제2종근린생활시설,대중음식점및하숙,1
03000,제1종근린생활시설,탐방지원센터,1
14000,업무시설,청경화장실,1
04000,제2종근린생활시설,석재작업장,1
,,목재제품,1
04000,제2종근린생활시설,교육장및영사실및물탱크,1
17000,공장,목재건구제조장,1
04000,제2종근린생활시설,점포및전자오락실,1
04000,제2종근린생활시설,면소,1
14000,업무시설,공장사무실,1
04000,제2종근린생활시설,환경미화원대기실,1
06000,종교시설,정신수련장,1
04000,제2종근린생활시설,조차실,1
04000,제2종근린생활시설,제2종근린생활시시럴,1
04000,제2종근린생활시설,주택및목공소,1
18000,창고시설,마사,1
14000,업무시설,36실,1
04000,제2종근린생활시설,정미소및창고,1
04000,제2종근린생활시설,근린생활시설및사무실주택,1
06000,종교시설,및창고,1
17000,공장,라벨제조,1
10000,교육연구시설,행정및,1
04000,제2종근린생활시설,메주건조저장고,1
04000,제2종근린생활시설,창호제조,1
04000,제2종근린생활시설,금유업소,1
21000,동물및식물관련시설,합숙사,1
17000,공장,시멘트재분,1
01000,단독주택,창고및와장실,1
02000,공동주택,기계실d,1
04000,제2종근린생활시설,약품저장고,1
04000,제2종근린생활시설,학생교육관,1
11000,노유자시설,교육연구소및복지시설,1
04000,제2종근린생활시설,공공건물,1
04000,제2종근린생활시설,공작기계사무실,1
04000,제2종근린생활시설,2종근린생활시시설,1
04000,제2종근린생활시설,동조사,1
04000,제2종근린생활시설,세동교회,1
04000,제2종근린생활시설,편직물제조장,1
04000,제2종근린생활시설,일밭음식점,1
04000,제2종근린생활시설,측량기구제조업,1
04000,제2종근린생활시설,생약집하장,1
08000,운수시설,초성리역,1
04000,제2종근린생활시설,부화장및,1
04000,제2종근린생활시설,제2중근린생활시설,1
04000,제2종근린생활시설,관리사무소및화장실,1
04000,제2종근린생활시설,제1근린생활시설외2,1
04000,제2종근린생활시설,제1종근린생활시설외2건,1
04000,제2종근린생활시설,법로주탁,1
04000,제2종근린생활시설,숙소동,1
04000,제2종근린생활시설,점포및홀,1
17000,공장,농산물판매장,1
17000,공장,연사제조및기와방적업,1
06000,종교시설,종교시설법당,1
06000,종교시설,신당,1
04000,제2종근린생활시설,28실,1
21000,동물및식물관련시설,철물및관련제품제조업,1
06000,종교시설,교회식당,1
17000,공장,컴프레서,1
Z3000,근린생활시설,기계,1
05000,문화및집회시설,동물관련및근린생활시설,1
13000,운동시설,사무실및,1
04000,제2종근린생활시설,집하장및창고,1
18000,창고시설,사무실및욕실,1
04000,제2종근린생활시설,제2종근린생활시설및야영장,1
04000,제2종근린생활시설,교회장,1
06000,종교시설,제2종근린린생활시설,1
18000,창고시설,g동,1
04000,제2종근린생활시설,대환정,1
03000,제1종근린생활시설,휴게실및화장실,1
01000,단독주택,카센터,1
03000,제1종근린생활시설,급유대,1
04000,제2종근린생활시설,유기동물보호시설,1
06000,종교시설,종교및노유자시설,1
10000,교육연구시설,업무교육연구시설,1
18000,창고시설,콘테이너하하장,1
04000,제2종근린생활시설,심리상담소,1
06000,종교시설,휴게실및판매소,1
01000,단독주택,94정주권주택개랭,1
04000,제2종근린생활시설,황토옷공예품,1
02000,공동주택,저탄장및,1
17000,공장,스레기처리시설,1
04000,제2종근린생활시설,검사공차전,1
Z6000,판매및영업시설,노외주차장,1
04000,제2종근린생활시설,화산교회,1
04000,제2종근린생활시설,농산물유통및가공시설,1
15000,숙박시설,보일러,1
04000,제2종근린생활시설,사무실및부대시설,1
24000,방송통신시설,경비초소,1
14000,업무시설,오피스텔213호,1
02000,공동주택,공동주택공동주택,1
02000,공동주택,에어로빅센터,1
17000,공장,컨베이어실,1
04000,제2종근린생활시설,기타제2종근생활시설,1
04000,제2종근린생활시설,삼일단위농협,1
15000,숙박시설,작업실,1
02000,공동주택,아파트36세대,1
04000,제2종근린생활시설,포치,1
04000,제2종근린생활시설,보조수원펌프실,1
04000,제2종근린생활시설,고가수조,1
04000,제2종근린생활시설,대문체,1
04000,제2종근린생활시설,창고시설외2용도,1
04000,제2종근린생활시설,카써비스센타,1
06000,종교시설,교회및유치원,1
04000,제2종근린생활시설,배전반및자동제어반제조업,1
11000,노유자시설,교제실,1
04000,제2종근린생활시설,점포및사무실및주택,1
21000,동물및식물관련시설,가스저장창고및사무실,1
26000,묘지관련시설,공설공원묘지관리사무실,1
02000,공동주택,무인택배보관,1
18000,창고시설,부,1
23000,교정및군사시설,교정맟군사시설,1
16000,위락시설,일용품점,1
26000,묘지관련시설,유택동산,1
21000,동물및식물관련시설,판매장,1
07000,판매시설,제,1
30000,자원순환관련시설,소각장,1
07000,판매시설,채소경매장,1
21000,동물및식물관련시설,집유장,1
19000,위험물저장및처리시설,reaction,1
19000,위험물저장및처리시설,주유소창고,1
23000,교정및군사시설,재활용품보관소,1
26000,묘지관련시설,일주문,1
04000,제2종근린생활시설,정유소,1
04000,제2종근린생활시설,건어물도매점포,1
,,3층2가구,1
01000,단독주택,숙박시설외,1
23000,교정및군사시설,부단장관사차고,1
04000,제2종근린생활시설,의료기판매소,1
23000,교정및군사시설,음식물쓰레기처리시설,1
17000,공장,유리제품,1
02000,공동주택,새마을문고,1
17000,공장,콘테이너백,1
Z8000,교육연구및복지시설,본관동,1
22000,분뇨.쓰레기처리시설,축산정화조,1
04000,제2종근린생활시설,식당및교실,1
31000,야영장시설,부속샤워장,1
24000,방송통신시설,자전거하차실,1
Z8000,교육연구및복지시설,새마을회관,1
14000,업무시설,291호,1
02000,공동주택,95호,1
,,유리제품,1
17000,공장,용해filter,1
06000,종교시설,시중당,1
07000,판매시설,분리수거장,1
07000,판매시설,야채,1
17000,공장,수리업,1
10000,교육연구시설,직원사택,1
01000,단독주택,개선사업주택,1
14000,업무시설,52호,1
05000,문화및집회시설,시낭송장,1
04000,제2종근린생활시설,과자제조,1
10000,교육연구시설,고입,1
20000,자동차관련시설,2급,1
03000,제1종근린생활시설,2종근생사무실및,1
03000,제1종근린생활시설,문중정자,1
14000,업무시설,기동대청사,1
04000,제2종근린생활시설,스쿼시룸,1
03000,제1종근린생활시설,제1종근린샹활시설,1
03000,제1종근린생활시설,물량장,1
08000,운수시설,안양역,1
19000,위험물저장및처리시설,station,1
10000,교육연구시설,야구장부속시설,1
01000,단독주택,운곡서당,1
17000,공장,가공및정제염제조공장,1
03000,제1종근린생활시설,마을연쇄점,1
21000,동물및식물관련시설,원란출하실,1
03000,제1종근린생활시설,광단,1
a0100,,전시시설,1
03000,제1종근린생활시설,비봉루,1
11000,노유자시설,노유자시설외1용도,1
18000,창고시설,가공업소,1
11000,노유자시설,게이트볼사무실,1
03000,제1종근린생활시설,씨동,1
03000,제1종근린생활시설,주택및생활근린시설,1
03000,제1종근린생활시설,마을공동음식체험실,1
03000,제1종근린생활시설,모형실험실,1
01000,단독주택,가구제조소,1
03000,제1종근린생활시설,신정2동사무소,1
03000,제1종근린생활시설,목재제재소,1
18000,창고시설,제조,1
17000,공장,대형gt고온부품생산공장,1
03000,제1종근린생활시설,농업용관정,1
21000,동물및식물관련시설,농산물보관실,1
03000,제1종근린생활시설,마을복지화관,1
03000,제1종근린생활시설,회관다용도실,1
11000,노유자시설,목욕탕및경노당,1
03000,제1종근린생활시설,비가림통로,1
17000,공장,선물,1
11000,노유자시설,장애인수련관,1
01000,단독주택,유류취급소,1
22000,분뇨.쓰레기처리시설,식육가공장,1
03000,제1종근린생활시설,전시관,1
02000,공동주택,통합전기실,1
33000,"국방,군사시설",주거시설,1
03000,제1종근린생활시설,방계마을회관,1
03000,제1종근린생활시설,이동통신무인기지국,1
03000,제1종근린생활시설,건설자재,1
11000,노유자시설,자원봉사자숙소,1
03000,제1종근린생활시설,농수산물건조장,1
01000,단독주택,lpg판매소,1
03000,제1종근린생활시설,가암장건물,1
20000,자동차관련시설,자동차관련시설및제2종근린생활시설,1
20000,자동차관련시설,자동차관련시설외1용도,1
17000,공장,달리분류되지않는직물제품제조업,1
33000,"국방,군사시설",통신실,1
17000,공장,카펫,1
20000,자동차관련시설,정비공장및제1종근린생활시설,1
22000,분뇨.쓰레기처리시설,배수지관리사,1
20000,자동차관련시설,호텔,1
20000,자동차관련시설,장의차고,1
18000,창고시설,육축실,1
08000,운수시설,정비소,1
24000,방송통신시설,집선장치용,1
01000,단독주택,1근생,1
19000,위험물저장및처리시설,쥐급소,1
03000,제1종근린생활시설,2종근생일반음식점,1
22000,분뇨.쓰레기처리시설,하수처리용,1
04000,제2종근린생활시설,농산물가공및,1
02000,공동주택,주차장관리실,1
22000,분뇨.쓰레기처리시설,오물저장소,1
17000,공장,단층사무소,1
18000,창고시설,미곡처리,1
14000,업무시설,문화집및집회시설,1
01000,단독주택,도정업,1
18000,창고시설,관리사및사무실,1
22000,분뇨.쓰레기처리시설,오폐수정화조,1
21000,동물및식물관련시설,종우사,1
03000,제1종근린생활시설,읍내,1
21000,동물및식물관련시설,수산물린크처리장,1
01000,단독주택,10개호,1
20000,자동차관련시설,급식소,1
17000,공장,애스플랜트압축실벌크,1
17000,공장,7공장,1
Z3000,근린생활시설,화실,1
03000,제1종근린생활시설,기재창고,1
,,운수시설,1
11000,노유자시설,기타공공시설,1
11000,노유자시설,직업보조실,1
03000,제1종근린생활시설,점포및여인숙,1
Z3000,근린생활시설,관광숙박시설,1
02000,공동주택,감시및방재실,1
01000,단독주택,개량푸간,1
18000,창고시설,농협저장고,1
27000,관광휴게시설,화장실및관리실,1
10000,교육연구시설,톤산,1
20000,자동차관련시설,자동차관련시설외2용도,1
23000,교정및군사시설,감시실,1
02000,공동주택,문고및도서관,1
17000,공장,시멘트하치장,1
04000,제2종근린생활시설,포도식초,1
21000,동물및식물관련시설,세마장,1
18000,창고시설,조직회,1
03000,제1종근린생활시설,하역장,1
22000,분뇨.쓰레기처리시설,공동퇴비사,1
03000,제1종근린생활시설,04,1
19000,위험물저장및처리시설,및창고,1
17000,공장,실험소,1
22000,분뇨.쓰레기처리시설,설비시설,1
29000,장례시설,야외휴게실,1
17000,공장,산업용오븐노,1
17000,공장,노용버너제조업,1
28000,가설건축물,건조장,1
11000,노유자시설,제1종근린시설,1
10000,교육연구시설,종합연구실,1
04000,제2종근린생활시설,김치가공,1
22000,분뇨.쓰레기처리시설,재활용품보관창고,1
21000,동물및식물관련시설,임신사보일러실,1
18000,창고시설,택배터미널,1
03000,제1종근린생활시설,기성,1
26000,묘지관련시설,재실대문,1
30000,자원순환관련시설,분료,1
17000,공장,근로자,1
04000,제2종근린생활시설,가상현실체험존,1
04000,제2종근린생활시설,접대건물,1
22000,분뇨.쓰레기처리시설,계량감시실동,1
17000,공장,하모니필터하우스,1
04000,제2종근린생활시설,법식용,1
15000,숙박시설,및숙박,1
22000,분뇨.쓰레기처리시설,직원목욕탕,1
17000,공장,황산공장tms실,1
04000,제2종근린생활시설,장비고,1
05000,문화및집회시설,뢰풍,1
17000,공장,철물제작장,1
19000,위험물저장및처리시설,위험룰,1
20000,자동차관련시설,차고부속상,1
19000,위험물저장및처리시설,가스저장고및,1
22000,분뇨.쓰레기처리시설,정수처리시설,1
03000,제1종근린생활시설,부속온실,1
02000,공동주택,연립및소매점,1
03000,제1종근린생활시설,58호,1
05000,문화및집회시설,기와가마,1
01000,단독주택,주택5세대,1
22000,분뇨.쓰레기처리시설,유입펌프시설,1
03000,제1종근린생활시설,전화기기,1
,,종각,1
01000,단독주택,분뇨쓰레기처리시설,1
03000,제1종근린생활시설,마을공동회당,1
17000,공장,제3지구,1
17000,공장,석회석샘플링스테이숀,1
17000,공장,외의,1
02000,공동주택,주거복지센터,1
17000,공장,1기,1
17000,공장,품질시험실,1
17000,공장,관정오염방지시설,1
17000,공장,염소가스저장시설,1
14000,업무시설,11개호,1
17000,공장,검사대기실,1
21000,동물및식물관련시설,104,1
17000,공장,창호제조장,1
17000,공장,제동장치동,1
07000,판매시설,판매및업무시설,1
17000,공장,폐품수집장,1
17000,공장,인터널몰드실,1
17000,공장,구내식당및매점,1
17000,공장,공장및기숙사및보일러실,1
17000,공장,식당및샤워실,1
17000,공장,고가품자재창고,1
02000,공동주택,안전대기실,1
17000,공장,쓰레기버림장,1
17000,공장,석고하화장,1
15000,숙박시설,워터파크,1
04000,제2종근린생활시설,재가장기요양기간,1
17000,공장,dake적치공장,1
17000,공장,데드너펌프룸,1
17000,공장,침전조펌푸실,1
14000,업무시설,관세청,1
20000,자동차관련시설,통제실2,1
Z6000,판매및영업시설,경비실,1
17000,공장,공장부속화장실,1
09000,의료시설,보건의료원,1
29000,장례시설,놀이방,1
17000,공장,크로싱창고,1
17000,공장,건축구조제조립공장,1
17000,공장,계페장치및보호장비제조,1
17000,공장,근린생활시설및주택,1
02000,공동주택,경비실3동,1
15000,숙박시설,외3종,1
17000,공장,중합실,1
01000,단독주택,대치소,1
17000,공장,사무소및숙소,1
03000,제1종근린생활시설,안전가옥,1
17000,공장,농산물가공식품제조공장,1
21000,동물및식물관련시설,버섯재배사b,1
17000,공장,콘베어,1
03000,제1종근린생활시설,농기계세척장,1
17000,공장,농수산작업장,1
17000,공장,키팅창고,1
17000,공장,차량소독시설기계실,1
02000,공동주택,주민실내운동시설,1
21000,동물및식물관련시설,유기재배,1
21000,동물및식물관련시설,협업마을,1
03000,제1종근린생활시설,건강단련실,1
17000,공장,재제공장,1
01000,단독주택,부속및퇴비사,1
06000,종교시설,실,1
17000,공장,흑염소가공공장,1
14000,업무시설,컨시어지,1
17000,공장,2호전처리공장,1
17000,공장,기계장비실,1
17000,공장,경비4초소,1
27000,관광휴게시설,자동판매기,1
17000,공장,염공장,1
17000,공장,원두창고,1
17000,공장,붐베이하우스,1
Z8000,교육연구및복지시설,노래방시설,1
17000,공장,땅콩가공공장,1
17000,공장,양수기공장,1
17000,공장,재제염공장,1
17000,공장,오수처리장기계관리실,1
17000,공장,벤쳐공장,1
17000,공장,상록관,1
02000,공동주택,주부취미실,1
10000,교육연구시설,핏트,1
17000,공장,타이어보관장,1
17000,공장,원료3동,1
17000,공장,드라이아이스동,1
18000,창고시설,미곡건조저장,1
17000,공장,옥외위험물창고,1
17000,공장,블로어실,1
04000,제2종근린생활시설,묘사채,1
17000,공장,운수시설,1
17000,공장,코페리스전기실,1
17000,공장,포장재료공장,1
17000,공장,정수시설기계실,1
17000,공장,식품저장실,1
18000,창고시설,폐자원수집,1
17000,공장,창고및주방식당,1
17000,공장,질소기계실,1
17000,공장,4폐수전기실,1
17000,공장,분말소화실,1
17000,공장,건미역공장,1
17000,공장,9창고파우다실,1
17000,공장,전기시설반,1
17000,공장,근린및공장,1
17000,공장,순수처리설비,1
17000,공장,섬유제품제조업,1
17000,공장,세스,1
04000,제2종근린생활시설,부품보관창고,1
17000,공장,판매전시장,1
04000,제2종근린생활시설,단군전회의실,1
01000,단독주택,배건반실,1
10000,교육연구시설,급식창고,1
17000,공장,로우밀집진기,1
18000,창고시설,다용도,1
17000,공장,벌크출하실,1
17000,공장,소포장창고,1
17000,공장,원료투입,1
18000,창고시설,분뇨및쓰레기처리설,1
Z5000,문화및집회시설,요식채,1
03000,제1종근린생활시설,사무실등,1
03000,제1종근린생활시설,단위농협,1
17000,공장,재활용수집장,1
17000,공장,췹보관소,1
17000,공장,공장및후생복지시설및사무실,1
04000,제2종근린생활시설,지붕용판넬,1
01000,단독주택,다가수주택,1
21000,동물및식물관련시설,축서,1
17000,공장,재활용분류창고,1
17000,공장,약초가공장,1
17000,공장,자개단추제작공장,1
17000,공장,표고건조장,1
07000,판매시설,골프연습장,1
17000,공장,용수계량장,1
10000,교육연구시설,향당무전수관,1
17000,공장,광산경비실,1
02000,공동주택,선원,1
21000,동물및식물관련시설,폐기물발효화,1
18000,창고시설,175호,1
17000,공장,종합보관장,1
01000,단독주택,96수해복구대상건축물,1
14000,업무시설,공공업무시설외,1
17000,공장,구령대,1
02000,공동주택,관제센터,1
20000,자동차관련시설,주차장편익시설,1
17000,공장,폐기물보관소2,1
17000,공장,가좌동정비공장,1
17000,공장,도장및부품기계공장설계실,1
30000,자원순환관련시설,tms실동,1
17000,공장,방음부스,1
01000,단독주택,96농촌주거환경개선사업주택,1
17000,공장,식당및매점,1
17000,공장,수산물가공작업장,1
04000,제2종근린생활시설,및판매시설,1
10000,교육연구시설,행사장,1
17000,공장,6호집진기실,1
03000,제1종근린생활시설,제1종근린생활시설및사무소,1
17000,공장,통밥생산시설,1
05000,문화및집회시설,휴게시설,1
17000,공장,알미늄다이캐스팅공장,1
17000,공장,보행통로캐노피,1
17000,공장,배취플랜트,1
17000,공장,자동차계량소,1
17000,공장,집유장,1
02000,공동주택,집회소1,1
13000,운동시설,하차장,1
17000,공장,저온및일반창고,1
06000,종교시설,종교집회당,1
20000,자동차관련시설,0,1
17000,공장,목공장작업장,1
17000,공장,42공장자재창고,1
17000,공장,마늘가공공장,1
17000,공장,무수황산공장,1
20000,자동차관련시설,자동차정비작업장,1
14000,업무시설,11세대,1
17000,공장,농수산물제조공장,1
17000,공장,자동차생산공장,1
17000,공장,광산현장관리사,1
20000,자동차관련시설,동물,1
17000,공장,tmr사료창고,1
17000,공장,원유저장창고,1
17000,공장,사무실외2,1
01000,단독주택,근린생활시설및곡물창고,1
05000,문화및집회시설,공예체험장,1
17000,공장,제분보관실,1
05000,문화및집회시설,경주로관찰실,1
18000,창고시설,식품제조가공,1
18000,창고시설,위험물저장및취급시설,1
17000,공장,현장조정실,1
17000,공장,보일러3실,1
03000,제1종근린생활시설,농자재판매소,1
30000,자원순환관련시설,수질정화시설,1
Z3000,근린생활시설,등,1
17000,공장,해산물가공처리장,1
17000,공장,비금속원료재생업,1
18000,창고시설,폐촉매창고,1
18000,창고시설,기타건축용목제품창고,1
01000,단독주택,단독주택부속대문채,1
18000,창고시설,단층판매장,1
01000,단독주택,다가구두택,1
03000,제1종근린생활시설,가구제조장,1
18000,창고시설,창고싯설,1
18000,창고시설,건조장및주택,1
01000,단독주택,농기계보관시설,1
18000,창고시설,농산물및임산물창고,1
18000,창고시설,저온저장고및공동보관작업장,1
01000,단독주택,취수장사택및기계실,1
18000,창고시설,보선및영선창고,1
15000,숙박시설,고객대기실,1
01000,단독주택,01001,1
01000,단독주택,수직평,1
18000,창고시설,창고및노인정,1
18000,창고시설,자재창고및관리인숙소,1
17000,공장,부지,1
18000,창고시설,해태저장고,1
01000,단독주택,대중음식점및다가구주택,1
21000,동물및식물관련시설,착유세척실,1
17000,공장,터빈발전실,1
10000,교육연구시설,2종근린생할시설,1
21000,동물및식물관련시설,동물관련및식물관련시설,1
18000,창고시설,어업자재보관소,1
17000,공장,폐기물출하대,1
01000,단독주택,주영,1
04000,제2종근린생활시설,과일선별장,1
06000,종교시설,일반목욕장,1
18000,창고시설,수협창고,1
Z8000,교육연구및복지시설,언어교정실,1
01000,단독주택,경비용숙소,1
01000,단독주택,주차장및계단,1
21000,동물및식물관련시설,이유자돈사4,1
03000,제1종근린생활시설,농산물저장창고,1
01000,단독주택,단일주택,1
18000,창고시설,수퍼마켓,1
01000,단독주택,주택및당구장,1
04000,제2종근린생활시설,욕실및화장실,1
02000,공동주택,센터,1
17000,공장,창고3,1
13000,운동시설,g탱크실,1
03000,제1종근린생활시설,중앙환기동,1
,,저온,1
24000,방송통신시설,전화시설,1
17000,공장,a1동,1
02000,공동주택,3개호,1
05000,문화및집회시설,제분소,1
17000,공장,가공설비본공장,1
17000,공장,이용시설,1
04000,제2종근린생활시설,항시개방형건축물,1
18000,창고시설,창고공장,1
03000,제1종근린생활시설,2종근린생활시설및업무시설,1
24000,방송통신시설,무인통신국,1
10000,교육연구시설,농산물가공센타,1
11000,노유자시설,이동시설,1
02000,공동주택,전용,1
06000,종교시설,피정집,1
01000,단독주택,처리실,1
04000,제2종근린생활시설,접견실,1
02000,공동주택,그린생활시설,1
10000,교육연구시설,d,1
10000,교육연구시설,w창고,1
10000,교육연구시설,근린생활시설및유치원,1
Z3000,근린생활시설,과수원관리사무소,1
19000,위험물저장및처리시설,및휴게음식점,1
05000,문화및집회시설,에코에너지학습장,1
01000,단독주택,교내식당,1
03000,제1종근린생활시설,보건진료소사택,1
04000,제2종근린생활시설,조절지,1
20000,자동차관련시설,유료주차장사무소,1
15000,숙박시설,45객실,1
15000,숙박시설,36실,1
04000,제2종근린생활시설,일,1
17000,공장,판넬실동,1
17000,공장,채소절임류가공공장,1
26000,묘지관련시설,곳간채,1
02000,공동주택,생활건강센터,1
02000,공동주택,원룸형도시생활주택,1
10000,교육연구시설,연극연구소,1
02000,공동주택,성당,1
01000,단독주택,집선장,1
03000,제1종근린생활시설,기념건물,1
04000,제2종근린생활시설,농산물가공유통시설,1
Z3000,근린생활시설,공익시설,1
03000,제1종근린생활시설,업무시설및도시형생활주택,1
19000,위험물저장및처리시설,지하실,1
,,판매장,1
17000,공장,서적출판업,1
17000,공장,나전칠기제조업,1
17000,공장,제품운송대기장,1
05000,문화및집회시설,정자2,1
,,농업용시설,1
03000,제1종근린생활시설,일용품서매점,1
18000,창고시설,퇴비축사,1
18000,창고시설,연사제조업,1
03000,제1종근린생활시설,교육연구시설학원,1
03000,제1종근린생활시설,세척수조,1
10000,교육연구시설,명포국민학교,1
18000,창고시설,녹사,1
18000,창고시설,농산물저온저장고및선과장,1
20000,자동차관련시설,화물주차장,1
20000,자동차관련시설,이동식화장실,1
17000,공장,보강재실,1
21000,동물및식물관련시설,생산,1
11000,노유자시설,치,1
20000,자동차관련시설,자동차매매점,1
02000,공동주택,다함께복지센터,1
05000,문화및집회시설,제품전시장,1
17000,공장,gate1,1
01000,단독주택,근린생활실및,1
01000,단독주택,방아간및부속,1
10000,교육연구시설,녹색농촌체험장,1
07000,판매시설,농특산물판매장및,1
Z8000,교육연구및복지시설,양호실,1
10000,교육연구시설,교육시설연수원,1
14000,업무시설,광전송실,1
08000,운수시설,운영건물,1
18000,창고시설,합판저장소,1
17000,공장,전자저항기,1
01000,단독주택,인터넷공급장치,1
01000,단독주택,벼건조,1
06000,종교시설,기계,1
01000,단독주택,및일반주택,1
03000,제1종근린생활시설,농수산물판매및창고,1
17000,공장,원석hopper,1
15000,숙박시설,56실,1
05000,문화및집회시설,독신자숙소,1
05000,문화및집회시설,영휘원재실,1
Z3000,근린생활시설,중대본부,1
17000,공장,외부홉바,1
05000,문화및집회시설,헛간,1
14000,업무시설,보관소2,1
03000,제1종근린생활시설,차양시설,1
05000,문화및집회시설,목릉수라간,1
17000,공장,차,1
20000,자동차관련시설,자동차판매,1
17000,공장,부대설비동,1
11000,노유자시설,노인전,1
18000,창고시설,계사용,1
17000,공장,농축실,1
04000,제2종근린생활시설,종이컵제조업,1
05000,문화및집회시설,숲해설가대기실,1
02000,공동주택,주차장대피소,1
14000,업무시설,카페테리아,1
17000,공장,열풍로실,1
02000,공동주택,컬쳐쉐어카페,1
18000,창고시설,목제건조장,1
05000,문화및집회시설,종합체험실,1
06000,종교시설,고해소,1
15000,숙박시설,위험물저장,1
17000,공장,진동바렐실,1
05000,문화및집회시설,장릉제실,1
02000,공동주택,아이키움커뮤니티,1
17000,공장,경비소,1
05000,문화및집회시설,매점동,1
03000,제1종근린생활시설,운동기구비가림시설,1
03000,제1종근린생활시설,제1종근린새오할시설,1
17000,공장,식염가공공장,1
Z8000,교육연구및복지시설,양궁훈련장,1
17000,공장,장비동,1
21000,동물및식물관련시설,훈련장,1
13000,운동시설,7,1
05000,문화및집회시설,선암제,1
10000,교육연구시설,통학로2,1
21000,동물및식물관련시설,싸이로우,1
17000,공장,자동차부품관련공장,1
18000,창고시설,영선소창고,1
01000,단독주택,지하실및창고,1
02000,공동주택,주민복합시설,1
03000,제1종근린생활시설,2종근린생활시설및문화집회시설,1
01000,단독주택,대장간,1
05000,문화및집회시설,문화재대재각,1
18000,창고시설,가구제품,1
20000,자동차관련시설,온실관리사,1
02000,공동주택,근린생활시설및도시생활주택,1
16000,위락시설,2종근생및위락시설,1
04000,제2종근린생활시설,제조업사무소,1
04000,제2종근린생활시설,농협구판장,1
04000,제2종근린생활시설,제빵학원,1
04000,제2종근린생활시설,양송이,1
01000,단독주택,제1종근생소매점,1
05000,문화및집회시설,조류장,1
18000,창고시설,선별포장장,1
05000,문화및집회시설,양궁경기장,1
05000,문화및집회시설,공릉비각,1
01000,단독주택,헛간및장독대,1
01000,단독주택,35,1
21000,동물및식물관련시설,새우,1
,,54x9,1
10000,교육연구시설,2종근린생활시설외,1
22000,분뇨.쓰레기처리시설,퇴비사분뇨및,1
13000,운동시설,식물관련시설,1
12000,수련시설,시온관,1
04000,제2종근린생활시설,작가작업실,1
05000,문화및집회시설,제1전시장,1
17000,공장,액체,1
05000,문화및집회시설,전시장및소매점,1
02000,공동주택,저수,1
10000,교육연구시설,우천로2,1
Z8000,교육연구및복지시설,회관,1
19000,위험물저장및처리시설,카인테리어,1
03000,제1종근린생활시설,휴게실및,1
,,농약모터조정실,1
15000,숙박시설,바닥,1
11000,노유자시설,세면실,1
05000,문화및집회시설,복지마을회관및마을창고,1
17000,공장,제어,1
01000,단독주택,우물덮개,1
04000,제2종근린생활시설,부속사육장,1
05000,문화및집회시설,토산품판매점,1
22000,분뇨.쓰레기처리시설,오니농축조,1
Z8000,교육연구및복지시설,장애인복지회관,1
04000,제2종근린생활시설,국,1
02000,공동주택,택배관소,1
18000,창고시설,연초,1
04000,제2종근린생활시설,면직물제조업,1
10000,교육연구시설,사감숙소,1
01000,단독주택,근린위탁시설,1
15000,숙박시설,바비큐장,1
17000,공장,하역장및창고,1
27000,관광휴게시설,특산물판매점,1
10000,교육연구시설,연수원동,1
04000,제2종근린생활시설,사무실및급유시설,1
18000,창고시설,마을농기계간이수리소,1
18000,창고시설,철문및관련제품제조업,1
Z3000,근린생활시설,장기하숙,1
19000,위험물저장및처리시설,타이어수리저,1
01000,단독주택,제실사당,1
11000,노유자시설,499,1
14000,업무시설,물품보관시설,1
01000,단독주택,발동기실,1
10000,교육연구시설,강의부속동,1
04000,제2종근린생활시설,으뜸산품판매장,1
04000,제2종근린생활시설,고시텔,1
04000,제2종근린생활시설,남애상수도,1
17000,공장,요출장,1
09000,의료시설,lpg탱크실,1
14000,업무시설,비봉지서,1
17000,공장,수밀테스트,1
17000,공장,purifier,1
17000,공장,정제기실,1
14000,업무시설,업무시설등,1
17000,공장,화물용승강기실,1
30000,자원순환관련시설,하역장,1
21000,동물및식물관련시설,축사주택,1
03000,제1종근린생활시설,부사동,1
18000,창고시설,농산,1
04000,제2종근린생활시설,서매고,1
14000,업무시설,보일러,1
27000,관광휴게시설,맹수사육시설,1
14000,업무시설,정압실,1
30000,자원순환관련시설,집하장,1
25000,발전시설,통합창고,1
17000,공장,자수제조업,1
10000,교육연구시설,농기계정비교육관,1
04000,제2종근린생활시설,농산물직매장,1
20000,자동차관련시설,정비고및창고,1
05000,문화및집회시설,매장,1
02000,공동주택,다목적스포츠룸,1
02000,공동주택,나눔장터,1
02000,공동주택,오우수관련,1
14000,업무시설,업무시설외6,1
17000,공장,가향탄산음료제조업,1
02000,공동주택,위례숲카페,1
17000,공장,유량기실,1
01003,다가구주택,제1종근린생활시설,1
22000,분뇨.쓰레기처리시설,펌프실및브로와실,1
24000,방송통신시설,무인국사,1
17000,공장,o저장,1
18000,창고시설,해조류저장,1
14000,업무시설,위경소,1
Z5000,문화및집회시설,영산민속전시관,1
08000,운수시설,승차장연결통로,1
17000,공장,off,1
10000,교육연구시설,기자재,1
04000,제2종근린생활시설,목사실,1
19000,위험물저장및처리시설,제4류,1
03000,제1종근린생활시설,2근린생활시설외1용도,1
03000,제1종근린생활시설,정수조정실,1
02000,공동주택,1종근린생활시설밍,1
21000,동물및식물관련시설,헛,1
01000,단독주택,부속창고포함,1
05000,문화및집회시설,약품실,1
05000,문화및집회시설,유흥주점,1
05000,문화및집회시설,충무문,1
01000,단독주택,창고시설및점포,1
11000,노유자시설,작업치료실,1
17000,공장,항사무실,1
14000,업무시설,부속차고지,1
16000,위락시설,요정,1
19000,위험물저장및처리시설,system,1
17000,공장,기타과실,1
18000,창고시설,골프장관리장비보관창고,1
17000,공장,축산분뇨처리기계실,1
04000,제2종근린생활시설,단독주택0,1
10000,교육연구시설,통로박스,1
01000,단독주택,만곡정사,1
17000,공장,수산물냉동제조업,1
01000,단독주택,각1가구,1
19000,위험물저장및처리시설,cat,1
18000,창고시설,농수산식품가공공장,1
22000,분뇨.쓰레기처리시설,브로아실동,1
19000,위험물저장및처리시설,deac,1
15000,숙박시설,근린생활시설및여관및위락시설,1
Z8000,교육연구및복지시설,본관교사,1
02000,공동주택,107동1층활용,1
15000,숙박시설,관광숙박시설외3,1
15000,숙박시설,옥외수영장기계실,1
15000,숙박시설,현관포오치,1
02000,공동주택,7세다,1
17000,공장,112,1
24000,방송통신시설,tv통신중계소,1
01000,단독주택,원평교회,1
04000,제2종근린생활시설,건축자재장,1
10000,교육연구시설,대학연구시설,1
15000,숙박시설,타위콘도미니움,1
14000,업무시설,노유지사설,1
01000,단독주택,출판사,1
15000,숙박시설,야외시설물,1
15000,숙박시설,간이숙소,1
09000,의료시설,의용소방소,1
04000,제2종근린생활시설,창고및작업장,1
16000,위락시설,1종근생,1
08000,운수시설,승무원,1
08000,운수시설,물품보관소,1
21000,동물및식물관련시설,사료시설,1
Z8000,교육연구및복지시설,영화당,1
01000,단독주택,단독형다가구,1
04000,제2종근린생활시설,인터넷컴퓨터게임제공업의시설,1
18000,창고시설,농산물집하선별장,1
,,전수회관,1
17000,공장,부대복지시설,1
04000,제2종근린생활시설,송풍기,1
21000,동물및식물관련시설,경비견,1
15000,숙박시설,14세대,1
02000,공동주택,생활편의시설및운동시설,1
03000,제1종근린생활시설,임천조작실,1
21000,동물및식물관련시설,톱밥발효식,1
21000,동물및식물관련시설,무허가축사양성과,1
17000,공장,수위실화장실,1
17000,공장,트럭3공장,1
24000,방송통신시설,폐기물보관소,1
15000,숙박시설,여인숙및주택,1
12000,수련시설,세탁실및건조장,1
18000,창고시설,밖,1
21000,동물및식물관련시설,축분발효식퇴비화시설,1
01000,단독주택,1개용도,1
02000,공동주택,장례식장,1
04000,제2종근린생활시설,교육연구및복지시절,1
04000,제2종근린생활시설,유치원및생활편의시설,1
04000,제2종근린생활시설,게임,1
10000,교육연구시설,체조장,1
03000,제1종근린생활시설,근린생활시설과,1
15000,숙박시설,주차장동,1
05000,문화및집회시설,복지센타,1
04000,제2종근린생활시설,젓갈가공공장,1
,,삼양수원양수장,1
03000,제1종근린생활시설,제2종근린생활시설1,1
06000,종교시설,종교집회당성당,1
10000,교육연구시설,용기실,1
,,개류사,1
02000,공동주택,172,1
13000,운동시설,선수연습용수영장,1
11000,노유자시설,외2용도,1
Z6000,판매및영업시설,건축자재판매사무실및적치장,1
01000,단독주택,사무실및강의실,1
18000,창고시설,농사용기계보관,1
03000,제1종근린생활시설,양수시설,1
15000,숙박시설,생활형숙박시설및주택,1
04201,교회,제2종근린생활시설,1
08000,운수시설,부품센터,1
04000,제2종근린생활시설,기계보관창고,1
01000,단독주택,무기,1
01000,단독주택,포장업,1
Z3000,근린생활시설,사무실및케노피,1
03000,제1종근린생활시설,마을공동시설부속,1
01000,단독주택,곶감건조장및저온창고,1
04000,제2종근린생활시설,위험물취급시설,1
01000,단독주택,부물치,1
14000,업무시설,131호,1
17000,공장,기숙사식당,1
11000,노유자시설,교육면구및복지시설,1
14000,업무시설,지구대,1
02000,공동주택,하자보수유지사무실,1
17000,공장,전동기실,1
04000,제2종근린생활시설,근린2종,1
21000,동물및식물관련시설,축산업용,1
16000,위락시설,대합실,1
17000,공장,옵션인쇄업,1
01000,단독주택,창고보일라실,1
,,목공작업장,1
11000,노유자시설,연면적의,1
11000,노유자시설,서점,1
07000,판매시설,연료전지,1
04000,제2종근린생활시설,우형실,1
17000,공장,공장달리분류되지않은기성복제조업,1
17000,공장,열차출하사무실,1
23000,교정및군사시설,재활용창고,1
Z9000,공공용시설,휴대전화,1
21000,동물및식물관련시설,출하다이,1
01000,단독주택,아동,1
17000,공장,pcm공장,1
03000,제1종근린생활시설,게임제공업,1
04000,제2종근린생활시설,여관및식당,1
14000,업무시설,36,1
17000,공장,폐수처리설비,1
03000,제1종근린생활시설,19가구,1
17000,공장,헬스클럽,1
20000,자동차관련시설,차고부지조성사업,1
17000,공장,분석기실3,1
01000,단독주택,멸막,1
03000,제1종근린생활시설,옥상탑,1
10000,교육연구시설,금릉학사,1
23000,교정및군사시설,훈련교장,1
01000,단독주택,제1정근린생활시설,1
04000,제2종근린생활시설,2중근린생활시설,1
03000,제1종근린생활시설,기타공동시설,1
23000,교정및군사시설,치장창고,1
14000,업무시설,주차장및부대시설,1
20000,자동차관련시설,검사대기소,1
01000,단독주택,교육장,1
01000,단독주택,농기계곡물창고,1
10000,교육연구시설,차폐격리장,1
02000,공동주택,104동지하1층,1
14000,업무시설,오피스텔242호,1
17000,공장,2지구휴게실,1
21000,동물및식물관련시설,95특화산업보조대상,1
,,매점,1
14000,업무시설,휴게정자,1
17000,공장,연어가공공장,1
07000,판매시설,기계도매업,1
04000,제2종근린생활시설,배기팬룸,1
17000,공장,n2압축기실,1
13000,운동시설,관리사2,1
14000,업무시설,청경막사,1
17000,공장,184번,1
18000,창고시설,농구,1
13000,운동시설,프레스쎈타,1
14000,업무시설,지사,1
17000,공장,lpg부두대기실,1
21000,동물및식물관련시설,78,1
14000,업무시설,육묘하우스,1
22000,분뇨.쓰레기처리시설,배수펌프장관사,1
06000,종교시설,동별당,1
18000,창고시설,농업용기계보관창고,1
14000,업무시설,공동주택및근린생활시설,1
03000,제1종근린생활시설,가스발전기,1
02000,공동주택,그로잉센터,1
03000,제1종근린생활시설,주잭,1
17000,공장,센타출하사무실,1
01000,단독주택,양장점,1
14000,업무시설,쓰레기수거장,1
14000,업무시설,공기호흡기충전실,1
21000,동물및식물관련시설,냉동공장,1
14000,업무시설,고흥군농업기술센터,1
15000,숙박시설,야외휴게실,1
19000,위험물저장및처리시설,워험물저장및,1
10000,교육연구시설,유,1
18000,창고시설,수조,1
02000,공동주택,센트럴도서관,1
30000,자원순환관련시설,기계정비실,1
04000,제2종근린생활시설,ups실,1
12000,수련시설,직원및교직원숙소동,1
16000,위락시설,간이주점및전업사,1
27000,관광휴게시설,소각로,1
14000,업무시설,lpg저장소,1
01000,단독주택,농촌주택사업개량주택,1
04000,제2종근린생활시설,압축식용유제조,1
17000,공장,제1승용조립탈의실,1
14000,업무시설,보관시설,1
02000,공동주택,빗물저류소,1
10000,교육연구시설,근생시설,1
12000,수련시설,기계,1
14000,업무시설,실험실및,1
02000,공동주택,복지후생시설2,1
06000,종교시설,교회사무소,1
15000,숙박시설,생활형숙박시설및,1
21000,동물및식물관련시설,단층창고,1
08000,운수시설,서창제1욕장,1
03000,제1종근린생활시설,2종근린생활시러,1
27000,관광휴게시설,숙직실,1
27000,관광휴게시설,세탁실및물품창고,1
03000,제1종근린생활시설,세차장작업실,1
04000,제2종근린생활시설,현미실,1
17000,공장,3차소쇄실,1
Z3000,근린생활시설,식품공장,1
04000,제2종근린생활시설,독서실및예배실,1
21000,동물및식물관련시설,거점세척소독시설,1
,,지하창고,1
03000,제1종근린생활시설,도자기전시장,1
17000,공장,타이탄냉동실,1
06000,종교시설,송월료,1
06000,종교시설,도시형생활주택,1
02000,공동주택,오피스텔1,1
02000,공동주택,과외학습실,1
19000,위험물저장및처리시설,lpg저장소부속사무실,1
27000,관광휴게시설,자개루,1
03000,제1종근린생활시설,분료,1
10000,교육연구시설,보건센터,1
17000,공장,기타주변기기제조업,1
01000,단독주택,소공장,1
19000,위험물저장및처리시설,f2고압가스저장소,1
06000,종교시설,집회관,1
Z3000,근린생활시설,전시장,1
27000,관광휴게시설,쓰레기장,1
02000,공동주택,음식물,1
Z8000,교육연구및복지시설,휴게실시설,1
17000,공장,미역염장가공처리장,1
05000,문화및집회시설,고령향교,1
20000,자동차관련시설,2종근린생활,1
10000,교육연구시설,발사설비,1
17000,공장,c저장실,1
10000,교육연구시설,배움터지킴이,1
10000,교육연구시설,생활편의시설,1
18000,창고시설,기,1
03000,제1종근린생활시설,식품제조가공시설,1
17000,공장,2쿨라,1
19000,위험물저장및처리시설,충전소숙직실,1
18000,창고시설,96농림수산물설치사업,1
04000,제2종근린생활시설,주택자재,1
20000,자동차관련시설,자동차부품,1
20000,자동차관련시설,판매점,1
10000,교육연구시설,폐지저장창고,1
04000,제2종근린생활시설,3동,1
27000,관광휴게시설,망향정,1
18000,창고시설,포도원관리사,1
Z3000,근린생활시설,및창고,1
17000,공장,유해물처리창고,1
19000,위험물저장및처리시설,배전실,1
02000,공동주택,쓰레기수거,1
17000,공장,건계분,1
02000,공동주택,근린생활시설및노유자시설,1
19000,위험물저장및처리시설,ibc탱크포장실,1
19000,위험물저장및처리시설,액화가스저장,1
14000,업무시설,15호실,1
18000,창고시설,보조대상임,1
02000,공동주택,단지형다세대주택16세대,1
10000,교육연구시설,인쇄기술공양성소,1
27000,관광휴게시설,직원휴게소,1
01000,단독주택,새장,1
27000,관광휴게시설,화장실1,1
04000,제2종근린생활시설,공동주택9세대,1
04000,제2종근린생활시설,싱크대제조업,1
11000,노유자시설,택시복지센터,1
,,비육사,1
09000,의료시설,유족대기실,1
16000,위락시설,파도풀기계실,1
27000,관광휴게시설,야외굼터,1
11000,노유자시설,민간보육시설,1
27000,관광휴게시설,체육시설,1
04000,제2종근린생활시설,게임시설,1
21000,동물및식물관련시설,근린주거시설,1
02000,공동주택,233세대,1
17000,공장,실험실및탈수기실,1
17000,공장,옥내저장소2,1
17000,공장,품질보증부,1
17000,공장,특고압동,1
27000,관광휴게시설,호암정,1
03000,제1종근린생활시설,대문채,1
21000,동물및식물관련시설,돈가,1
17000,공장,승강기실,1
13000,운동시설,직원기숙사,1
27000,관광휴게시설,관리사무소2,1
03000,제1종근린생활시설,화장실및,1
01000,단독주택,우편취급소,1
17000,공장,출하휴게실2,1
27000,관광휴게시설,오수정화조기계실,1
04000,제2종근린생활시설,용품판매점,1
03000,제1종근린생활시설,입시계,1
27000,관광휴게시설,직원휴게실,1
13000,운동시설,그늘집4,1
03000,제1종근린생활시설,창고및점포,1
02000,공동주택,미술교실,1
27000,관광휴게시설,부식냉장창고,1
04000,제2종근린생활시설,2종근린생활시설창고시설,1
23000,교정및군사시설,안치실,1
27000,관광휴게시설,전기차,1
11000,노유자시설,노인주간보호시설,1
18000,창고시설,마을공동감자저장시설,1
17000,공장,엔진미션케이스창고,1
Z3000,근린생활시설,민원실,1
10000,교육연구시설,야외실습교육장,1
17000,공장,금속장치물제조,1
16000,위락시설,위락시설및숙박시설,1
02000,공동주택,지하대피공간,1
01000,단독주택,제1종근린생활시설단독주택,1
01000,단독주택,관리사겸주택,1
11000,노유자시설,결로당,1
01000,단독주택,주차장및계단실,1
03000,제1종근린생활시설,주차전용,1
17000,공장,소방약제실,1
18000,창고시설,농업기계수리시설,1
18000,창고시설,주원료저장사이로,1
Z3000,근린생활시설,전망대,1
21000,동물및식물관련시설,육성비육발효돈사,1
13000,운동시설,스카이,1
18000,창고시설,지상계단실,1
30000,자원순환관련시설,원수펌프실,1
17000,공장,셔츠및체육복제조업,1
01000,단독주택,감시옥,1
01000,단독주택,민박용,1
21000,동물및식물관련시설,발효우사및창고,1
18000,창고시설,자동기계보관실,1
01000,단독주택,주택및근린생활시설및대중음식점,1
02000,공동주택,유아놀이공간,1
01000,단독주택,비료창고,1
18000,창고시설,농산물저림고,1
01000,단독주택,아궁이실,1
04000,제2종근린생활시설,충혼탑,1
21000,동물및식물관련시설,농수산물관련시설,1
01000,단독주택,79수해,1
21000,동물및식물관련시설,염소사육사및분처리장,1
18000,창고시설,건초보관창고,1
21000,동물및식물관련시설,버선재배사,1
01000,단독주택,농업용온실,1
01000,단독주택,유기질발효사,1
10000,교육연구시설,주간,1
17000,공장,자동차용동력전달장치제조업,1
21000,동물및식물관련시설,축사및창고및관리사,1
18000,창고시설,차고창고,1
01000,단독주택,다가구주택외1종,1
18000,창고시설,비가림막,1
21000,동물및식물관련시설,동물및식물설관련시설,1
18000,창고시설,원재료야적장,1
18000,창고시설,양봉월동창고,1
21000,동물및식물관련시설,제2목부사,1
19000,위험물저장및처리시설,석유액화가스,1
20000,자동차관련시설,차고관리사무소,1
18000,창고시설,부원료장치창고,1
21000,동물및식물관련시설,버섯저장고,1
01000,단독주택,공무원주택,1
21000,동물및식물관련시설,동물밀식물관련시설,1
01000,단독주택,단독주택및차고시설,1
18000,창고시설,위판창고,1
18000,창고시설,마을비료창고,1
17000,공장,고산공실,1
01000,단독주택,산림청관리사,1
17000,공장,경비실동정문,1
18000,창고시설,감귤저온저장고,1
18000,창고시설,대창고,1
18000,창고시설,임산물관리창고,1
04000,제2종근린생활시설,박수임가공,1
04000,제2종근린생활시설,오이공동선별장,1
18000,창고시설,제1종근린생활시설외1용도,1
01000,단독주택,제1종근린생활시설외단독주택,1
01000,단독주택,주거및동물관련,1
18000,창고시설,콩나물창고,1
01000,단독주택,농기계창고및주택,1
02000,공동주택,커뮤니티b,1
02000,공동주택,연회실,1
02000,공동주택,공동유아나눔터,1
21000,동물및식물관련시설,어업관련시설,1
Z5000,문화및집회시설,독서실,1
18000,창고시설,완제품저장창고,1
Z6000,판매및영업시설,슈퍼마켓,1
18000,창고시설,건조장및헛간,1
25000,발전시설,반입동,1
01000,단독주택,근린생활시설및다가구주택2가구,1
21000,동물및식물관련시설,소독약창고,1
30000,자원순환관련시설,소각시설,1
21000,동물및식물관련시설,농가주택및동물관런시설,1
01000,단독주택,돈사및헛간,1
18000,창고시설,근린생활시설및화장실,1
01000,단독주택,제사강당,1
03000,제1종근린생활시설,부속사마을회관,1
20000,자동차관련시설,소형정비업,1
01000,단독주택,도정,1
21000,동물및식물관련시설,춘분건조장,1
18000,창고시설,소각로보호창고,1
21000,동물및식물관련시설,주택및화실,1
21000,동물및식물관련시설,영리해부실및소각장,1
21000,동물및식물관련시설,근린생활시설및주택,1
01000,단독주택,야외정자,1
21000,동물및식물관련시설,근린시설,1
18000,창고시설,창고지역,1
15000,숙박시설,가,1
04000,제2종근린생활시설,소매점및제조업소,1
10000,교육연구시설,준비실,1
01000,단독주택,제2종근린생활시설외3,1
01000,단독주택,단층본가,1
01000,단독주택,창고주택,1
01000,단독주택,일반주텍,1
02000,공동주택,63대,1
21000,동물및식물관련시설,농사용축사,1
01000,단독주택,마늘창고,1
01000,단독주택,안경제조업,1
01000,단독주택,급수기계실,1
17000,공장,노장농공단지,1
17000,공장,2호탱크,1
26000,묘지관련시설,부속가,1
02000,공동주택,보육시설연결통로,1
,,터빈발전실,1
01000,단독주택,다중주택14호및,1
17000,공장,대형작업장,1
03000,제1종근린생활시설,실외,1
09000,의료시설,재활동,1
17000,공장,원료검정실,1
03000,제1종근린생활시설,민박,1
01000,단독주택,산서중고관사,1
04000,제2종근린생활시설,식품용기제조업,1
03000,제1종근린생활시설,일반물품,1
19000,위험물저장및처리시설,편의시설및사무실,1
27000,관광휴게시설,가스실,1
17000,공장,도정라인,1
01000,단독주택,단독다가구주택이므로분양불가,1
05000,문화및집회시설,거름간,1
18000,창고시설,간이음식점,1
03000,제1종근린생활시설,19,1
08000,운수시설,근로자휴게소,1
17000,공장,집면,1
11000,노유자시설,데이케어센터,1
02000,공동주택,일반목욕탕,1
17000,공장,방산상차선,1
23000,교정및군사시설,흡연부스,1
08000,운수시설,기계관리반,1
17000,공장,예비실,1
13000,운동시설,백창고,1
27000,관광휴게시설,졸음방지센터,1
18000,창고시설,쓰레기분리수거장,1
18000,창고시설,농림수산업용창고,1
14000,업무시설,맘스스테이션,1
18000,창고시설,농기구판매장,1
17000,공장,edg,1
03000,제1종근린생활시설,농산물전시및작업장,1
23000,교정및군사시설,차량정비종합공장,1
03000,제1종근린생활시설,식물판매,1
01000,단독주택,주택및양생실,1
18000,창고시설,곡물보관용,1
04000,제2종근린생활시설,방풍실,1
04000,제2종근린생활시설,마방,1
18000,창고시설,폐수약품실,1
02000,공동주택,선수전용숙소,1
21000,동물및식물관련시설,13동,1
04000,제2종근린생활시설,펌프실및관리실,1
10000,교육연구시설,운영실,1
02000,공동주택,교육원숙소,1
17000,공장,사이징실,1
04000,제2종근린생활시설,근린생활시설및교육및보육시설,1
06000,종교시설,야외집회장,1
03000,제1종근린생활시설,통합경비실,1
17000,공장,페플라스택및고무재생재료가공제조업,1
17000,공장,철공실,1
08000,운수시설,승무원관리사무소,1
05000,문화및집회시설,궁녀사,1
23000,교정및군사시설,종합복지관,1
03000,제1종근린생활시설,분말활성탄투입실,1
25000,발전시설,변압기동,1
17000,공장,제품성형실,1
21000,동물및식물관련시설,진단실,1
17000,공장,일반용도료및유사제품제조업,1
04000,제2종근린생활시설,포장제조작업장,1
17000,공장,제1과제품장,1
15000,숙박시설,숙박시설및다가구주택,1
11000,노유자시설,지적장애인,1
01000,단독주택,14가구형,1
02000,공동주택,우수관리실2,1
04000,제2종근린생활시설,유락시설,1
17000,공장,신선유탱크,1
03000,제1종근린생활시설,새마을금고회관,1
01000,단독주택,축시,1
10000,교육연구시설,폐기물집하장,1
17000,공장,실헙실,1
21000,동물및식물관련시설,축산분뇨시설,1
10000,교육연구시설,실습용,1
17000,공장,차량용,1
21000,동물및식물관련시설,부화,1
21000,동물및식물관련시설,다,1
17000,공장,4기발전본공장,1
07000,판매시설,특별피난계단,1
02000,공동주택,주차장a동,1
02000,공동주택,984대형,1
02000,공동주택,실내골프연습실,1
02000,공동주택,17동경비실,1
04000,제2종근린생활시설,곡물,1
24000,방송통신시설,lg,1
17000,공장,조정실2,1
02000,공동주택,후생시설,1
17000,공장,폐드럼및보관자재창고,1
15000,숙박시설,유흥음식점및여관,1
20000,자동차관련시설,숙직실및휴게소,1
18000,창고시설,깨스창고,1
10000,교육연구시설,교육연구시설교육원,1
01000,단독주택,택배보관실,1
01000,단독주택,주택및톱밥발효,1
Z6000,판매및영업시설,재래시장,1
17000,공장,시멘트저장고,1
15000,숙박시설,관리시설,1
04000,제2종근린생활시설,생부속사,1
02000,공동주택,반전기실,1
27000,관광휴게시설,및부대시설,1
14000,업무시설,전기계장실,1
14000,업무시설,3전기계장동,1
14000,업무시설,오픈키친,1
02000,공동주택,부품정비실,1
04000,제2종근린생활시설,자동차점검시설,1
22000,분뇨.쓰레기처리시설,슬러지건조고화처리시설,1
03000,제1종근린생활시설,conc스라트위,1
03000,제1종근린생활시설,13호,1
17000,공장,cdw분석기실,1
10000,교육연구시설,생및교육연구시설,1
15000,숙박시설,영화관,1
25000,발전시설,계근대사무실,1
03000,제1종근린생활시설,간이오수처리장,1
04000,제2종근린생활시설,15,1
14000,업무시설,덤웨이터,1
17000,공장,보전작업장,1
Z3000,근린생활시설,약방,1
17000,공장,a드라이어셀타,1
12000,수련시설,별자리관측소,1
Z3000,근린생활시설,건강관리실,1
14000,업무시설,호송차고지,1
17000,공장,농산물제조장,1
14000,업무시설,반송실,1
05000,문화및집회시설,공용의청사및,1
17000,공장,대기오염감시실,1
14000,업무시설,공공보안시설,1
14000,업무시설,원룸형연립주택,1
14000,업무시설,무인택배,1
14000,업무시설,107실,1
14000,업무시설,우수중수관리층,1
02000,공동주택,고속발효실,1
18000,창고시설,쓰레기,1
19000,위험물저장및처리시설,액화석유가스주입구,1
06000,종교시설,주택및,1
01000,단독주택,휴흥주점,1
19000,위험물저장및처리시설,모니터링룸,1
26000,묘지관련시설,중문1,1
14000,업무시설,198실,1
20000,자동차관련시설,공원시설의주차장,1
17000,공장,폐기물재황용시설,1
17000,공장,mac,1
17000,공장,전구제조,1
21000,동물및식물관련시설,축분발효사,1
14000,업무시설,복합문화센터,1
09000,의료시설,직장어린이집,1
14000,업무시설,오피스텔5호,1
17000,공장,50ton다스트,1
06000,종교시설,문,1
17000,공장,중역실,1
10000,교육연구시설,동물연구소,1
14000,업무시설,품질,1
04000,제2종근린생활시설,학업용,1
04000,제2종근린생활시설,농기계수리점및단독주택,1
04000,제2종근린생활시설,관리인사무실,1
17000,공장,내장가구,1
03000,제1종근린생활시설,현장관리실,1
03000,제1종근린생활시설,간척양수장,1
17000,공장,흡착설비실,1
03000,제1종근린생활시설,등탑,1
03000,제1종근린생활시설,향토음식체험장,1
03000,제1종근린생활시설,청도공동회관,1
03000,제1종근린생활시설,근린생활시설및운수시설,1
03000,제1종근린생활시설,농기구자재점포,1
03000,제1종근린생활시설,주택및휴게음식점,1
10000,교육연구시설,폐수처리,1
14000,업무시설,재축,1
02000,공동주택,농가,1
11000,노유자시설,아동일시보호시설,1
03000,제1종근린생활시설,1종근생및2종근생,1
03000,제1종근린생활시설,마을회관복지시설,1
01000,단독주택,다가구주택오피스텔,1
04000,제2종근린생활시설,관광농원관리사,1
01000,단독주택,과수선과장,1
04000,제2종근린생활시설,교육연구및복지외제2종근린생활시설,1
04000,제2종근린생활시설,목공수,1
04000,제2종근린생활시설,생약조제시설,1
04000,제2종근린생활시설,신축,1
17000,공장,켄퍼스제품제조업,1
04000,제2종근린생활시설,종합방재실,1
25000,발전시설,본관,1
22000,분뇨.쓰레기처리시설,음식물퇴비화시설,1
04000,제2종근린생활시설,휴게음식점및주택,1
04000,제2종근린생활시설,레카사무실,1
04000,제2종근린생활시설,용역원실,1
04000,제2종근린생활시설,매점및공중변소,1
04000,제2종근린생활시설,안내표지판,1
23000,교정및군사시설,재활용수집소,1
04000,제2종근린생활시설,풀장,1
06000,종교시설,열람실,1
04000,제2종근린생활시설,종교집회장및단독주택,1
10000,교육연구시설,공학지원센타,1
02000,공동주택,147,1
04000,제2종근린생활시설,기공시설,1
30000,자원순환관련시설,전기실동,1
04000,제2종근린생활시설,관리소및노인정,1
04000,제2종근린생활시설,어구점포,1
04000,제2종근린생활시설,신촌교회,1
04000,제2종근린생활시설,제2종근린관련시설,1
Z8000,교육연구및복지시설,학생수련원,1
04000,제2종근린생활시설,즉석식품제조업,1
04000,제2종근린생활시설,뽐뿌실,1
04000,제2종근린생활시설,판매시설및영업시설,1
01000,단독주택,창고시실,1
17000,공장,골재계측장,1
04000,제2종근린생활시설,자동차관령시설,1
04000,제2종근린생활시설,축사관리사,1
04000,제2종근린생활시설,식당및숙소,1
04000,제2종근린생활시설,리사,1
05000,문화및집회시설,동광문,1
04000,제2종근린생활시설,유도자제조업,1
08000,운수시설,작업관리동,1
21000,동물및식물관련시설,양어장관리,1
18000,창고시설,건조기설치용,1
17000,공장,차건조실,1
18000,창고시설,m4,1
19000,위험물저장및처리시설,액화가스사무실,1
17000,공장,수소공급,1
21000,동물및식물관련시설,돈계류장1,1
08000,운수시설,작업관리사,1
17000,공장,내수면가공공장,1
17000,공장,a901냉동기실,1
21000,동물및식물관련시설,막사,1
17000,공장,차량검사장,1
10000,교육연구시설,59,1
17000,공장,소화펌프동,1
06000,종교시설,주택및대문,1
10000,교육연구시설,공대산학협력관,1
04000,제2종근린생활시설,공동건조장,1
01000,단독주택,사당문,1
05000,문화및집회시설,창의사,1
17000,공장,폐품수집창고,1
15000,숙박시설,17실,1
21000,동물및식물관련시설,인공수정센터,1
18000,창고시설,근리생활시설,1
Z8000,교육연구및복지시설,청소년수련의집,1
17000,공장,추레라,1
17000,공장,바킹,1
21000,동물및식물관련시설,행정실,1
18000,창고시설,농업용간이저장고,1
04000,제2종근린생활시설,해조류가공및,1
02000,공동주택,아파트도시형생활주택,1
17000,공장,no9,1
17000,공장,장비창고,1
18000,창고시설,철물관련제품제조업,1
18000,창고시설,창고및부대시설,1
10000,교육연구시설,학습실,1
09000,의료시설,집회시설,1
17000,공장,조차장,1
01000,단독주택,강판지붕,1
20000,자동차관련시설,쓰레기처리장,1
Z9000,공공용시설,통신기계실,1
06000,종교시설,지하다방,1
01000,단독주택,축사창고,1
02000,공동주택,29호,1
24000,방송통신시설,cctv,1
04000,제2종근린생활시설,의원시설,1
17000,공장,선박제조공장,1
03000,제1종근린생활시설,내의편조업관리사,1
31000,야영장시설,취사,1
18000,창고시설,기계저장,1
11000,노유자시설,마을회관및,1
05000,문화및집회시설,염색집,1
17000,공장,m6진공펌프실,1
01000,단독주택,소매정,1
08000,운수시설,다목적관,1
15000,숙박시설,야영장시설,1
17000,공장,겨례식품,1
17000,공장,검사소,1
17000,공장,균질화,1
01000,단독주택,18세대주택,1
21000,동물및식물관련시설,가스용기보관창고,1
03000,제1종근린생활시설,숲속교실,1
06000,종교시설,교당숙소,1
,,수산물냉동저장창고,1
18000,창고시설,복숭아선별장,1
03000,제1종근린생활시설,관암리2구,1
Z6000,판매및영업시설,공기압축기실및,1
17000,공장,유수분리동,1
20000,자동차관련시설,간이음식점,1
03000,제1종근린생활시설,목공실,1
01000,단독주택,붉은벽돌치장,1
04000,제2종근린생활시설,가묘,1
,,진행box,1
03000,제1종근린생활시설,통신분기,1
01000,단독주택,총10가구,1
05000,문화및집회시설,편의,1
17000,공장,분류번호,1
22000,분뇨.쓰레기처리시설,선별집하장등,1
02000,공동주택,다세대27세대,1
19000,위험물저장및처리시설,위험물시설,1
17000,공장,스타킹및양말편조업,1
03000,제1종근린생활시설,농업인주택,1
13000,운동시설,컬링장,1
Z8000,교육연구및복지시설,계사,1
04000,제2종근린생활시설,산업기계,1
,,농사용저온창고,1
04000,제2종근린생활시설,철문관련제품,1
06000,종교시설,효림원,1
13000,운동시설,비상급수시설,1
13000,운동시설,운동시설및단독주택,1
03000,제1종근린생활시설,s실,1
13000,운동시설,예지물보관창고,1
18000,창고시설,곡물냉장,1
Z8000,교육연구및복지시설,유치원및놀이터,1
21000,동물및식물관련시설,경매사무실,1
04000,제2종근린생활시설,곡분과자제조업및건축자재소매점,1
17000,공장,lpg기화기실,1
17000,공장,tr룸,1
17000,공장,생석회공장,1
03000,제1종근린생활시설,경비숙소,1
05000,문화및집회시설,육상수족관,1
08000,운수시설,토목장비고,1
18000,창고시설,95,1
05000,문화및집회시설,전통정자,1
03000,제1종근린생활시설,체능계학원,1
05000,문화및집회시설,동물사육장,1
04000,제2종근린생활시설,황태가공,1
17000,공장,도색작업장전기실,1
05000,문화및집회시설,종실,1
15000,숙박시설,3가구,1
17000,공장,sar분석기실,1
17000,공장,19동,1
17000,공장,분양창고,1
05000,문화및집회시설,학습교육시설,1
05000,문화및집회시설,해신당,1
19000,위험물저장및처리시설,부탄저장소,1
10000,교육연구시설,창고및정비고,1
18000,창고시설,폐유수거시설,1
02000,공동주택,상가및관리사무소,1
04000,제2종근린생활시설,사료,1
04000,제2종근린생활시설,작업장및공동건조장,1
01000,단독주택,2존근생,1
05000,문화및집회시설,모델하우스,1
05000,문화및집회시설,공화당,1
05000,문화및집회시설,진료소및장제소,1
22000,분뇨.쓰레기처리시설,수처리동,1
05000,문화및집회시설,야외휴게시설,1
21000,동물및식물관련시설,가축용퇴비사,1
05000,문화및집회시설,사마제,1
17000,공장,과실통조림및유사조제식품제조업,1
03000,제1종근린생활시설,이벤트공간및고객센터,1
05000,문화및집회시설,호랑이사자사,1
17000,공장,식당및조리장,1
17000,공장,식품산업용가열및냉각기제조업,1
17000,공장,완구제조,1
05000,문화및집회시설,교량,1
02000,공동주택,독서실포함,1
Z3000,근린생활시설,폼푸장,1
17000,공장,창고제품,1
Z5000,문화및집회시설,외삼문,1
04000,제2종근린생활시설,1종근린생활시시설,1
15000,숙박시설,숙박시설및근생시설,1
03000,제1종근린생활시설,도시재생지원센터,1
23000,교정및군사시설,낙하산건조탑,1
10000,교육연구시설,현업분소,1
17000,공장,집합소,1
02000,공동주택,주거방재실,1
Z3000,근린생활시설,건조사,1
19000,위험물저장및처리시설,자동세차기실,1
17000,공장,분석기실11,1
04000,제2종근린생활시설,제2종음식점,1
04000,제2종근린생활시설,동물위탁관리실,1
02000,공동주택,2312동하부,1
02000,공동주택,공작실,1
02000,공동주택,배수,1
13000,운동시설,외5,1
17000,공장,관리실및기숙사,1
17000,공장,상옥설비,1
21000,동물및식물관련시설,가야왕릉,1
05000,문화및집회시설,승련당,1
03000,제1종근린생활시설,상생상가,1
03000,제1종근린생활시설,2종근린생화리설,1
02000,공동주택,재연,1
19000,위험물저장및처리시설,게로피,1
18000,창고시설,어자재및사료창고,1
04000,제2종근린생활시설,차실,1
03000,제1종근린생활시설,위험물저장실,1
02000,공동주택,6대,1
21000,동물및식물관련시설,양어시설및부속창고,1
20000,자동차관련시설,세차장휴게실,1
Z3000,근린생활시설,근린생활시설및관람집회시설,1
18000,창고시설,스러지피트,1
06000,종교시설,곡간,1
04000,제2종근린생활시설,승당,1
24000,방송통신시설,통신기계국사,1
04000,제2종근린생활시설,현장관리인숙소,1
Z5000,문화및집회시설,후산정,1
23000,교정및군사시설,병영지원시설,1
13000,운동시설,비가림막,1
03000,제1종근린생활시설,의원외,1
,,달리분류되지않는,1
,,목재용기,1
15000,숙박시설,인쇄소,1
30000,자원순환관련시설,저장실,1
Z8000,교육연구및복지시설,지역아동센터,1
22000,분뇨.쓰레기처리시설,음식물하수병합처리시설,1
17000,공장,성형공장,1
04000,제2종근린생활시설,화물자동차정류시설,1
20999,기타자동차관련시설,고객센터,1
30000,자원순환관련시설,관리소,1
05000,문화및집회시설,원숭이사육장,1
17000,공장,농수산물집하장,1
04000,제2종근린생활시설,위락시설무도장,1
17000,공장,슬러지배출실,1
15000,숙박시설,물품보관창고,1
03000,제1종근린생활시설,수입품,1
04000,제2종근린생활시설,주분초,1
07000,판매시설,수산물위판소,1
07000,판매시설,기념품,1
23000,교정및군사시설,w실,1
19000,위험물저장및처리시설,교환센타,1
19000,위험물저장및처리시설,충전용기보관소,1
19000,위험물저장및처리시설,등유판매소,1
05000,문화및집회시설,입장권발매소,1
03000,제1종근린생활시설,아동용품관련시설,1
01000,단독주택,19가구다가구주택,1
20000,자동차관련시설,철도역사,1
04000,제2종근린생활시설,전자변성기,1
17000,공장,연사제조및방직,1
,,노인회회관,1
04000,제2종근린생활시설,지하대피실,1
17000,공장,60통합자재창고,1
03000,제1종근린생활시설,청과시장,1
07000,판매시설,자전거보관소,1
02000,공동주택,여성diy룸,1
07000,판매시설,아파트시장,1
17000,공장,골재이동중간타워,1
19000,위험물저장및처리시설,가앙펌프장,1
,,농산물판매장,1
03000,제1종근린생활시설,구암마을,1
17000,공장,mea펌프실,1
07000,판매시설,주차장캐노피,1
17000,공장,휴게룸,1
17000,공장,수출pdi창고,1
21000,동물및식물관련시설,조제실,1
11000,노유자시설,아동숙사및식당,1
01000,단독주택,제조소,1
01000,단독주택,농림창고,1
03000,제1종근린생활시설,여산면,1
,,가압펌프실,1
04000,제2종근린생활시설,저유조,1
,,보건지소,1
17000,공장,관련품제조업,1
04000,제2종근린생활시설,계단덮개,1
07000,판매시설,여객선터미널,1
07000,판매시설,미곡지대미시설판매장,1
19000,위험물저장및처리시설,위험물저장처리취급소,1
01000,단독주택,42,1
07000,판매시설,멀티미디어문화컨텐츠설비제공업소,1
Z3000,근린생활시설,용기보관실,1
18000,창고시설,농촌주택지원,1
02000,공동주택,54세대,1
06000,종교시설,재각관리사,1
14000,업무시설,문서창고,1
17000,공장,폐페인트장,1
19000,위험물저장및처리시설,유독물보관판매소,1
19000,위험물저장및처리시설,농약실,1
23000,교정및군사시설,동력창고,1
19000,위험물저장및처리시설,고압가스충전소저장소,1
19000,위험물저장및처리시설,저유탱크4,1
19000,위험물저장및처리시설,위험물장및처리시설,1
,,위험물저장고,1
04000,제2종근린생활시설,귀금속관련,1
,,취수펌프실,1
04000,제2종근린생활시설,린생,1
22000,분뇨.쓰레기처리시설,음식물쓰레기처리실,1
01000,단독주택,개발,1
19000,위험물저장및처리시설,사무실및위험물저장창고,1
02000,공동주택,탁구연습장,1
,,수각,1
22000,분뇨.쓰레기처리시설,차량정비동,1
20000,자동차관련시설,cng가스충전소,1
18000,창고시설,식품제조가공업,1
05000,문화및집회시설,지원시설,1
10000,교육연구시설,써클룸,1
12000,수련시설,교직원숙소,1
10000,교육연구시설,정신교육관,1
18000,창고시설,정품창고,1
21000,동물및식물관련시설,90,1
03000,제1종근린생활시설,반도체및제조공장,1
18000,창고시설,농사용기자재창고,1
17000,공장,옥외저유펌프실,1
03000,제1종근린생활시설,임업협동조합,1
17000,공장,노조대기실,1
02000,공동주택,커뮤니티지원시설,1
02000,공동주택,유아놀이터,1
02000,공동주택,여성전용휴게소,1
01000,단독주택,식용유가공작업소,1
03000,제1종근린생활시설,성인오락실,1
02000,공동주택,가족지원센터,1
24000,방송통신시설,교양실,1
17000,공장,주공기브로이쉘타,1
04000,제2종근린생활시설,창고시,1
02000,공동주택,연립주택및제1종근린생활시설,1
01000,단독주택,식품판매업,1
17000,공장,개질아스팔트변전실,1
02000,공동주택,화장실외,1
,,종합사무실,1
03000,제1종근린생활시설,제1종근린생활시살,1
04000,제2종근린생활시설,복층형,1
02000,공동주택,번소,1
01000,단독주택,세척장,1
22000,분뇨.쓰레기처리시설,대형,1
04000,제2종근린생활시설,농기계세차장,1
05000,문화및집회시설,경기전익랑,1
01000,단독주택,이발사,1
02000,공동주택,스카이파티룸,1
02000,공동주택,폐기물보관장,1
02000,공동주택,주민자치공방,1
02000,공동주택,근생시설및연립주택,1
02000,공동주택,연립주택및점포및근린생활시설,1
02000,공동주택,공용화장실2,1
02000,공동주택,생활편리시설,1
02000,공동주택,우수처리실,1
02000,공동주택,연립주택가동3층건물,1
02000,공동주택,올데이다이닝라운지,1
17000,공장,농업용사료제조업,1
06000,종교시설,조선당,1
02000,공동주택,노인정및관리사무실,1
02000,공동주택,단지내복리시설,1
02000,공동주택,기계ㆍ전기실,1
16000,위락시설,전자유,1
21000,동물및식물관련시설,사료창고54,1
17000,공장,소방용수,1
02000,공동주택,운동센터,1
02000,공동주택,그린가든,1
04000,제2종근린생활시설,사진제판,1
02000,공동주택,펌프및비상발전기실,1
02000,공동주택,공경비실,1
03000,제1종근린생활시설,지하철도용변전소,1
19000,위험물저장및처리시설,부원료,1
10000,교육연구시설,공동이용시설,1
03000,제1종근린생활시설,동청사무실,1
03000,제1종근린생활시설,수하경노당,1
17000,공장,주형,1
03000,제1종근린생활시설,제1종근린생활및주택,1
03000,제1종근린생활시설,상수도정수시설,1
01000,단독주택,고철작업장,1
03000,제1종근린생활시설,청소관리실,1
19000,위험물저장및처리시설,위험물저장alc처리시설,1
03000,제1종근린생활시설,유흠음식점,1
20000,자동차관련시설,점유장부속건물,1
03000,제1종근린생활시설,금남파출소,1
03000,제1종근린생활시설,세탁장,1
10000,교육연구시설,직업능력개발훈련시설,1
03000,제1종근린생활시설,수도유량계실,1
18000,창고시설,출장소,1
04000,제2종근린생활시설,오사채,1
17000,공장,식단,1
03000,제1종근린생활시설,관리본동,1
04000,제2종근린생활시설,우수조관리실,1
03000,제1종근린생활시설,배수지출입계단실1,1
03000,제1종근린생활시설,근린공공실설,1
03000,제1종근린생활시설,신흥정수장관리사,1
10000,교육연구시설,r,1
19000,위험물저장및처리시설,me8901,1
04000,제2종근린생활시설,의료시설및근린생활시설,1
03000,제1종근린생활시설,공동방아간,1
03000,제1종근린생활시설,영엄소,1
03000,제1종근린생활시설,소매점외2,1
03000,제1종근린생활시설,제거식화장실,1
20000,자동차관련시설,게근소,1
10000,교육연구시설,주부사,1
17000,공장,석재품,1
15000,숙박시설,다중생활시설39실,1
03000,제1종근린생활시설,우수저류조,1
03000,제1종근린생활시설,창고시설외1용도,1
21000,동물및식물관련시설,일시점용,1
03000,제1종근린생활시설,간이차량정비소,1
03000,제1종근린생활시설,제설장비보관소,1
17000,공장,계근대관리동,1
03000,제1종근린생활시설,부녀회노인정,1
17000,공장,에어콤푸레샤실,1
02000,공동주택,관리인사무소,1
02000,공동주택,취미공유실,1
02000,공동주택,mdf실1,1
19000,위험물저장및처리시설,여자화장실,1
03000,제1종근린생활시설,공원매표소,1
03000,제1종근린생활시설,오피사무실,1
11000,노유자시설,노유자시설외3,1
20000,자동차관련시설,cng,1
04000,제2종근린생활시설,기계전기실등,1
20000,자동차관련시설,자원순환관련시설,1
18000,창고시설,마을공용,1
03000,제1종근린생활시설,경보국기기실,1
01000,단독주택,96정주권사업,1
01000,단독주택,1종근린생활지구,1
03000,제1종근린생활시설,오스중계펌프장,1
03000,제1종근린생활시설,농촌학습체험관,1
17000,공장,9208,1
03000,제1종근린생활시설,제1종종근린생활시설,1
03000,제1종근린생활시설,석탑보호각,1
03000,제1종근린생활시설,전시및판매,1
03000,제1종근린생활시설,애견유치원,1
18000,창고시설,예능계학원,1
11000,노유자시설,경로식당,1
02000,공동주택,도시형생활주택26세대,1
08000,운수시설,화차검수고,1
04000,제2종근린생활시설,접속장치,1
04000,제2종근린생활시설,및검사장,1
18000,창고시설,급식소,1
04000,제2종근린생활시설,기숙사및사무실,1
10000,교육연구시설,축사및퇴비사,1
17000,공장,wf6,1
10000,교육연구시설,농연훈련장,1
12000,수련시설,창고및숙직실,1
Z5000,문화및집회시설,분기변전소,1
07000,판매시설,포장가공,1
08000,운수시설,게이트,1
01000,단독주택,1층일부,1
01000,단독주택,위험물판매업,1
09000,의료시설,지구병원,1
04000,제2종근린생활시설,단군제사및관리사,1
17000,공장,자전거적치장,1
Z9000,공공용시설,보관창고,1
07000,판매시설,잔품처리,1
03000,제1종근린생활시설,농산물가공작업장,1
04000,제2종근린생활시설,신암농공단지,1
10000,교육연구시설,퇴비관리사,1
10000,교육연구시설,행정본관사무실,1
17000,공장,사택외,1
21000,동물및식물관련시설,식품가공공장,1
Z6000,판매및영업시설,여객선터미널,1
Z8000,교육연구및복지시설,옥탑,1
17000,공장,건설기계부분정비,1
03000,제1종근린생활시설,레일바이크정비고,1
03000,제1종근린생활시설,공동유치업종,1
08000,운수시설,항공기,1
24000,방송통신시설,의료기기판매소,1
06000,종교시설,옥외변소,1
19000,위험물저장및처리시설,디,1
27000,관광휴게시설,비슬산,1
09000,의료시설,제2병실,1
19000,위험물저장및처리시설,고압가스판매,1
10000,교육연구시설,학사파워플랜트,1
18000,창고시설,근생및주택,1
09000,의료시설,병원대기실,1
Z3000,근린생활시설,부대시설,1
30000,자원순환관련시설,항출입구,1
04000,제2종근린생활시설,종교집회사장,1
09000,의료시설,깨스실,1
10000,교육연구시설,요업센터,1
03000,제1종근린생활시설,주민복지시설,1
28000,가설건축물,비닐집,1
10000,교육연구시설,고철장,1
14000,업무시설,211호,1
09000,의료시설,의사회,1
10000,교육연구시설,검차실,1
10000,교육연구시설,한국전통가옥연구소,1
21000,동물및식물관련시설,농산물처리가공시설,1
10000,교육연구시설,배수펌프장,1
04000,제2종근린생활시설,유기견보호소,1
09000,의료시설,제조업소,1
03000,제1종근린생활시설,의류직물류,1
01000,단독주택,주택개량사업융자주택,1
03000,제1종근린생활시설,주차장관리사및공중화장실,1
19000,위험물저장및처리시설,주유기보호대,1
25000,발전시설,태양광발절소,1
06000,종교시설,영유아,1
13000,운동시설,사무실및창고,1
02000,공동주택,북측경비실,1
02000,공동주택,502동,1
02000,공동주택,주촉법판매시설,1
03000,제1종근린생활시설,주차장관련시설,1
02000,공동주택,가든연립주택및점포내점포,1
17000,공장,유류고1,1
02000,공동주택,군관사,1
27000,관광휴게시설,의류매장,1
30000,자원순환관련시설,폐기물저장소,1
13000,운동시설,유도장,1
11000,노유자시설,교육언구및복지시설외,1
01000,단독주택,225mm지붕판넬,1
04000,제2종근린생활시설,법보전,1
14000,업무시설,토목창고,1
JY,,제조시설,1
03000,제1종근린생활시설,양계장,1
30000,자원순환관련시설,쓰레기소각및저장시설,1
17000,공장,청자재작실,1
02000,공동주택,키즈카페1,1
24000,방송통신시설,ums,1
13000,운동시설,실내축구장,1
02000,공동주택,기숙사및창고,1
10000,교육연구시설,영재교육원및,1
03000,제1종근린생활시설,버스정류장시설,1
18000,창고시설,제2종근린생화시설,1
02000,공동주택,관리층계단,1
02000,공동주택,지하점검층,1
02000,공동주택,동부시장,1
02000,공동주택,598대형,1
14000,업무시설,오피스텔4호,1
02000,공동주택,유리온실,1
02000,공동주택,공동주택외5,1
02000,공동주택,연립주택및노유자시설,1
02000,공동주택,커뮤니티실1,1
02000,공동주택,복지시설및제2종근린생활시설,1
02000,공동주택,상가1,1
02000,공동주택,도시형생활주택단지형연립주택40세대,1
02000,공동주택,재활용품창고3,1
10000,교육연구시설,교수연구시설,1
21000,동물및식물관련시설,염소사료장,1
,,출구,1
10000,교육연구시설,위험물처리시설,1
02000,공동주택,관리자,1
18000,창고시설,농박,1
04000,제2종근린생활시설,영유아보육,1
03000,제1종근린생활시설,수면실,1
04000,제2종근린생활시설,관리실및기계실,1
02000,공동주택,외부공동엘리베이터,1
10000,교육연구시설,축구부숙소,1
02000,공동주택,427,1
02000,공동주택,주민멀티실,1
02000,공동주택,관리동및기계실,1
Z9000,공공용시설,염소투입실,1
01000,단독주택,화장실및건조실,1
02000,공동주택,브레난관,1
13000,운동시설,축구장,1
11000,노유자시설,교,1
30000,자원순환관련시설,폐기물재활용저장시설,1
03000,제1종근린생활시설,다볕당,1
,,공공용,1
02000,공동주택,재활용품저장창고2,1
02000,공동주택,세면실,1
04000,제2종근린생활시설,마을공동,1
01000,단독주택,욕실및축사,1
30000,자원순환관련시설,폐기물보관소,1
02000,공동주택,주민공동시설및문고,1
21000,동물및식물관련시설,건초야적장,1
30000,자원순환관련시설,총인설비동,1
10000,교육연구시설,숙직실관사,1
01000,단독주택,변소시멘벽돌,1
21000,동물및식물관련시설,요양소,1
02000,공동주택,도시형생활주택및소매점,1
02000,공동주택,폴리2,1
02000,공동주택,통신실2,1
01000,단독주택,17농지전용신고필,1
09000,의료시설,국립소록도병원,1
04000,제2종근린생활시설,제2종근린생활시설공장,1
30000,자원순환관련시설,자동순환관련시설,1
03000,제1종근린생활시설,신기관실,1
04000,제2종근린생활시설,제2종슨린생활시설,1
11000,노유자시설,물리실,1
02000,공동주택,썬큰연결통로,1
01000,단독주택,축사및농업용창고,1
11000,노유자시설,및근린생활시설,1
08000,운수시설,초소5,1
02000,공동주택,노루동아리,1
02000,공동주택,캐스케이드실,1
16000,위락시설,일만유흥음식점,1
18000,창고시설,해조류가공저장시설,1
10000,교육연구시설,교사2,1
14000,업무시설,계단실및물탱크실,1
04000,제2종근린생활시설,사무용인쇄물유사제품제조업,1
10000,교육연구시설,배전설비교장,1
10000,교육연구시설,채굴교장,1
01000,단독주택,보일러및창고,1
02000,공동주택,계단실동,1
17000,공장,제12호,1
02000,공동주택,실내다목적체육관,1
04000,제2종근린생활시설,1종근생소매점,1
19000,위험물저장및처리시설,lp가스저장실,1
01000,단독주택,화물,1
02000,공동주택,방범초소,1
19000,위험물저장및처리시설,박스설치,1
02000,공동주택,주현연립주택c동2층건물,1
13000,운동시설,궁방,1
10000,교육연구시설,연구시험동,1
18000,창고시설,중량물,1
18000,창고시설,농산물공동선별작업장,1
02000,공동주택,단지형다세대주택및근생,1
02000,공동주택,단주형다세대,1
19000,위험물저장및처리시설,저유탱크1,1
02000,공동주택,재활용나눔센터,1
02000,공동주택,노유자시설및생활편의시설,1
17000,공장,환풍기,1
02000,공동주택,48,1
02000,공동주택,커뮤니티시설및작은도서관,1
24000,방송통신시설,물탱크실,1
04000,제2종근린생활시설,수로,1
18000,창고시설,가동,1
03000,제1종근린생활시설,한방체험센터,1
23000,교정및군사시설,군산시설,1
13000,운동시설,주방및창고,1
02000,공동주택,독거노인실,1
02000,공동주택,자동집하기계실,1
02000,공동주택,자전거정비소,1
04000,제2종근린생활시설,종합판매장,1
02000,공동주택,아동관련시설동,1
02000,공동주택,노인복지관,1
02000,공동주택,주민강좌실,1
02000,공동주택,재활용쓰레기분리수거장,1
02000,공동주택,주민자치공간,1
02000,공동주택,112세대,1
02000,공동주택,문서보관실,1
02000,공동주택,공동육아공간,1
02000,공동주택,복지관5,1
02000,공동주택,생활편익시설1동,1
02000,공동주택,공용ev,1
02000,공동주택,근로자휴게소1,1
02000,공동주택,어린이열람실,1
02000,공동주택,정화조출입계단실,1
02000,공동주택,우수저감시설,1
02000,공동주택,가스창고,1
02000,공동주택,판매시설및대피소,1
02000,공동주택,주현연립주택다동3층건물,1
02000,공동주택,외부계단선큰,1
Z8000,교육연구및복지시설,면회실,1
10000,교육연구시설,생할편익시설및,1
02000,공동주택,공중화장실및관리사무실,1
02000,공동주택,우수저류조펌프실점검실,1
02000,공동주택,144대,1
02000,공동주택,각동경비실,1
10000,교육연구시설,대피소및보일러,1
01000,단독주택,누다락방,1
02000,공동주택,다목적전시홀,1
03000,제1종근린생활시설,추참공동,1
02000,공동주택,경로당및도서실,1
02000,공동주택,임대사업소,1
04000,제2종근린생활시설,장류,1
03000,제1종근린생활시설,의원및소매점,1
08000,운수시설,제2종근린생활,1
13000,운동시설,창고c,1
02000,공동주택,여성문화케어센터,1
03000,제1종근린생활시설,대기리2구,1
17000,공장,수산물처리가공공장,1
03000,제1종근린생활시설,전시및직판장,1
17000,공장,직원급식시설,1
Z8000,교육연구및복지시설,플랜트,1
01000,단독주택,농촌융자금대상자,1
06000,종교시설,주교관,1
19000,위험물저장및처리시설,공항시설,1
02000,공동주택,118동,1
01000,단독주택,간이휴게음식점,1
18000,창고시설,lpg가스저장소,1
16000,위락시설,제과점,1
24000,방송통신시설,간의tv중계소,1
23000,교정및군사시설,생도사,1
20000,자동차관련시설,공용터미널,1
01000,단독주택,농가주택및농가용창고시설,1
04000,제2종근린생활시설,물탱크기계실,1
03000,제1종근린생활시설,계전실,1
23000,교정및군사시설,샤워실,1
17000,공장,대기tms측정소,1
11000,노유자시설,육아원및노인정,1
17000,공장,70ton다스트,1
03000,제1종근린생활시설,근린생활시설주차장및주택,1
17000,공장,수산제조,1
04000,제2종근린생활시설,약사전,1
27000,관광휴게시설,중부민가사랑채,1
17000,공장,전천후공장,1
03000,제1종근린생활시설,치안센터및,1
03000,제1종근린생활시설,사령실,1
03000,제1종근린생활시설,제탄창고,1
01000,단독주택,조대사,1
17000,공장,비료창고,1
19000,위험물저장및처리시설,filter,1
26000,묘지관련시설,영당,1
26000,묘지관련시설,보호각,1
17000,공장,공기압축기실2,1
17000,공장,염소투입시설,1
17000,공장,보안교육장,1
14000,업무시설,교육복지,1
17000,공장,가스메타실,1
02000,공동주택,그리너리라운지,1
02000,공동주택,374대,1
04000,제2종근린생활시설,전시,1
02000,공동주택,문구,1
07000,판매시설,판매및문화집회시설,1
01000,단독주택,잠실및축사,1
23000,교정및군사시설,정비공장,1
01000,단독주택,다가구주택0,1
04000,제2종근린생활시설,수리소및사무소,1
20000,자동차관련시설,연결통로,1
03000,제1종근린생활시설,농산물판매및체험장,1
10000,교육연구시설,펌프실및창고,1
Z3000,근린생활시설,일반업무,1
17000,공장,개폐보호및,1
21000,동물및식물관련시설,육묘녹화장,1
03000,제1종근린생활시설,약품탱크동,1
03000,제1종근린생활시설,두릉지구,1
16000,위락시설,청소년전자,1
04000,제2종근린생활시설,전철원,1
14000,업무시설,공공건물,1
14000,업무시설,공동주택및업무시설,1
14000,업무시설,업무시설및회의실,1
17000,공장,electrical,1
04000,제2종근린생활시설,상용식,1
24000,방송통신시설,발변전실,1
14000,업무시설,업무시설외2종,1
01000,단독주택,근생및다가구용주택,1
02000,공동주택,안전매트비치실,1
14000,업무시설,주차안내소,1
21000,동물및식물관련시설,관리사외,1
17000,공장,가스모듈실1,1
,,상수도관리사,1
04000,제2종근린생활시설,봉사관,1
04000,제2종근린생활시설,대기회관,1
04000,제2종근린생활시설,영각,1
04000,제2종근린생활시설,자동차경정비업,1
04000,제2종근린생활시설,점포대중음식점,1
03000,제1종근린생활시설,안내시설,1
03000,제1종근린생활시설,공동주택활시설,1
04000,제2종근린생활시설,노유자시설및제2종근생,1
02000,공동주택,14대,1
01000,단독주택,부속서고,1
04000,제2종근린생활시설,순여원,1
04000,제2종근린생활시설,젖갈제조장및보관창고,1
04000,제2종근린생활시설,끈제조업,1
04000,제2종근린생활시설,친환경농산물가공,1
03000,제1종근린생활시설,1종근린생활시설및다가구주택,1
11000,노유자시설,보육시설동,1
10000,교육연구시설,특별교실및체육관,1
03000,제1종근린생활시설,중앙관리소,1
03000,제1종근린생활시설,평지마을회관,1
04000,제2종근린생활시설,금속장치물제조장,1
11000,노유자시설,청년회관,1
18000,창고시설,76,1
03000,제1종근린생활시설,203,1
03000,제1종근린생활시설,전신공공시설,1
03000,제1종근린생활시설,관리용건물,1
03000,제1종근린생활시설,연초건조장,1
11000,노유자시설,부녀양노당,1
03000,제1종근린생활시설,배수지관리건물,1
03000,제1종근린생활시설,임대농기계창고,1
02000,공동주택,복합상가및,1
17000,공장,개발,1
05000,문화및집회시설,학습관,1
03000,제1종근린생활시설,송곡리마을회관,1
03000,제1종근린생활시설,농산물건조저장실,1
04000,제2종근린생활시설,발전실및보일러실,1
15000,숙박시설,기혼자,1
03000,제1종근린생활시설,근린생활시설외3,1
21000,동물및식물관련시설,우사사료창고,1
03000,제1종근린생활시설,퇴비,1
04000,제2종근린생활시설,제실및창고,1
01000,단독주택,기타시설군,1
01000,단독주택,농산물판매장,1
10000,교육연구시설,1용도,1
03000,제1종근린생활시설,주문대,1
03000,제1종근린생활시설,수도시설물관리사,1
03000,제1종근린생활시설,관리사무소및공중화장실,1
03000,제1종근린생활시설,냉장고,1
10000,교육연구시설,다3동,1
03000,제1종근린생활시설,점포및관리사및노인정,1
03000,제1종근린생활시설,구외공동화장실,1
03000,제1종근린생활시설,공공업무시설및공관,1
21000,동물및식물관련시설,대가축사육,1
03000,제1종근린생활시설,농작물집하장,1
01000,단독주택,농촌주택및,1
17000,공장,순수제조동,1
03000,제1종근린생활시설,농산물체험학습장,1
17000,공장,오디오부품제조업,1
03000,제1종근린생활시설,반공전시회관,1
11000,노유자시설,청소년회관,1
11000,노유자시설,근로청소년회관,1
03000,제1종근린생활시설,산림관리사,1
01000,단독주택,단독가구주택,1
03000,제1종근린생활시설,쓰레기소각장,1
03000,제1종근린생활시설,개현마을회관,1
03000,제1종근린생활시설,수안동파출소,1
18000,창고시설,신,1
03000,제1종근린생활시설,레미콘공장사무실,1
03000,제1종근린생활시설,고흥군해양자율방범순찰대,1
03000,제1종근린생활시설,목요탕및창고,1
03000,제1종근린생활시설,옥외장비보관소,1
17000,공장,z동,1
11000,노유자시설,유아실강당,1
03000,제1종근린생활시설,전지전용,1
20000,자동차관련시설,9122,1
11000,노유자시설,경로당및독서실,1
Z6000,판매및영업시설,관리사무실,1
03000,제1종근린생활시설,와석노인당,1
03000,제1종근린생활시설,망간제거시설펌프실,1
21000,동물및식물관련시설,통호,1
13000,운동시설,관정보호시설,1
03000,제1종근린생활시설,소매점및한의원,1
10000,교육연구시설,4wd주차장,1
03000,제1종근린생활시설,해태공장,1
03000,제1종근린생활시설,공동문화센터,1
,,재료,1
17000,공장,66kv,1
03000,제1종근린생활시설,점포및유흥음식점,1
03000,제1종근린생활시설,다목적체육관,1
17000,공장,이온화교환수실,1
21000,동물및식물관련시설,기니픽,1
03000,제1종근린생활시설,폐기물보관소,1
02000,공동주택,기게실,1
02000,공동주택,작은도서관및다목적실,1
01000,단독주택,96주거환경융자주택,1
11000,노유자시설,김치탱크,1
Z3000,근린생활시설,배합사료창고,1
10000,교육연구시설,동편,1
03000,제1종근린생활시설,제1종근생및다가구주택,1
03000,제1종근린생활시설,가축위생시험소,1
07000,판매시설,병원,1
19000,위험물저장및처리시설,연구소,1
11000,노유자시설,사회복시지설,1
18000,창고시설,반품검수장,1
11000,노유자시설,아동식당,1
01000,단독주택,다가국용,1
21000,동물및식물관련시설,2종근생,1
04000,제2종근린생활시설,15실,1
03000,제1종근린생활시설,청자생산지원센터,1
03000,제1종근린생활시설,사진관및점포,1
17000,공장,액비저장시설,1
03000,제1종근린생활시설,화장식,1
11000,노유자시설,영림원처소,1
03000,제1종근린생활시설,디딜방앗간,1
02000,공동주택,소매점및공동주택,1
11000,노유자시설,공연장,1
03000,제1종근린생활시설,급구양수장,1
03000,제1종근린생활시설,동무관,1
03000,제1종근린생활시설,제1종근린생활시설및단독주택및제2종근린생활시설,1
11000,노유자시설,노인건강관리실,1
01000,단독주택,개량농가주택,1
04000,제2종근린생활시설,해조류가공및저장,1
03000,제1종근린생활시설,냉동,1
03000,제1종근린생활시설,목재판매,1
03000,제1종근린생활시설,상여보관,1
03000,제1종근린생활시설,영소,1
03000,제1종근린생활시설,괸리실,1
11000,노유자시설,교육연구및복시시설,1
03000,제1종근린생활시설,제2종근린및업무시설,1
03000,제1종근린생활시설,수리시설물,1
03000,제1종근린생활시설,농업용작업장,1
03000,제1종근린생활시설,경보망실,1
02000,공동주택,주민휴게,1
,,우사창고,1
03000,제1종근린생활시설,지서청사,1
03000,제1종근린생활시설,제1종근신생활시설,1
11000,노유자시설,삼성경노당,1
03000,제1종근린생활시설,초위관측,1
03000,제1종근린생활시설,남고문,1
18000,창고시설,식,1
03000,제1종근린생활시설,상수도창고,1
03000,제1종근린생활시설,혼합응집지,1
03000,제1종근린생활시설,집선장치용,1
03000,제1종근린생활시설,새마을경로회,1
03000,제1종근린생활시설,직산향교,1
17000,공장,정화조관리사,1
11000,노유자시설,노인복지시설및제1종근생,1
03000,제1종근린생활시설,싸이로장수위실,1
04000,제2종근린생활시설,주차장관리사,1
04000,제2종근린생활시설,3세대가구,1
03000,제1종근린생활시설,어선신고서,1
03000,제1종근린생활시설,야냉육묘장,1
17000,공장,2공업용수오존투입실,1
06000,종교시설,탑전,1
14000,업무시설,급수펌프장,1
09000,의료시설,일반정비고,1
03000,제1종근린생활시설,마을회관샤워장,1
19000,위험물저장및처리시설,문화및집회시설,1
03000,제1종근린생활시설,화산우체국,1
03000,제1종근린생활시설,제조업소및주택,1
01000,단독주택,당류제조장,1
03000,제1종근린생활시설,근린생활시설및위험물저장,1
22000,분뇨.쓰레기처리시설,준설토적치장,1
03000,제1종근린생활시설,송수펌프동및환기구실동,1
03000,제1종근린생활시설,보건소지소,1
21000,동물및식물관련시설,육성비육돈사,1
17000,공장,탈의실및휴게실,1
03000,제1종근린생활시설,배수지관리사무실,1
30000,자원순환관련시설,직원휴계소,1
02000,공동주택,공동관리,1
30000,자원순환관련시설,나동,1
30000,자원순환관련시설,다동,1
03000,제1종근린생활시설,통신용건축물,1
18000,창고시설,밤나무,1
03000,제1종근린생활시설,중신회관,1
07000,판매시설,농수산물간이집하장,1
07000,판매시설,액화석유가스저장고및사무실,1
11000,노유자시설,장애재활치료시설,1
03000,제1종근린생활시설,종합보훈복지회관,1
03000,제1종근린생활시설,봉암리마을회관및경로당,1
Z5000,문화및집회시설,천주교성사,1
03000,제1종근린생활시설,감시초,1
01000,단독주택,농가용주택외,1
04000,제2종근린생활시설,근린생활시설시설및주택,1
04000,제2종근린생활시설,기술강습소,1
17000,공장,전력구,1
04000,제2종근린생활시설,창고양식장및관리사,1
04000,제2종근린생활시설,202동,1
03000,제1종근린생활시설,1종종근린생활시설,1
03000,제1종근린생활시설,관공서,1
04000,제2종근린생활시설,양수펌프장,1
03000,제1종근린생활시설,오촌모정,1
03000,제1종근린생활시설,건설자재판매장,1
03000,제1종근린생활시설,무선통신기지국,1
21000,동물및식물관련시설,창고주택,1
04000,제2종근린생활시설,배차플랜트,1
03000,제1종근린생활시설,해녀탈어장,1
11000,노유자시설,회관및경노당,1
11000,노유자시설,근로자종합복지관,1
03000,제1종근린생활시설,장원노인회관,1
11000,노유자시설,근린공공시설및노유자시설,1
22000,분뇨.쓰레기처리시설,처리시설동,1
03000,제1종근린생활시설,집선장치,1
03000,제1종근린생활시설,부속보일러실,1
03000,제1종근린생활시설,정수장자제창고,1
17000,공장,모타제어실,1
03000,제1종근린생활시설,변환소,1
03000,제1종근린생활시설,하조마을주판장,1
02000,공동주택,지원센터,1
03000,제1종근린생활시설,영업사,1
03000,제1종근린생활시설,근무자실,1
03000,제1종근린생활시설,근린의료시설,1
11000,노유자시설,신암경로당,1
03000,제1종근린생활시설,탈의실및휴계실,1
33000,"국방,군사시설",직장어린이집,1
24000,방송통신시설,창고1,1
03000,제1종근린생활시설,사회복지종합센터,1
04000,제2종근린생활시설,배수지관리사,1
03000,제1종근린생활시설,정읍소방서신태인파출소,1
03000,제1종근린생활시설,주민공용시설,1
03000,제1종근린생활시설,근린생활시설및숙박시설주택,1
03000,제1종근린생활시설,남부도서관,1
03000,제1종근린생활시설,체련단련장,1
03000,제1종근린생활시설,친목회관,1
17000,공장,곡물가공업,1
03000,제1종근린생활시설,사무실및진료실,1
04000,제2종근린생활시설,신도대기소,1
02000,공동주택,가스집합소,1
03000,제1종근린생활시설,농업용부대시설,1
15000,숙박시설,숙당,1
03000,제1종근린생활시설,광역상수도,1
03000,제1종근린생활시설,옥현새마을회관,1
17000,공장,탈동실,1
06000,종교시설,납골실,1
Z6000,판매및영업시설,이용원,1
03000,제1종근린생활시설,안내소1,1
03000,제1종근린생활시설,현인파출소,1
03000,제1종근린생활시설,자활근로대숙소,1
02000,공동주택,어린이놀이시설,1
03000,제1종근린생활시설,우형기사,1
03000,제1종근린생활시설,무선국,1
03000,제1종근린생활시설,정수지동,1
04000,제2종근린생활시설,가정용전렬기구,1
03000,제1종근린생활시설,내삼문,1
03000,제1종근린생활시설,사무실및숙소,1
17000,공장,oil탱크,1
12000,수련시설,직원식당,1
03000,제1종근린생활시설,제1종근린생활시설및점포,1
03000,제1종근린생활시설,훈련주탑,1
Z6000,판매및영업시설,시장장옥,1
02000,공동주택,보육시,1
04000,제2종근린생활시설,차체험장,1
03000,제1종근린생활시설,민원센터,1
20000,자동차관련시설,운전기사실,1
04000,제2종근린생활시설,실험실식당,1
07000,판매시설,재실,1
02000,공동주택,제2종근린,1
03000,제1종근린생활시설,근린근린생활시설및,1
15000,숙박시설,근린생활시설및주택및숙박시설,1
03000,제1종근린생활시설,농촌지소,1
17000,공장,문화집회시설,1
04000,제2종근린생활시설,농산물전시,1
15000,숙박시설,부속주차장,1
Z3000,근린생활시설,주민공동시설,1
01000,단독주택,탕전,1
14000,업무시설,분뇨,1
17000,공장,현장공구실,1
26000,묘지관련시설,영릉정자각,1
15000,숙박시설,보일러실및관리실,1
19000,위험물저장및처리시설,컨테이너,1
15000,숙박시설,133호,1
04000,제2종근린생활시설,전자부품가공공장,1
02000,공동주택,공유인,1
02000,공동주택,키즈파티룸,1
02000,공동주택,경압기실,1
14000,업무시설,재활용폐기물보관시설,1
03000,제1종근린생활시설,경로당등,1
21000,동물및식물관련시설,농업용퇴비사,1
15000,숙박시설,생활형숙박식설,1
03000,제1종근린생활시설,배터리실4,1
21000,동물및식물관련시설,사슴사육장및,1
07000,판매시설,세멘블럭,1
03000,제1종근린생활시설,추곡분기국사,1
03000,제1종근린생활시설,2종근린생활제2종근린생활시설,1
,,및농가창고,1
04000,제2종근린생활시설,유수관련시설,1
18000,창고시설,잡유,1
17000,공장,lgc충전대,1
06000,종교시설,양사체,1
17000,공장,식품보관창고,1
18000,창고시설,탈스기실,1
04000,제2종근린생활시설,농수산가공품,1
01000,단독주택,봉재실,1
03999,기타제1종근린생활시설,일용품점,1
10000,교육연구시설,코치실,1
03000,제1종근린생활시설,무인통신,1
17000,공장,검사대기장,1
04000,제2종근린생활시설,제2제2종근린생활시설및점포,1
04000,제2종근린생활시설,레미콘제조장,1
17000,공장,29123,1
04000,제2종근린생활시설,급수펌푸실,1
04000,제2종근린생활시설,콩나물재배사,1
04000,제2종근린생활시설,실내주차장,1
04000,제2종근린생활시설,휴게실및교육실,1
17000,공장,4호원료공급실,1
18000,창고시설,방사,1
17000,공장,피피윤활유보관소,1
17000,공장,콤퓨레사실,1
04000,제2종근린생활시설,식품가공절임제조업,1
01000,단독주택,1층3가구,1
17000,공장,sda전기실,1
04000,제2종근린생활시설,남이점,1
04010,학원,단독주택,1
15000,숙박시설,구판장,1
17000,공장,회수가스압축기조절실,1
05000,문화및집회시설,사찰정자,1
21000,동물및식물관련시설,학생기숙사,1
17000,공장,어망공장,1
17000,공장,피피촉매관리실,1
10000,교육연구시설,교등학교,1
13000,운동시설,부속,1
26000,묘지관련시설,동물전용의납골시설,1
17000,공장,카센타,1
17000,공장,이륜자동차제조업,1
17000,공장,용접실험실,1
17000,공장,골재하치장,1
17000,공장,제순환압축기실,1
10000,교육연구시설,문화및집회시설및,1
01000,단독주택,주택부엌,1
17000,공장,폐기물분리처리시설,1
17000,공장,일반공장및근린생활시설,1
17000,공장,컨트롤실,1
17000,공장,공장건물,1
17000,공장,수소누기검사장,1
17000,공장,윤활유보관소,1
17000,공장,시멘트벽돌조,1
02000,공동주택,주차장d,1
17000,공장,유용미생물비료제조,1
21000,동물및식물관련시설,계사브로와실,1
17000,공장,렙핑실,1
17000,공장,외부전시관,1
17000,공장,메디칼완제품창고,1
03000,제1종근린생활시설,57호,1
01000,단독주택,94년민박형주택개량,1
17000,공장,공장및분진실,1
17000,공장,쑥가공공장,1
17000,공장,식품용기제조공장,1
03000,제1종근린생활시설,83,1
17000,공장,보일러기기실,1
20000,자동차관련시설,출하실,1
17000,공장,계란가공공장,1
01000,단독주택,93농촌주택개량지원사업,1
21000,동물및식물관련시설,나동기존,1
17000,공장,위험물저장및처리창고,1
17000,공장,공장및집하장,1
17000,공장,장독대보관고,1
13000,운동시설,체험마장,1
17000,공장,공장후생복지시설,1
17000,공장,디엠티닥터룸,1
17000,공장,압고무공장,1
17000,공장,수질오염분석실,1
17000,공장,크링카콤프실,1
17000,공장,비닐공장,1
17000,공장,배터리충전실,1
17000,공장,대기환경오염방지시설,1
17000,공장,경비실및펌프실,1
17000,공장,카놀라유입고장,1
02000,공동주택,교육실1,1
33000,"국방,군사시설",비타실,1
Z9000,공공용시설,농축오니펌프실,1
17000,공장,콜밀,1
17000,공장,바켓트엘리베이터대실,1
17000,공장,경비실1,1
17000,공장,드럼포장공장,1
17000,공장,드럼포장실,1
17000,공장,소방물탱크실,1
17000,공장,변압창고,1
17000,공장,공공근린시설,1
02000,공동주택,작업공방,1
02000,공동주택,창고및계단실,1
17000,공장,폐기물저장시설,1
19000,위험물저장및처리시설,8,1
17000,공장,석탄장,1
17000,공장,버켓엘리베이터실,1
17000,공장,휴게탈의실,1
17000,공장,목재건조장,1
02000,공동주택,기관보육시설,1
04000,제2종근린생활시설,교회교당,1
17000,공장,도자기제조공장,1
17000,공장,현장창고,1
02000,공동주택,강의및토의실,1
04000,제2종근린생활시설,광고사무소,1
03000,제1종근린생활시설,및소매점,1
17000,공장,본관및사무실,1
13000,운동시설,골프연습장관리사,1
20000,자동차관련시설,주공장,1
17000,공장,면및,1
17000,공장,마방직제조,1
17000,공장,본관사무동,1
17000,공장,원맥하역장,1
17000,공장,레미콘생산,1
17000,공장,어분공장,1
12000,수련시설,월계,1
17000,공장,질소저장소,1
17000,공장,수배전공장,1
17000,공장,공장양조장,1
17000,공장,공기송풍실,1
27000,관광휴게시설,비상발전기실,1
01000,단독주택,1종근린샐활시설,1
17000,공장,고추가루공장,1
14000,업무시설,제당,1
17000,공장,동장,1
17000,공장,냉동기데크,1
17000,공장,금전해공장,1
17000,공장,푸렛트홈,1
04000,제2종근린생활시설,공업소,1
01000,단독주택,다중이용시설,1
06000,종교시설,경비실a,1
Z6000,판매및영업시설,교육연구,1
01000,단독주택,선방,1
06000,종교시설,교육연구및복지,1
17000,공장,제2석탄치장판넬실,1
10000,교육연구시설,감독실,1
26000,묘지관련시설,d,1
17000,공장,잡곡가공공장,1
17000,공장,공장및대피소,1
03000,제1종근린생활시설,샤워및세척장,1
17000,공장,농산물가공식품공장,1
17000,공장,에어드라이어셀타,1
17000,공장,스레트공장제관실,1
17000,공장,지하탱크펌프실,1
17000,공장,콤프레샤실3,1
02000,공동주택,어린이놀이실,1
21000,동물및식물관련시설,염소사육장및,1
18000,창고시설,정비장,1
17000,공장,브랜딩싸이로콤푸실,1
17000,공장,일반목적용기계제조업,1
17000,공장,차아황산소다조정실,1
17000,공장,보석가공공장,1
17000,공장,봄에보관창고,1
17000,공장,단독주택및공장,1
18000,창고시설,14동,1
17000,공장,피이발포공장,1
17000,공장,용재창고,1
17000,공장,소강당,1
17000,공장,원수및소화펌프실,1
02000,공동주택,891세대,1
17000,공장,기체여과,1
02000,공동주택,종이제조업,1
04000,제2종근린생활시설,충신문,1
01000,단독주택,91,1
01000,단독주택,89,1
01000,단독주택,제2종근린생활시서설,1
05000,문화및집회시설,간이휴게실,1
20000,자동차관련시설,부속기계실,1
05000,문화및집회시설,수달사,1
,,중각,1
03000,제1종근린생활시설,영업용및제1,1
04000,제2종근린생활시설,화장지,1
11000,노유자시설,주민봉사실,1
02000,공동주택,재활용품보관소a,1
18000,창고시설,종가주택,1
18000,창고시설,샤워실및화장실,1
01000,단독주택,물차고,1
11000,노유자시설,부동산중개업소,1
27000,관광휴게시설,썰매장매표소,1
04000,제2종근린생활시설,주댁,1
17000,공장,창고사무소,1
21000,동물및식물관련시설,양계사및관리사,1
17000,공장,물처리실,1
18000,창고시설,농가용창고및톱밥우사,1
,,전시장및판매장,1
13000,운동시설,직원휴게소,1
18000,창고시설,창고및건조기실,1
18000,창고시설,청소년수련시설,1
21000,동물및식물관련시설,동물및식물관련싯ㄹ,1
01000,단독주택,근린및단독주택,1
21000,동물및식물관련시설,주택ㅇ,1
02003,다세대주택,제2종근린생활시설,1
21000,동물및식물관련시설,공동사무실,1
03000,제1종근린생활시설,옥외변전실,1
01000,단독주택,주택및공공,1
18000,창고시설,희석재창고,1
01000,단독주택,근리생활시설및주택6가구,1
01000,단독주택,체육도장및다가구주택,1
01000,단독주택,수거식변소,1
01000,단독주택,점검실,1
06000,종교시설,죽곡파,1
01000,단독주택,근린생활시설및단독주택1,1
22000,분뇨.쓰레기처리시설,변전소,1
21000,동물및식물관련시설,화훼재배사,1
18000,창고시설,소각로창고,1
01000,단독주택,부설화장실,1
01000,단독주택,의원및주택,1
18000,창고시설,농창,1
18000,창고시설,소매점및창고시설,1
02000,공동주택,5258,1
21000,동물및식물관련시설,화훼용저온저장고,1
01000,단독주택,믈탱크실,1
18000,창고시설,축사및주택,1
03000,제1종근린생활시설,세탁업,1
01000,단독주택,단도주택외1건,1
18000,창고시설,주택및장고,1
21000,동물및식물관련시설,농생산시설,1
17000,공장,7호동,1
17000,공장,정부양곡도정공장,1
20000,자동차관련시설,주차장및제1종근린생활시설,1
21000,동물및식물관련시설,철거폐쇠,1
01000,단독주택,근린생활주택및점포,1
21000,동물및식물관련시설,화초및분재사,1
21000,동물및식물관련시설,수산종묘배양실,1
19000,위험물저장및처리시설,전실,1
01000,단독주택,조작실,1
18000,창고시설,축구장,1
01000,단독주택,다가구주택및미용원,1
21000,동물및식물관련시설,축우사,1
01000,단독주택,주택및식육점,1
17000,공장,honey선별실,1
01000,단독주택,화장실시설,1
21000,동물및식물관련시설,새사육사,1
01000,단독주택,흥학당,1
21000,동물및식물관련시설,축사및축산폐수처리시설,1
01000,단독주택,읍장관사,1
04000,제2종근린생활시설,무도유흥,1
04000,제2종근린생활시설,비가리개,1
23000,교정및군사시설,캐리어,1
01000,단독주택,공동생활가정시설,1
02000,공동주택,어린이학습실,1
07000,판매시설,근린공공,1
02000,공동주택,토목관련예비실,1
17000,공장,보육시설,1
03000,제1종근린생활시설,찜질방및휴게실,1
04000,제2종근린생활시설,농산물특판장,1
17000,공장,mro검수장,1
01000,단독주택,근린생활시설및다가구주택15가구,1
01000,단독주택,영빈관,1
03000,제1종근린생활시설,식료품점외,1
01000,단독주택,냉장칭고,1
18000,창고시설,단지창고,1
21000,동물및식물관련시설,육상양식및관리사,1
21000,동물및식물관련시설,변압기실,1
01000,단독주택,축서,1
01000,단독주택,차전각,1
21000,동물및식물관련시설,양어장부속사및창고,1
03000,제1종근린생활시설,치과병원,1
16000,위락시설,제2근린생활시설,1
21000,동물및식물관련시설,특수동물사육사,1
21000,동물및식물관련시설,사슴방목장,1
01000,단독주택,및위험물저장및처리시설,1
,,공동축사,1
05000,문화및집회시설,재덕당,1
18000,창고시설,사료공장자재창고,1
18000,창고시설,하석마을농기계보관창고,1
21000,동물및식물관련시설,퇴비사및돈사,1
21000,동물및식물관련시설,양송이종묘사,1
11000,노유자시설,장애자물리치료실,1
02000,공동주택,지하저류조기계실,1
18000,창고시설,부속사창고,1
03000,제1종근린생활시설,승객,1
01000,단독주택,행랑및돈사,1
21000,동물및식물관련시설,견사및퇴비사,1
01000,단독주택,단독주택및농가창고,1
21000,동물및식물관련시설,재실,1
21000,동물및식물관련시설,종보배양장,1
17000,공장,115,1
21000,동물및식물관련시설,간이침전조,1
01000,단독주택,감귤관리사,1
21000,동물및식물관련시설,건시장,1
18000,창고시설,창고시설창고,1
04000,제2종근린생활시설,종종재실,1
13000,운동시설,사격통제실,1
04000,제2종근린생활시설,열차물품고,1
21000,동물및식물관련시설,축사분뇨처리사,1
04000,제2종근린생활시설,근린생활외1건,1
04000,제2종근린생활시설,요식및판매시설,1
01000,단독주택,보일러및,1
04000,제2종근린생활시설,해사업무관련시설,1
01000,단독주택,농지전용,1
02000,공동주택,광신연립,1
10000,교육연구시설,농수산업관련시험연구시설,1
01000,단독주택,1층2가구,1
04000,제2종근린생활시설,행정복지센터,1
05000,문화및집회시설,체험실,1
04000,제2종근린생활시설,휴게실및체력단련장,1
01000,단독주택,건물로등기이전할수없음,1
04000,제2종근린생활시설,사황실,1
04000,제2종근린생활시설,통일교회,1
04000,제2종근린생활시설,안식일교회,1
04000,제2종근린생활시설,육각정,1
04000,제2종근린생활시설,정녀비각,1
06000,종교시설,숙소동1,1
17000,공장,mcc기계실,1
06000,종교시설,물치장,1
05000,문화및집회시설,소,1
27000,관광휴게시설,복지후생관,1
17000,공장,농특산물1차가공시설및집하장,1
04000,제2종근린생활시설,도시계획시설,1
05000,문화및집회시설,주차매표소1,1
14000,업무시설,출하괸리실,1
04000,제2종근린생활시설,2종근린및단독주택,1
04000,제2종근린생활시설,병원및근린생활시설,1
03000,제1종근린생활시설,부동산중개업,1
27000,관광휴게시설,전시판매장,1
04000,제2종근린생활시설,예배실및,1
10000,교육연구시설,히트펌프실1,1
02000,공동주택,1653,1
Z3000,근린생활시설,식품및환경위생시설,1
Z8000,교육연구및복지시설,사설강습소,1
17000,공장,집회시설및공장시설,1
04000,제2종근린생활시설,어선간이수리소,1
02000,공동주택,골프트레이닝센터,1
17000,공장,기타실,1
06000,종교시설,문중관리사,1
04000,제2종근린생활시설,즉석판매제조,1
13000,운동시설,기타제2종근린생활시설,1
02000,공동주택,일자리센터,1
04000,제2종근린생활시설,공중목욕시설,1
04000,제2종근린생활시설,요사체및보일러실,1
18000,창고시설,전화국,1
17000,공장,촉매저장고,1
06000,종교시설,왕의영당,1
22000,분뇨.쓰레기처리시설,톱밥처리장,1
04000,제2종근린생활시설,청소년공부방,1
04000,제2종근린생활시설,모터실,1
02000,공동주택,오피스텔19실,1
02000,공동주택,원룸형아파트29세대,1
04000,제2종근린생활시설,연사제조및기타방적업,1
01000,단독주택,다ㄱ가구,1
04000,제2종근린생활시설,금속가공제품제조업,1
05000,문화및집회시설,사진관동,1
04000,제2종근린생활시설,강판제조업소,1
03000,제1종근린생활시설,녹색체험관,1
04000,제2종근린생활시설,당산집,1
04000,제2종근린생활시설,제1부속사,1
04000,제2종근린생활시설,화수정,1
04000,제2종근린생활시설,봉사회관,1
04000,제2종근린생활시설,덕림사,1
04000,제2종근린생활시설,외인사무실,1
03000,제1종근린생활시설,가평1리,1
Z6000,판매및영업시설,도소매시장,1
17000,공장,위생용종이용기제조업,1
17000,공장,154k,1
05000,문화및집회시설,서예전시실,1
05000,문화및집회시설,정수장및경비초소,1
05000,문화및집회시설,국립대구박물관,1
17000,공장,미생물조,1
22000,분뇨.쓰레기처리시설,건조장,1
01000,단독주택,야외탁구장,1
01000,단독주택,교육연구및연구시설,1
04000,제2종근린생활시설,프라스틱정화조,1
05000,문화및집회시설,어민복지회관,1
03000,제1종근린생활시설,옷가게,1
02000,공동주택,다이닝,1
17000,공장,ep공장,1
17000,공장,가스모듈실2,1
05000,문화및집회시설,장대,1
15000,숙박시설,145호,1
21000,동물및식물관련시설,육우사,1
05000,문화및집회시설,효자비각,1
05000,문화및집회시설,승마장매표소,1
02000,공동주택,관리사택,1
02000,공동주택,단지형단지형,1
11000,노유자시설,할머니회관,1
05000,문화및집회시설,강고사,1
04000,제2종근린생활시설,방범,1
20000,자동차관련시설,마을주차장,1
18000,창고시설,특산품가공작업장,1
17000,공장,약품저장실,1
22000,분뇨.쓰레기처리시설,후숙및포장시설,1
01000,단독주택,지하창고및,1
03000,제1종근린생활시설,교육장및,1
04000,제2종근린생활시설,조립식판넬생산작업장,1
04000,제2종근린생활시설,교욱연구시설,1
03000,제1종근린생활시설,2종근린생활시설외3종,1
22000,분뇨.쓰레기처리시설,재활용품저장,1
20000,자동차관련시설,근린생활시설외1용도,1
20000,자동차관련시설,장갑차정비고,1
02000,공동주택,162,1
01000,단독주택,주택및2종근생시설,1
08000,운수시설,관리청,1
13000,운동시설,연수시설,1
06000,종교시설,집회동,1
03000,제1종근린생활시설,쌀양조장,1
17000,공장,제작동,1
17000,공장,연성플라스틱발포성형,1
17000,공장,식품제조실,1
02000,공동주택,소매,1
20000,자동차관련시설,운전교습소,1
04000,제2종근린생활시설,근리생활시설및다가구주택,1
22000,분뇨.쓰레기처리시설,휀실,1
10000,교육연구시설,연,1
20000,자동차관련시설,차동차수리소,1
20000,자동차관련시설,공해공장사무실,1
01000,단독주택,주택및김건조장,1
04000,제2종근린생활시설,계단실물탱크실,1
17000,공장,e상차장,1
17000,공장,가금류,1
20000,자동차관련시설,대기실및창고,1
17000,공장,선박엔진수리소,1
10000,교육연구시설,승강기홀,1
03000,제1종근린생활시설,모의,1
21000,동물및식물관련시설,전복종묘및축양,1
22000,분뇨.쓰레기처리시설,통합관리센터,1
22000,분뇨.쓰레기처리시설,건조발효상,1
22000,분뇨.쓰레기처리시설,농축기계동,1
04000,제2종근린생활시설,공예창고,1
14000,업무시설,보호소,1
22000,분뇨.쓰레기처리시설,음폐수처리동,1
20000,자동차관련시설,직원휴게소,1
22000,분뇨.쓰레기처리시설,예기물처리장,1
17000,공장,물,1
01000,단독주택,식품가공업,1
13000,운동시설,원두막,1
11000,노유자시설,공조실,1
03000,제1종근린생활시설,vtr,1
22000,분뇨.쓰레기처리시설,부뇨및쓰레기처리시설,1
20000,자동차관련시설,자동차관련및근린생활시설,1
33000,"국방,군사시설",기타국방,1
18000,창고시설,b,1
22000,분뇨.쓰레기처리시설,사료처리장,1
22000,분뇨.쓰레기처리시설,전송설비실,1
01000,단독주택,다가구및주차장,1
18000,창고시설,오산농협,1
20000,자동차관련시설,건축물부설주차장,1
14000,업무시설,경매장,1
03000,제1종근린생활시설,석공업,1
03000,제1종근린생활시설,피부관리시설,1
Z3000,근린생활시설,대문및홀,1
17000,공장,승용차수정공장,1
17000,공장,ps가공공장,1
17000,공장,택배보관실,1
02000,공동주택,제2종생활시설,1
03000,제1종근린생활시설,성게제조장,1
22000,분뇨.쓰레기처리시설,페기물재활용시설,1
,,외1,1
17000,공장,진공탈수기실,1
20000,자동차관련시설,주유관리실,1
17000,공장,pkg,1
01000,단독주택,유류저장,1
22000,분뇨.쓰레기처리시설,쓰레기적환시설,1
22000,분뇨.쓰레기처리시설,생활쓰레기분리작업장관리사,1
17000,공장,개폐소1,1
02000,공동주택,지층관리사무소,1
14000,업무시설,업무및창고시설,1
17000,공장,약품창공,1
17000,공장,옥외보관장,1
19000,위험물저장및처리시설,가스탱크,1
01000,단독주택,a세대,1
17000,공장,헬륨,1
01000,단독주택,주택및화실,1
04000,제2종근린생활시설,식품제조가공장,1
02000,공동주택,114세대,1
17000,공장,일반제품생산,1
22000,분뇨.쓰레기처리시설,교반식돈분처리장,1
17000,공장,pia창고필로티,1
20000,자동차관련시설,자동차사무실,1
18000,창고시설,마늘건가,1
30000,자원순환관련시설,체험관,1
29000,장례시설,정화조계단실,1
22000,분뇨.쓰레기처리시설,신축,1
03000,제1종근린생활시설,공용하기초,1
22000,분뇨.쓰레기처리시설,주경비동,1
19000,위험물저장및처리시설,위험물저장실및처리시설,1
01000,단독주택,개량대상자,1
02000,공동주택,그룹스터디실,1
13000,운동시설,소기계실,1
18000,창고시설,사슴관리사,1
04000,제2종근린생활시설,유료주차장,1
17000,공장,송풍기및환풍기제조업,1
20000,자동차관련시설,골재투입장,1
03000,제1종근린생활시설,일반목재가구제조,1
10000,교육연구시설,부속지원동,1
17000,공장,시험기구실,1
03000,제1종근린생활시설,소화수조,1
17000,공장,안전팀자재창고,1
33000,"국방,군사시설",가압,1
04000,제2종근린생활시설,목재가공,1
,,북2사권양기실,1
03000,제1종근린생활시설,사감실,1
,,시장점포,1
,,오수중계펌프장,1
19000,위험물저장및처리시설,위험물저저장및처리시설,1
18000,창고시설,농업용자재보관,1
,,인공수정소사무실,1
,,교랑감시소,1
02000,공동주택,푸드뱅크마켓,1
,,물래방아,1
,,저장물,1
03000,제1종근린생활시설,주막동,1
18000,창고시설,예냉저온창고,1
01000,단독주택,91년도주택개량사업주택,1
19000,위험물저장및처리시설,정화조,1
02000,공동주택,도시형생활주택형,1
06000,종교시설,2종근,1
17000,공장,재단공장,1
19000,위험물저장및처리시설,엘피지하우스,1
17000,공장,b동열펌프압축기동,1
03000,제1종근린생활시설,영업및,1
Z8000,교육연구및복지시설,화장실동,1
03000,제1종근린생활시설,가납3리마을회관,1
19000,위험물저장및처리시설,준위험물제조소,1
17000,공장,j2,1
18000,창고시설,제제조,1
18000,창고시설,장미보관,1
02000,공동주택,단지형단세대,1
17000,공장,청소기보관대,1
19000,위험물저장및처리시설,위험물충전소,1
04000,제2종근린생활시설,경매실,1
20000,자동차관련시설,판금,1
19000,위험물저장및처리시설,주유소관리사,1
02000,공동주택,2펌프실,1
07000,판매시설,수위실동,1
02000,공동주택,전체공용,1
01000,단독주택,제1ㆍ2종,1
02000,공동주택,1102동,1
,,농가단독주택및창고,1
17000,공장,석유화학제품제조공장,1
01000,단독주택,의사숙소,1
08000,운수시설,원능역부속사,1
,,농가주택및근린생활시설,1
07000,판매시설,묘목판매온실,1
,,근린생활시설점포,1
,,방송중계시설,1
02000,공동주택,전기실108동,1
19000,위험물저장및처리시설,터보콤프레샤쉘타,1
22000,분뇨.쓰레기처리시설,집하시설,1
02000,공동주택,그리너리스튜디오,1
17000,공장,pcs,1
,,면대,1
07000,판매시설,대해시장,1
03000,제1종근린생활시설,식품판매,1
Z3000,근린생활시설,농기계창고,1
07000,판매시설,의류판매시설,1
19000,위험물저장및처리시설,축사,1
13000,운동시설,1건,1
04000,제2종근린생활시설,야채효소,1
27000,관광휴게시설,광광휴게시설,1
11000,노유자시설,강당및,1
02000,공동주택,비이동,1
04000,제2종근린생활시설,위험물처리시설외,1
01000,단독주택,3실,1
11101,유치원,유치원,1
21000,동물및식물관련시설,농자재,1
04000,제2종근린생활시설,장아찌,1
17000,공장,사무실및보일러실및창고,1
09000,의료시설,폐수보관실,1
02000,공동주택,단독형,1
13000,운동시설,기계식주차타워,1
04000,제2종근린생활시설,업무시설3개층,1
10000,교육연구시설,시흥시,1
04000,제2종근린생활시설,일반철골구조,1
06000,종교시설,대승교회,1
06000,종교시설,정화조,1
04000,제2종근린생활시설,공장및제2종근린생활시설,1
06000,종교시설,수위실및숙소,1
01000,단독주택,춘분건조장,1
04000,제2종근린생활시설,예수교전도관,1
17000,공장,마루덮개및유사제품제조업,1
04000,제2종근린생활시설,노유자시설및단독주택,1
18000,창고시설,소토장,1
04000,제2종근린생활시설,무자각,1
04000,제2종근린생활시설,놀이형시설기계실2,1
17000,공장,벤처프랜트,1
04000,제2종근린생활시설,축사및창고,1
06000,종교시설,밧데리실,1
20000,자동차관련시설,다방,1
17000,공장,재료시험실및창고,1
03000,제1종근린생활시설,상수도전기스위치,1
06000,종교시설,교회및목사관,1
04000,제2종근린생활시설,산식각,1
04000,제2종근린생활시설,도덕회관,1
17000,공장,수압테스트기,1
06000,종교시설,종교용지,1
04000,제2종근린생활시설,아파트내근린생활시설,1
18000,창고시설,수리점창고,1
14000,업무시설,주차장및대피소,1
04000,제2종근린생활시설,농수산물가공업소,1
04000,제2종근린생활시설,교회부속시설,1
04000,제2종근린생활시설,식당및휴게실,1
18000,창고시설,건조장및,1
10000,교육연구시설,복분자육종자원실,1
04000,제2종근린생활시설,호암사,1
17000,공장,저수탱크,1
04000,제2종근린생활시설,농기구수리창고,1
18000,창고시설,수산물제조업소,1
20000,자동차관련시설,독서실,1
20000,자동차관련시설,목욕실,1
04000,제2종근린생활시설,서원관리사,1
06000,종교시설,조립식판넬,1
08000,운수시설,제2전기실,1
04000,제2종근린생활시설,택배사무실,1
04000,제2종근린생활시설,제각용출입문,1
04000,제2종근린생활시설,해태건조공장,1
04000,제2종근린생활시설,월당,1
17000,공장,슥소,1
04000,제2종근린생활시설,단독주택제2종근린생활시설,1
04000,제2종근린생활시설,선별작업장,1
06000,종교시설,제사용건물,1
04000,제2종근린생활시설,농기게수리점,1
04000,제2종근린생활시설,게이트볼관리실,1
17000,공장,샘프링,1
04000,제2종근린생활시설,도자기가마,1
04000,제2종근린생활시설,원장실,1
10000,교육연구시설,교직원화장실,1
04000,제2종근린생활시설,근린생활시설및물치,1
18000,창고시설,종업원,1
14000,업무시설,오피스텔기계,1
02000,공동주택,창의센터a,1
04000,제2종근린생활시설,해양센타,1
14000,업무시설,ups실,1
02000,공동주택,재활용센타,1
04000,제2종근린생활시설,밀양박씨종실,1
04000,제2종근린생활시설,양파제조,1
03000,제1종근린생활시설,제2즙,1
04000,제2종근린생활시설,만두제조공장,1
02000,공동주택,주변전실,1
04000,제2종근린생활시설,어린이놀이터관리실,1
04000,제2종근린생활시설,단층주택,1
04000,제2종근린생활시설,숙박시설및근린생활시설,1
04000,제2종근린생활시설,노인당관리사,1
04000,제2종근린생활시설,제1제2종근린생활시,1
04000,제2종근린생활시설,식당및휴계소,1
02000,공동주택,관리사무소창고,1
15000,숙박시설,사무실2층,1
04000,제2종근린생활시설,법당및주택,1
01000,단독주택,금형및관련제품제조업,1
04000,제2종근린생활시설,제2종근린생활시설및축사,1
17000,공장,악기제조,1
04000,제2종근린생활시설,시멘트하역장,1
03000,제1종근린생활시설,56,1
04000,제2종근린생활시설,발방앗간,1
04000,제2종근린생활시설,두부제조공장,1
17000,공장,연사제로,1
17000,공장,벽돌및,1
04000,제2종근린생활시설,농기계공동수리점,1
04000,제2종근린생활시설,주택과근린생활시설,1
04000,제2종근린생활시설,분만,1
04000,제2종근린생활시설,마을공동창고,1
17000,공장,기계실및방풍실,1
06000,종교시설,신실,1
04000,제2종근린생활시설,토산식품점,1
17000,공장,냉장및냉동창고,1
04000,제2종근린생활시설,목재건구제조업소,1
04000,제2종근린생활시설,미역1차간이처리장,1
01000,단독주택,어류사료보관창고,1
04000,제2종근린생활시설,모정식실외,1
04000,제2종근린생활시설,수호사,1
01000,단독주택,위험물쉬급소,1
05000,문화및집회시설,옹기체험장,1
17000,공장,tms분석실,1
17000,공장,금속탱크,1
05000,문화및집회시설,객석상부,1
04000,제2종근린생활시설,일반주택및일부식당,1
02000,공동주택,꿈나무도서관,1
10000,교육연구시설,급수시설,1
17000,공장,제2차,1
04000,제2종근린생활시설,디자인작업실,1
04000,제2종근린생활시설,제조장및부속시설,1
14000,업무시설,12가구,1
06000,종교시설,선원보각,1
04000,제2종근린생활시설,영양센타,1
06000,종교시설,재실부속사,1
04000,제2종근린생활시설,제2종근린생활시설및세차장,1
10000,교육연구시설,교육연수원강당,1
04000,제2종근린생활시설,회실,1
04000,제2종근린생활시설,빵제조공장,1
04000,제2종근린생활시설,국수건조실,1
04000,제2종근린생활시설,목공공구수리점,1
06000,종교시설,교부실,1
Z3000,근린생활시설,주차시설,1
04000,제2종근린생활시설,펌프,1
04000,제2종근린생활시설,제락,1
04000,제2종근린생활시설,농업생산가공시설,1
17000,공장,주유원대기실,1
18000,창고시설,회관및,1
18000,창고시설,94정주권사업대상,1
06000,종교시설,관리인숙사,1
04000,제2종근린생활시설,실내교육장,1
01000,단독주택,창고잠실,1
Z8000,교육연구및복지시설,제1종근생,1
06000,종교시설,교회전도관,1
01000,단독주택,농가주택개랭융자분,1
04000,제2종근린생활시설,근린생활시설및금융업소,1
02000,공동주택,관리사무소및상가,1
01000,단독주택,물뭉치장,1
17000,공장,산업용냉장및냉동장비제조업,1
01000,단독주택,가정용주택,1
18000,창고시설,차고사무실,1
17000,공장,tms쉘터,1
21000,동물및식물관련시설,키조개종묘장,1
01000,단독주택,운치장,1
01000,단독주택,주택및집회시설,1
04000,제2종근린생활시설,바비큐장,1
18000,창고시설,주방및창고,1
19000,위험물저장및처리시설,유독물판매,1
18000,창고시설,창고및작업장및저온저장창고,1
12000,수련시설,학생,1
01000,단독주택,단독주택ㆍ제2종근린생활시설,1
01000,단독주택,농산물가공공장,1
21000,동물및식물관련시설,위탁영농센타,1
18000,창고시설,농기계작업장,1
15000,숙박시설,2종근생및숙박시설및단독주택,1
01000,단독주택,주택및애견사,1
21000,동물및식물관련시설,칠면조,1
03000,제1종근린생활시설,샤워탈의실,1
01000,단독주택,변소및차옥,1
Z3000,근린생활시설,정화조,1
04000,제2종근린생활시설,농산물직판장및,1
18000,창고시설,계란저장창고,1
01000,단독주택,제1종및주택,1
17000,공장,피니쉬,1
17000,공장,사무실및보관실,1
18000,창고시설,마늘건조용창고,1
01000,단독주택,김금산,1
01000,단독주택,근린생활시설및다가구주택용단독주택,1
01000,단독주택,관리인사택,1
01000,단독주택,야외부엌,1
01000,단독주택,사원크럽,1
17000,공장,금속공작물제조업,1
Z5000,문화및집회시설,교회예배당,1
21000,동물및식물관련시설,톱밥건조장,1
21000,동물및식물관련시설,저수탱크,1
16000,위락시설,외4,1
01000,단독주택,주택및근린생활시설및위험물저장및처리시설,1
18000,창고시설,농기구정비고,1
01000,단독주택,건종고,1
01000,단독주택,94농촌주거환경개선사업임,1
04000,제2종근린생활시설,공예품작업장,1
01000,단독주택,단독주택및부설주차장,1
10000,교육연구시설,육묘온실,1
21000,동물및식물관련시설,농사시설,1
21000,동물및식물관련시설,화초재배온실,1
10000,교육연구시설,제3기숙사,1
01000,단독주택,근생및다가구용단독주택및위락시설,1
17000,공장,단층사무실,1
21000,동물및식물관련시설,유리온실및관리사,1
01000,단독주택,주택및목욕탕,1
03000,제1종근린생활시설,농산물검사소,1
18000,창고시설,농업용냉동창구,1
18000,창고시설,산불차량차고지,1
03000,제1종근린생활시설,학원및,1
18000,창고시설,창고및계사,1
18000,창고시설,격랍고,1
18000,창고시설,체육시설,1
18000,창고시설,트라스,1
21000,동물및식물관련시설,안개분무실,1
18000,창고시설,주택및냉동창고,1
17000,공장,gas저장소,1
17000,공장,제품저장창고,1
18000,창고시설,수산물저온저장창고,1
18000,창고시설,농삼물보관창고,1
04000,제2종근린생활시설,특산물생산,1
03000,제1종근린생활시설,북논현,1
06000,종교시설,지혜전,1
04000,제2종근린생활시설,농산물제조가공시설,1
04000,제2종근린생활시설,공원관리사,1
04000,제2종근린생활시설,제분소및,1
18000,창고시설,벌크하화장,1
19000,위험물저장및처리시설,취급,1
04000,제2종근린생활시설,문화및집회시설외1,1
30000,자원순환관련시설,폐수종말,1
04000,제2종근린생활시설,묵제조장,1
04000,제2종근린생활시설,입국실,1
14000,업무시설,사우,1
04000,제2종근린생활시설,연무관도장,1
04000,제2종근린생활시설,기술연구소,1
04000,제2종근린생활시설,영선사무소,1
11000,노유자시설,다락,1
04000,제2종근린생활시설,식품등제조판매점,1
04000,제2종근린생활시설,망모당,1
04000,제2종근린생활시설,산제당,1
04000,제2종근린생활시설,단독주제2종근린생활시설택,1
04000,제2종근린생활시설,수래정,1
04000,제2종근린생활시설,전화기재실,1
01000,단독주택,6세대다가구용,1
01000,단독주택,보일러실및계단실,1
02000,공동주택,커뮤니티2,1
06000,종교시설,아파트,1
10000,교육연구시설,예,1
14000,업무시설,287호,1
02000,공동주택,변압기실,1
14000,업무시설,358호,1
03000,제1종근린생활시설,사무실및제2종근린생활시설,1
04000,제2종근린생활시설,장류작업장,1
04000,제2종근린생활시설,농기계정비소,1
04000,제2종근린생활시설,농산물식품제조업소,1
04000,제2종근린생활시설,농촌지도소사무실,1
04000,제2종근린생활시설,위락시설등,1
06000,종교시설,방산굴,1
11000,노유자시설,경로복지관,1
04000,제2종근린생활시설,근생및점포,1
06000,종교시설,학동교회,1
04000,제2종근린생활시설,민박시설,1
04000,제2종근린생활시설,사찰불당,1
06000,종교시설,문화및집회시설및제1종근린생활시설,1
21000,동물및식물관련시설,가스창고,1
17000,공장,액화기,1
04000,제2종근린생활시설,관리숙사,1
01000,단독주택,건축신고,1
04000,제2종근린생활시설,수리교육장,1
04000,제2종근린생활시설,제2종근린생활시설및판매및영업시설,1
20000,자동차관련시설,건설기계관련,1
06000,종교시설,동제사,1
04000,제2종근린생활시설,샷시제작,1
04000,제2종근린생활시설,근린생활시설다가구주택,1
04000,제2종근린생활시설,식품제조업시설,1
18000,창고시설,축사외1,1
04000,제2종근린생활시설,펠렛제조시설,1
20000,자동차관련시설,자동차관련시설판매시설,1
06000,종교시설,제각제실,1
17000,공장,소형lng정압기실,1
04000,제2종근린생활시설,블록구조,1
02000,공동주택,우수조실,1
04000,제2종근린생활시설,수리업소,1
04000,제2종근린생활시설,충의관,1
06000,종교시설,종교및교육연구시설및주택,1
04000,제2종근린생활시설,종교집회장및주택,1
04000,제2종근린생활시설,지함제조업,1
04000,제2종근린생활시설,광업부대시설,1
04000,제2종근린생활시설,다목적트레이닝장,1
,,1층,1
04000,제2종근린생활시설,관광버스차고지,1
02000,공동주택,공동주택택,1
18000,창고시설,상수도취수장,1
06000,종교시설,약사정,1
10000,교육연구시설,도서관및,1
04000,제2종근린생활시설,종교시설요사체,1
10000,교육연구시설,마을공동작업소,1
04000,제2종근린생활시설,숙박시설및제2종근린생활시설,1
14000,업무시설,중계시설,1
04000,제2종근린생활시설,노유자및근린시설,1
02000,공동주택,연립주택9세대,1
04000,제2종근린생활시설,의약품제조장,1
04000,제2종근린생활시설,단란주점및주택,1
30000,자원순환관련시설,자원화시설,1
04000,제2종근린생활시설,일반음식점및학원,1
06000,종교시설,목자관,1
04000,제2종근린생활시설,용궁전,1
18000,창고시설,영업소제분실,1
10000,교육연구시설,상무관,1
04000,제2종근린생활시설,통신사무실,1
21000,동물및식물관련시설,단독주택및창고시설,1
04000,제2종근린생활시설,자미사,1
10000,교육연구시설,연소시험동,1
04000,제2종근린생활시설,전통음식체험관,1
04000,제2종근린생활시설,존애원,1
04000,제2종근린생활시설,김치공장,1
01000,단독주택,수리점및사무소,1
04000,제2종근린생활시설,탕제실,1
05000,문화및집회시설,위생실,1
06000,종교시설,법당및창고,1
27000,관광휴게시설,서비스창고,1
21000,동물및식물관련시설,물치장주택,1
17000,공장,가정용프라스틱,1
03000,제1종근린생활시설,목욕탕및근린생활시설및주택,1
04000,제2종근린생활시설,유아보육시설,1
04000,제2종근린생활시설,콘테이너제작판매소,1
04000,제2종근린생활시설,화장실3동,1
04000,제2종근린생활시설,양묘사업소,1
02000,공동주택,전,1
15000,숙박시설,103,1
04000,제2종근린생활시설,카인테리어점,1
04000,제2종근린생활시설,초연정,1
06000,종교시설,천주교회부속건물,1
04000,제2종근린생활시설,엘이베이터,1
05000,문화및집회시설,제1종긍린생활시설,1
,,엘리베이터,1
06000,종교시설,강당및기숙사,1
04000,제2종근린생활시설,아파트관리실,1
22000,분뇨.쓰레기처리시설,오수정화조기계시설,1
04000,제2종근린생활시설,제2근린생활시설및단독주택,1
04000,제2종근린생활시설,개표소,1
03000,제1종근린생활시설,회의실및창고,1
04000,제2종근린생활시설,음료제조판매장,1
17000,공장,이재물처리창고,1
04000,제2종근린생활시설,교회별관,1
04000,제2종근린생활시설,성하신당,1
02000,공동주택,주거형,1
23000,교정및군사시설,b동,1
04000,제2종근린생활시설,제2종근린생할,1
04000,제2종근린생활시설,축구장휴게실샤워장,1
18000,창고시설,타이어창고,1
04000,제2종근린생활시설,게이트볼,1
04000,제2종근린생활시설,풍로장,1
17000,공장,v공장,1
17000,공장,hp변전실,1
18000,창고시설,에이치동,1
04000,제2종근린생활시설,제2종그림생활시설,1
17000,공장,3217,1
01000,단독주택,및계사,1
05000,문화및집회시설,기타관람장,1
04000,제2종근린생활시설,건조장및창고,1
05000,문화및집회시설,생가,1
02000,공동주택,975,1
02000,공동주택,원룸형도시형생활주택24세대,1
02000,공동주택,mdf설,1
04000,제2종근린생활시설,천막제조업소,1
04000,제2종근린생활시설,농촌체험장,1
04000,제2종근린생활시설,공장겸창고,1
21000,동물및식물관련시설,우분,1
04000,제2종근린생활시설,제3합숙소,1
06000,종교시설,오백전,1
03000,제1종근린생활시설,전통찻집및소품판매점,1
04000,제2종근린생활시설,노래연습장및사무소,1
04000,제2종근린생활시설,사료제조공장,1
04000,제2종근린생활시설,교회용,1
03000,제1종근린생활시설,식품소분판매접,1
02000,공동주택,다세대및,1
02000,공동주택,사회적,1
04000,제2종근린생활시설,제1종근린생활및교육연구시설,1
02000,공동주택,파머스센터,1
02000,공동주택,홈스쿨링센터,1
04000,제2종근린생활시설,강씨정각,1
Z8000,교육연구및복지시설,콘테이너,1
04000,제2종근린생활시설,미화관리소,1
04000,제2종근린생활시설,단독주택및사무소,1
04000,제2종근린생활시설,감식초제조공장,1
04000,제2종근린생활시설,신실,1
,,분류되지않는,1
17000,공장,판넬,1
21000,동물및식물관련시설,12동,1
,,한의원,1
05000,문화및집회시설,부락공동이용시설,1
06000,종교시설,미륵당,1
04000,제2종근린생활시설,구락부,1
01000,단독주택,감시소,1
18000,창고시설,폐기물처리장,1
04000,제2종근린생활시설,제각부속창고,1
06000,종교시설,기독교회,1
04000,제2종근린생활시설,참선기도도장,1
04000,제2종근린생활시설,일반반음식점,1
04000,제2종근린생활시설,근린생활시설및업무시설및주택,1
25000,발전시설,lng,1
04000,제2종근린생활시설,대증음식점,1
Z3000,근린생활시설,위험물저장및,1
04000,제2종근린생활시설,농가마을문고,1
04000,제2종근린생활시설,와인저장고,1
17000,공장,통로i,1
05000,문화및집회시설,기상레이더전시관,1
02000,공동주택,휘트니트센타,1
03000,제1종근린생활시설,혜화파출소,1
11000,노유자시설,교육연구및노유자시설,1
18000,창고시설,매표소,1
04000,제2종근린생활시설,천황사,1
01000,단독주택,농기계보관,1
03000,제1종근린생활시설,정신보건센터및건강증진실,1
03000,제1종근린생활시설,치수장,1
19000,위험물저장및처리시설,샤프트배전반실,1
11000,노유자시설,마을화관,1
11000,노유자시설,주야간보호서비스,1
18000,창고시설,경로회관,1
03000,제1종근린생활시설,근린생활시설및미용원,1
06000,종교시설,예배원,1
02000,공동주택,8607,1
03000,제1종근린생활시설,제1종근린생활시설및위락시설,1
03000,제1종근린생활시설,교육연구및복지시설외1,1
03000,제1종근린생활시설,쇼핑센터공동변소,1
22000,분뇨.쓰레기처리시설,수전동,1
22000,분뇨.쓰레기처리시설,비료화시설,1
03000,제1종근린생활시설,대청면사무소,1
03000,제1종근린생활시설,대기질측정소,1
03000,제1종근린생활시설,다목적마을부녀회관,1
03000,제1종근린생활시설,조동신호장본체,1
03000,제1종근린생활시설,변전반실,1
11000,노유자시설,노인회관및회의실,1
03000,제1종근린생활시설,점포및이용소,1
17000,공장,rbc정화조,1
13000,운동시설,휴게파고라,1
03000,제1종근린생활시설,망원1동주민센터,1
03000,제1종근린생활시설,정수장관리시설,1
04000,제2종근린생활시설,일부창고,1
03000,제1종근린생활시설,연대본부,1
03000,제1종근린생활시설,신창복지회관,1
03000,제1종근린생활시설,통신공사세도분기국사,1
11000,노유자시설,노인정및회의실,1
03000,제1종근린생활시설,오니중계펌프실외,1
03000,제1종근린생활시설,노천휴게소,1
11000,노유자시설,계민경로당,1
17000,공장,화입실,1
03000,제1종근린생활시설,두라분기국가,1
03000,제1종근린생활시설,주차장및근린생활시설,1
03000,제1종근린생활시설,모타펌프장,1
03000,제1종근린생활시설,수산물가공시설,1
17000,공장,제조설비,1
02000,공동주택,유류탱크실,1
11000,노유자시설,노인정및사무실,1
03000,제1종근린생활시설,공동작업장및건조장,1
04000,제2종근린생활시설,대웅정,1
01000,단독주택,과일창고,1
03000,제1종근린생활시설,정신의원,1
17000,공장,수산물제조공장및냉동공장,1
03000,제1종근린생활시설,종자창고,1
01000,단독주택,이동탱크차고,1
03000,제1종근린생활시설,경로당및모정,1
03000,제1종근린생활시설,수협관사,1
03000,제1종근린생활시설,근린생활시설및연립주택,1
17000,공장,염소압축기실,1
03000,제1종근린생활시설,제1종근린생활시설및야영장시설,1
01000,단독주택,벽체무,1
03000,제1종근린생활시설,제1종근린생활및창고,1
03000,제1종근린생활시설,전력수전실,1
11000,노유자시설,새마을노인당,1
19000,위험물저장및처리시설,lpg저장실,1
03000,제1종근린생활시설,간석1동파출소,1
03000,제1종근린생활시설,청송상수도취수장시설,1
04000,제2종근린생활시설,농기구수리제조업,1
17000,공장,열량분석실,1
19000,위험물저장및처리시설,15가스저장고,1
27000,관광휴게시설,치유센타,1
03000,제1종근린생활시설,방역대,1
04000,제2종근린생활시설,식당욕실및변소,1
03000,제1종근린생활시설,대대본부,1
03000,제1종근린생활시설,마을공동농기보관창고,1
03000,제1종근린생활시설,공장및제1종근린생활시설,1
03000,제1종근린생활시설,농가주택및제2종근린생활시설,1
03000,제1종근린생활시설,18,1
10000,교육연구시설,주유시설,1
05000,문화및집회시설,분사,1
17000,공장,쥐포가공공장,1
17000,공장,저항기실,1
17000,공장,환원슬래그창고,1
03000,제1종근린생활시설,예비군정신교육관,1
17000,공장,절단실,1
17000,공장,변졍실,1
18000,창고시설,농특산물,1
17000,공장,온실동,1
17000,공장,박타실,1
17000,공장,약품탱크보관창고,1
17000,공장,실린더헤드공장,1
17000,공장,가스용기저장소,1
14000,업무시설,공원휴게실,1
20000,자동차관련시설,하체부,1
17000,공장,유압자재적치장,1
05000,문화및집회시설,미륵사지,1
19000,위험물저장및처리시설,근생2종,1
17000,공장,증류철골,1
17000,공장,부속물탱크실,1
01000,단독주택,19가구용다가구주택,1
18000,창고시설,문화관,1
01000,단독주택,및제,1
04000,제2종근린생활시설,물수건처리장,1
17000,공장,전기절연바니쉬,1
30000,자원순환관련시설,구내식당,1
02000,공동주택,시멘트벽돌조,1
03000,제1종근린생활시설,정의제실,1
02000,공동주택,지하대기실,1
03000,제1종근린생활시설,제외,1
02000,공동주택,맘앤키즈클럽,1
10000,교육연구시설,사택1동,1
19000,위험물저장및처리시설,액화석유가스총전소,1
03000,제1종근린생활시설,분기,1
17000,공장,정비센터,1
10000,교육연구시설,밸브동,1
10000,교육연구시설,공조기계실,1
14000,업무시설,주차장시설,1
19000,위험물저장및처리시설,관리,1
02000,공동주택,주차장및다세대주택,1
01000,단독주택,단독주택및2종근생,1
17000,공장,운송출하센터,1
21000,동물및식물관련시설,환풍기계실,1
33000,"국방,군사시설",교육지원시설,1
04000,제2종근린생활시설,성인전자유기장,1
04000,제2종근린생활시설,v시설,1
18000,창고시설,간이하치장,1
26000,묘지관련시설,국군묘지관리사,1
19000,위험물저장및처리시설,주유소관련시설,1
23000,교정및군사시설,중대본부,1
04000,제2종근린생활시설,1층단독주택,1
18000,창고시설,통신장비운영실,1
10000,교육연구시설,2건,1
05000,문화및집회시설,나뭇간,1
06000,종교시설,신주당,1
26000,묘지관련시설,전시관,1
18000,창고시설,빈파레트,1
30000,자원순환관련시설,종이압축실,1
,,선탄장,1
13000,운동시설,수영경기장,1
03000,제1종근린생활시설,관리분소,1
08000,운수시설,유조차고,1
26000,묘지관련시설,문묘,1
10000,교육연구시설,학교수목원,1
17000,공장,공급기동,1
03000,제1종근린생활시설,약용작물가공시설,1
09000,의료시설,정신질환자요양소,1
10000,교육연구시설,인쇄실습동,1
26000,묘지관련시설,경비동,1
29000,장례시설,사찰,1
08000,운수시설,국내선주차장캐노피,1
13000,운동시설,두부공장,1
01000,단독주택,19가주,1
18000,창고시설,농기계및농자재,1
01000,단독주택,3세대가구용,1
23000,교정및군사시설,인도어장,1
08000,운수시설,바켓에레베타,1
17000,공장,제1종근린생할시설,1
23000,교정및군사시설,부식분배소,1
05000,문화및집회시설,관리숙소,1
09000,의료시설,제2종린생활시설,1
02000,공동주택,7403동,1
02000,공동주택,2bl,1
02000,공동주택,1915,1
02000,공동주택,저수조계단,1
23000,교정및군사시설,비호포상,1
01000,단독주택,부속사축사,1
,,20,1
04000,제2종근린생활시설,교육연구사,1
16000,위락시설,괸리실,1
03000,제1종근린생활시설,어구창고,1
01000,단독주택,단독주택및숙사,1
03000,제1종근린생활시설,근린생왈시설,1
17000,공장,광공업용,1
14000,업무시설,간이화장실,1
01000,단독주택,93농촌주거환경개선사업,1
16000,위락시설,식품접객업,1
22000,분뇨.쓰레기처리시설,약품두입실,1
18000,창고시설,슬라그저장창고,1
17000,공장,집수시설,1
23000,교정및군사시설,실내야구연습장,1
13000,운동시설,시동막,1
19000,위험물저장및처리시설,edc분석실,1
23000,교정및군사시설,사무동,1
03000,제1종근린생활시설,농공단지공동이용시설,1
17000,공장,파래공장,1
18000,창고시설,거름간,1
18000,창고시설,3호,1
23000,교정및군사시설,사격장차양대,1
,,한우,1
15000,숙박시설,가족형호텔,1
01000,단독주택,사진제판업,1
17000,공장,페인트,1
03000,제1종근린생활시설,울릉문화원,1
17000,공장,차고및휴게실,1
04000,제2종근린생활시설,종교용,1
21000,동물및식물관련시설,825,1
21000,동물및식물관련시설,90m2,1
01000,단독주택,실험용,1
10000,교육연구시설,분석실,1
21000,동물및식물관련시설,실험돈사,1
04000,제2종근린생활시설,원료실,1
30000,자원순환관련시설,모정,1
14000,업무시설,오피스텔80호,1
22000,분뇨.쓰레기처리시설,분료오수전처리시설,1
22000,분뇨.쓰레기처리시설,송풍기운전실,1
04000,제2종근린생활시설,국민주택,1
23000,교정및군사시설,고철창고,1
04000,제2종근린생활시설,농어업시설물,1
24000,방송통신시설,수신시설,1
17000,공장,고온발효실,1
03000,제1종근린생활시설,지역문화복지시설,1
15000,숙박시설,경노당,1
05000,문화및집회시설,사송정,1
04000,제2종근린생활시설,2근린생활시설외,1
18000,창고시설,산소공급실,1
20000,자동차관련시설,보관창고,1
23000,교정및군사시설,휀룸,1
04000,제2종근린생활시설,스크린하우징,1
01000,단독주택,1종실,1
01000,단독주택,반공대피소,1
17000,공장,spd공장,1
27000,관광휴게시설,수위실,1
17000,공장,정비공장및사무실,1
02000,공동주택,마을공동체,1
04000,제2종근린생활시설,주차장및창고,1
17000,공장,제3공장변전실,1
17000,공장,유해화학물질제조소,1
17000,공장,방제창고,1
05000,문화및집회시설,우량각,1
04000,제2종근린생활시설,자재야적장관리실,1
21000,동물및식물관련시설,1호돈사,1
02000,공동주택,광통신단자함실,1
07000,판매시설,빗물저류조점검실,1
23000,교정및군사시설,야외학과장,1
26000,묘지관련시설,소각장,1
04000,제2종근린생활시설,석유저장소,1
02000,공동주택,주다세대주택,1
01000,단독주택,근생및공장,1
17000,공장,건강식품제조,1
03000,제1종근린생활시설,마을공동정자,1
17000,공장,제품이송통로,1
26000,묘지관련시설,상여막,1
21000,동물및식물관련시설,사유,1
05000,문화및집회시설,건재,1
20000,자동차관련시설,자동차공업소,1
17000,공장,기숙사외,1
17000,공장,생활용수펌프동,1
17000,공장,chip포장소,1
26000,묘지관련시설,주차장,1
05000,문화및집회시설,잠실,1
,,제2종근,1
05000,문화및집회시설,청소년광장무대,1
20000,자동차관련시설,지하저수조,1
11000,노유자시설,주산,1
18000,창고시설,안전등실,1
03000,제1종근린생활시설,휴게실및주택,1
18000,창고시설,훈증실,1
19000,위험물저장및처리시설,17동,1
Z9000,공공용시설,선착장대기소,1
17000,공장,생물학적제제,1
19000,위험물저장및처리시설,차량정비소,1
05000,문화및집회시설,창렬동정사,1
Z3000,근린생활시설,주거시설,1
05000,문화및집회시설,비상급수시설,1
05000,문화및집회시설,놀이형시설,1
17000,공장,기억장치제조업,1
21000,동물및식물관련시설,흑간,1
05000,문화및집회시설,전시장및사무소,1
10000,교육연구시설,이공학관,1
03000,제1종근린생활시설,배터리실3,1
Z3000,근린생활시설,어민회관,1
17000,공장,엔진실,1
03000,제1종근린생활시설,사무소주택,1
04000,제2종근린생활시설,수장고,1
13000,운동시설,남자화장실,1
03000,제1종근린생활시설,장애인시설,1
17000,공장,영선작업장및폐기물보관장,1
03000,제1종근린생활시설,사무실외판매시설,1
04000,제2종근린생활시설,목재가공공장,1
05000,문화및집회시설,소방전술훈련장,1
03000,제1종근린생활시설,컴퓨터,1
05000,문화및집회시설,폐특법기념관,1
06000,종교시설,연성암,1
05000,문화및집회시설,야행동물관,1
17000,공장,set시험실,1
04000,제2종근린생활시설,자동화코너,1
05000,문화및집회시설,경노당및마을회관,1
17000,공장,압축기및송풍기,1
05000,문화및집회시설,단독주택외1,1
02000,공동주택,멀티실,1
30000,자원순환관련시설,경축자원화시설,1
14000,업무시설,2종근생및교육연구시설,1
02000,공동주택,구매및생활편익시설,1
04000,제2종근린생활시설,휴개실,1
06000,종교시설,대성당,1
17000,공장,부속하역장,1
03000,제1종근린생활시설,민원실및,1
19000,위험물저장및처리시설,고압압축기동,1
14000,업무시설,관리인숙소,1
01000,단독주택,제2종근린생활사설,1
04000,제2종근린생활시설,반려견,1
07000,판매시설,어민복지회관판매장,1
18000,창고시설,95농촌주거환경개선사업주택,1
13000,운동시설,조례대,1
17000,공장,피복,1
14000,업무시설,주유소사무실,1
14000,업무시설,모래보관소,1
17000,공장,수소저장창고,1
17000,공장,농어업생산시설,1
19000,위험물저장및처리시설,외2종,1
27000,관광휴게시설,생활,1
01000,단독주택,88,1
01000,단독주택,52,1
14000,업무시설,농공지구관리사,1
19000,위험물저장및처리시설,주유소부대시설,1
17000,공장,가공저장업,1
04000,제2종근린생활시설,약국및점포,1
22000,분뇨.쓰레기처리시설,실내배드민턴장,1
27000,관광휴게시설,및주택,1
03000,제1종근린생활시설,175,1
21000,동물및식물관련시설,가동기존,1
17000,공장,파레트랙,1
21000,동물및식물관련시설,엔시레지,1
04000,제2종근린생활시설,단추제조업,1
27000,관광휴게시설,잡화판매점,1
18000,창고시설,m2,1
01000,단독주택,부속주방,1
04000,제2종근린생활시설,실내다목적실,1
13000,운동시설,마사및사료창고,1
17000,공장,은분제조동,1
01000,단독주택,제1종2종근랜생활시설,1
21000,동물및식물관련시설,건초및퇴비창고,1
01000,단독주택,자력개량자임,1
19000,위험물저장및처리시설,화학물질,1
05000,문화및집회시설,베트남체험장,1
18000,창고시설,농업생산물시설,1
17000,공장,촉매,1
11000,노유자시설,정신재활시설,1
22000,분뇨.쓰레기처리시설,등,1
03000,제1종근린생활시설,위험물저장시설및처리시설,1
04000,제2종근린생활시설,귀금속장신구및관련제품제조업,1
04000,제2종근린생활시설,초당,1
07000,판매시설,상인회사무실,1
20000,자동차관련시설,주행코스연습장,1
01000,단독주택,급수대,1
,,돈사외,1
14000,업무시설,감자저장고,1
18000,창고시설,친환경,1
04000,제2종근린생활시설,원당영업소,1
14000,업무시설,은행및근린생활시설,1
17000,공장,header,1
Z6000,판매및영업시설,복지시설,1
17000,공장,2호기,1
03000,제1종근린생활시설,개폐장치실,1
14000,업무시설,중기사무실,1
10000,교육연구시설,농촌마을농촌체험관,1
03000,제1종근린생활시설,근린생활시설및종교시설및,1
14000,업무시설,사무실연쇄점,1
17000,공장,모터,1
20000,자동차관련시설,운전숙소,1
17000,공장,유리온실,1
13000,운동시설,카트주차장,1
17000,공장,운전실및,1
14000,업무시설,교정및군사시설,1
04000,제2종근린생활시설,제2종작업장,1
14000,업무시설,항만보안센터,1
15000,숙박시설,기타시설,1
01000,단독주택,개량분,1
04000,제2종근린생활시설,신용점포,1
24000,방송통신시설,흡연실,1
17000,공장,730,1
01000,단독주택,다용도실및,1
17000,공장,숏트룸,1
Z3000,근린생활시설,동각,1
03000,제1종근린생활시설,no4,1
05000,문화및집회시설,도지정유형문화재92,1
04000,제2종근린생활시설,식육점및대중음식점,1
,,농촌지도소,1
03000,제1종근린생활시설,다방및음식점,1
17000,공장,유해화학물질보관창고,1
01000,단독주택,건축물및,1
04000,제2종근린생활시설,교회사무실및,1
18000,창고시설,기숙사및,1
17000,공장,목공,1
17000,공장,운전원booth,1
18000,창고시설,우분장,1
06000,종교시설,성산이씨,1
22000,분뇨.쓰레기처리시설,방류수재이용,1
03000,제1종근린생활시설,농업용수펌프장,1
03000,제1종근린생활시설,제1종근린생활시설조,1
21000,동물및식물관련시설,임신우사,1
24000,방송통신시설,관측시설,1
10000,교육연구시설,제조장및부대시설,1
03000,제1종근린생활시설,주택2층,1
05000,문화및집회시설,수릉비각,1
03000,제1종근린생활시설,네2종근린생활시설,1
02000,공동주택,단지형9세대,1
14000,업무시설,의무소방원,1
17000,공장,안전교육체험장,1
Z8000,교육연구및복지시설,구기장,1
24000,방송통신시설,전화기기보존실,1
04000,제2종근린생활시설,독서실사무실,1
17000,공장,프레온가스실,1
Z3000,근린생활시설,점포및농가주택,1
18000,창고시설,조사료,1
02000,공동주택,키즈맘라운지,1
02000,공동주택,전기실240,1
02000,공동주택,근생및업무,1
19000,위험물저장및처리시설,송유관시설,1
04000,제2종근린생활시설,간이주방,1
07000,판매시설,에어로빅장,1
03000,제1종근린생활시설,제2종근린생,1
11000,노유자시설,단독주택외,1
02000,공동주택,전기실140,1
01000,단독주택,95주택개량지원대상자,1
17000,공장,용해시설,1
01000,단독주택,세면와즙,1
04000,제2종근린생활시설,건축용목재품제조,1
12000,수련시설,산림체험관,1
04000,제2종근린생활시설,가스판매업,1
10000,교육연구시설,제3도서관,1
03000,제1종근린생활시설,칠곡청년회,1
02000,공동주택,원룸형도시형생활주택및오피스텔,1
10000,교육연구시설,나동,1
21000,동물및식물관련시설,착유조및냉각기계실,1
21000,동물및식물관련시설,관린사및창고,1
01000,단독주택,기숙사작업장,1
04000,제2종근린생활시설,냉동창고시설,1
30000,자원순환관련시설,저장동,1
10000,교육연구시설,공업에,1
14000,업무시설,폐토사처리시설,1
13000,운동시설,직원교육장,1
03000,제1종근린생활시설,영업부속,1
14000,업무시설,기타시설,1
14000,업무시설,충청북도문화재연구원,1
17000,공장,vc1,1
06000,종교시설,성당관리실,1
02000,공동주택,지반층코아,1
16000,위락시설,화원,1
02000,공동주택,단지현연립주택,1
03000,제1종근린생활시설,농축조기계실외,1
26000,묘지관련시설,영릉수라간,1
01000,단독주택,94농촌주거환경대상,1
21000,동물및식물관련시설,교반실,1
02000,공동주택,공방및멀티프로그램실,1
17000,공장,원목탈피기보호소,1
04000,제2종근린생활시설,용제판매소,1
02000,공동주택,창장숙소,1
02000,공동주택,옥외계단3,1
04000,제2종근린생활시설,까스판매취급소,1
04000,제2종근린생활시설,서고장,1
02000,공동주택,북라운지,1
15000,숙박시설,단독,1
17000,공장,스텐샤슈,1
02000,공동주택,10개조사원숙소,1
21000,동물및식물관련시설,양잠사육시설,1
02000,공동주택,근생시설및공동주택,1
30000,자원순환관련시설,송풍기길,1
11000,노유자시설,키즈카페,1
19000,위험물저장및처리시설,제2종근생시설,1
05000,문화및집회시설,종,1
17000,공장,주조dsc후처리공장,1
09000,의료시설,정화조,1
02000,공동주택,관리사무소및주민편의시설,1
01000,단독주택,교육연구시설및사회복지시설,1
17000,공장,임간물가공,1
20000,자동차관련시설,폐수처리시설및,1
04000,제2종근린생활시설,목기,1
02000,공동주택,1종근생및아파트,1
02000,공동주택,재활용품선별보관창고1,1
02000,공동주택,관람석,1
14000,업무시설,피트니스센터,1
02000,공동주택,지열펌프실,1
02000,공동주택,제2종근린생활시설및단독주택,1
02000,공동주택,공동육아실,1
01000,단독주택,공연장,1
02000,공동주택,현대원룸,1
18000,창고시설,직원동,1
03000,제1종근린생활시설,n,1
08000,운수시설,제설시설보관소,1
02000,공동주택,체육공간,1
20000,자동차관련시설,정화시설보호창고,1
02000,공동주택,부경비실2,1
01000,단독주택,숙박,1
02000,공동주택,감시옥,1
04000,제2종근린생활시설,취미교실,1
17000,공장,농수산물제조시설,1
02000,공동주택,운동관리실,1
06000,종교시설,제방,1
02000,공동주택,지하폐기물보관창고,1
02000,공동주택,지하주치장,1
21000,동물및식물관련시설,석우실,1
,,오리사,1
17000,공장,제4,1
15000,숙박시설,커뮤니티,1
01000,단독주택,건축자재소매점,1
07000,판매시설,마을공동구판장,1
03000,제1종근린생활시설,수곡동사무소,1
01000,단독주택,액화가즈저장소,1
17000,공장,맛김제조,1
10000,교육연구시설,분임실,1
Z6000,판매및영업시설,관리사택,1
01000,단독주택,근린생활지구,1
,,양송이재배실,1
19000,위험물저장및처리시설,보일러,1
21000,동물및식물관련시설,보일러공장,1
02000,공동주택,변전실외2,1
18000,창고시설,마늘,1
06000,종교시설,제각실,1
18000,창고시설,관리사및주택,1
15000,숙박시설,여관및의원,1
18000,창고시설,정부,1
19000,위험물저장및처리시설,c2h2동,1
18000,창고시설,해태건조장용,1
07000,판매시설,제2종근린,1
13000,운동시설,역도실,1
01000,단독주택,위험물창고,1
18000,창고시설,포장센타,1
Z6000,판매및영업시설,자동세척고,1
03000,제1종근린생활시설,국방군사시설,1
10000,교육연구시설,미술학관,1
08000,운수시설,월내역,1
10000,교육연구시설,교수연구관,1
12000,수련시설,산림치유센터,1
18000,창고시설,수거장,1
09000,의료시설,후생관,1
09000,의료시설,제1종근린생활시설및병원,1
04000,제2종근린생활시설,자동차검사시설,1
15000,숙박시설,107호,1
20000,자동차관련시설,문화및,1
01000,단독주택,기존3가구,1
03000,제1종근린생활시설,수산물처리장,1
10000,교육연구시설,악기보관실,1
06000,종교시설,휴식처,1
02000,공동주택,1662,1
12000,수련시설,실내집회장,1
10000,교육연구시설,교육련구시설,1
04000,제2종근린생활시설,위험물저장처리장소,1
10000,교육연구시설,승무원교육장,1
01000,단독주택,지원융자대상,1
10000,교육연구시설,3구간,1
03000,제1종근린생활시설,오니저장소,1
04000,제2종근린생활시설,가공처리,1
12000,수련시설,청소년체육시설,1
04000,제2종근린생활시설,식품엑기스,1
03000,제1종근린생활시설,생하수펌프실,1
21000,동물및식물관련시설,기능성축사,1
03000,제1종근린생활시설,비료판매점,1
Z3000,근린생활시설,유류판매장,1
01000,단독주택,주유대,1
17000,공장,훈련소,1
19000,위험물저장및처리시설,사무,1
04000,제2종근린생활시설,양말,1
04000,제2종근린생활시설,철물판매시설,1
19000,위험물저장및처리시설,공항경유출하대,1
10000,교육연구시설,테니스장대기실,1
19000,위험물저장및처리시설,가스제조및공급시설,1
01000,단독주택,97농가용,1
17000,공장,건조저장고,1
18000,창고시설,저온저징고,1
08000,운수시설,죽령역구분소,1
04000,제2종근린생활시설,선구점포,1
04000,제2종근린생활시설,어민휴계소,1
19000,위험물저장및처리시설,용기에의한액화가스판매취급소,1
17000,공장,pv,1
02000,공동주택,공판장,1
10000,교육연구시설,동물실험실3,1
08000,운수시설,국내선청사,1
17000,공장,더스트컬렉터실,1
10000,교육연구시설,사육온실,1
10000,교육연구시설,락커,1
10000,교육연구시설,다목적시험동,1
04000,제2종근린생활시설,제1종근린샐활시설,1
10000,교육연구시설,사대2호,1
08000,운수시설,항만관제실,1
10000,교육연구시설,시험창고,1
15000,숙박시설,숙박시설및제1,1
08000,운수시설,관악선상역,1
02000,공동주택,피난안전공간,1
02000,공동주택,제종근린생활시설,1
10000,교육연구시설,5가구,1
10000,교육연구시설,도예실,1
18000,창고시설,미생물발효기계실및예냉,1
18000,창고시설,일반제재업,1
14000,업무시설,옥외쉼터,1
10000,교육연구시설,관사본교,1
06000,종교시설,보일러,1
02000,공동주택,프라임,1
10000,교육연구시설,근린생활및주택,1
11000,노유자시설,노유재시설,1
07000,판매시설,제조및,1
12000,수련시설,옥외취사장,1
12000,수련시설,놀이형시설1,1
04000,제2종근린생활시설,분묘관리사,1
19000,위험물저장및처리시설,고압가스및l,1
10000,교육연구시설,성능검사터널동,1
10000,교육연구시설,농구실,1
Z3000,근린생활시설,작업실,1
01000,단독주택,종중재실,1
17000,공장,가공및정제염,1
25000,발전시설,약품저장동,1
19000,위험물저장및처리시설,저유탱크6,1
Z6000,판매및영업시설,기숙사,1
20000,자동차관련시설,부대사업,1
12000,수련시설,학생수련시설,1
03000,제1종근린생활시설,멀티미디어문화켄텐츠설비제공업소,1
17000,공장,top공장,1
15000,숙박시설,세탁건조실,1
10000,교육연구시설,구급교육센터,1
01000,단독주택,6각정,1
10000,교육연구시설,수영부탈의실,1
03000,제1종근린생활시설,신촌파출소,1
12000,수련시설,정문안내소및종합안내판,1
03000,제1종근린생활시설,청풍정,1
17000,공장,생산기술팀사무실,1
09000,의료시설,접수실,1
10000,교육연구시설,수변전동,1
17000,공장,사무실및탈의실,1
17000,공장,메인팬실,1
20000,자동차관련시설,제2종근린생활시설외,1
10000,교육연구시설,교육연구및복지구시설,1
03000,제1종근린생활시설,농기구서비스센타,1
18000,창고시설,견,1
05000,문화및집회시설,조경문,1
10000,교육연구시설,볼펜장,1
18000,창고시설,원동기실,1
08000,운수시설,심천역사,1
15000,숙박시설,제과제조장,1
12000,수련시설,지도자연수관,1
18000,창고시설,수산물용보관창고,1
,,역사,1
17000,공장,2fcc11,1
10000,교육연구시설,폐기물처리시설,1
17000,공장,지리카브지,1
Z8000,교육연구및복지시설,사택1,1
18000,창고시설,전기동,1
14000,업무시설,교육업무시설,1
17000,공장,콘덴샤실,1
17000,공장,분석동4,1
10000,교육연구시설,정화조1,1
10000,교육연구시설,온수장,1
08000,운수시설,청령포신호장본체,1
01000,단독주택,12기구,1
10000,교육연구시설,가교,1
17000,공장,가스용기저장실,1
03000,제1종근린생활시설,다목적복지회관,1
17000,공장,팩킹룸,1
17000,공장,샘플이송설비,1
04000,제2종근린생활시설,서원당,1
18000,창고시설,액비창고,1
17000,공장,목재공구제조업,1
,,계분,1
18000,창고시설,초가,1
04000,제2종근린생활시설,근생1,1
24000,방송통신시설,촬영시설,1
17000,공장,나염,1
03000,제1종근린생활시설,근린생활시설및제1,1
,,고직사,1
03000,제1종근린생활시설,주민도서관,1
09000,의료시설,환자요양관,1
17000,공장,위생용기,1
12000,수련시설,잠수탈의장,1
14000,업무시설,c,1
10000,교육연구시설,학교서고,1
10000,교육연구시설,실내양궁장,1
10000,교육연구시설,남고변소,1
17000,공장,건조실및,1
17000,공장,macd,1
17000,공장,철물관련,1
17000,공장,상온창고,1
09000,의료시설,장애인요양시설,1
02000,공동주택,480세대,1
10000,교육연구시설,농업기자재창고,1
10000,교육연구시설,스쿼시부훈련장,1
15000,숙박시설,안내desk,1
Z3000,근린생활시설,어시장,1
10000,교육연구시설,면회실,1
13000,운동시설,미끄럼풀장,1
13000,운동시설,여관,1
Z5000,문화및집회시설,종교시설및사택,1
09000,의료시설,기계전기실,1
17000,공장,사무식,1
17000,공장,단조기,1
04000,제2종근린생활시설,검차장및,1
17000,공장,방사성동위원소,1
02000,공동주택,이동푸드,1
18000,창고시설,운송용콘테이너,1
04000,제2종근린생활시설,제1종및제2종근린생활시설소매점,1
17000,공장,대용가죽제품제조업,1
01000,단독주택,현재,1
21000,동물및식물관련시설,곤충생태원,1
08000,운수시설,기타,1
13000,운동시설,근린생활시설및운동시설,1
17000,공장,셀타동,1
13000,운동시설,해양레포츠센터,1
17000,공장,개폐소2,1
01000,단독주택,제1종근린생활지역,1
02000,공동주택,다세대10대,1
26000,묘지관련시설,문간채,1
02000,공동주택,생활체육관,1
13000,운동시설,관리동2,1
04000,제2종근린생활시설,중국집,1
14000,업무시설,소방팬룸,1
02000,공동주택,이피트,1
10000,교육연구시설,현관및교무실,1
02000,공동주택,elev1,1
21000,동물및식물관련시설,여과탑및활성탄탑,1
02000,공동주택,아스콘,1
04000,제2종근린생활시설,육로정상탑전,1
18000,창고시설,맥분싸이로,1
13000,운동시설,종합관리동등,1
19000,위험물저장및처리시설,위험물저장및처리시설및자동차관련시설,1
Z8000,교육연구및복지시설,연구및복지시설,1
10000,교육연구시설,운동장차양막2,1
17000,공장,도광판파쇄공장,1
Z8000,교육연구및복지시설,교육연구사시설,1
18000,창고시설,블럭제조공장,1
21000,동물및식물관련시설,임시저장고,1
Z5000,문화및집회시설,일용품소매점,1
13000,운동시설,야외퍼팅연습장,1
01000,단독주택,개량헛간,1
07000,판매시설,시장사무실,1
19000,위험물저장및처리시설,케미컬저장소,1
08000,운수시설,구름다리,1
04000,제2종근린생활시설,제실부속사,1
03000,제1종근린생활시설,제1종근생활시설외,1
02000,공동주택,보일라실및전기실,1
01000,단독주택,위험물판매취급소차고지,1
,,동원창고,1
07000,판매시설,저수조기계실,1
24000,방송통신시설,외2,1
17000,공장,설비보관장,1
19000,위험물저장및처리시설,위험물취급소및판매소,1
17000,공장,검사기계pm소,1
17000,공장,포장실및검사실,1
23000,교정및군사시설,관사부문,1
10000,교육연구시설,음수대2,1
07000,판매시설,일용품판매점,1
04000,제2종근린생활시설,대중음식점외,1
19000,위험물저장및처리시설,유류판매장,1
17000,공장,국수건조장,1
19000,위험물저장및처리시설,액화석유가스저장용,1
21000,동물및식물관련시설,축사겸주택,1
07000,판매시설,연수원,1
19000,위험물저장및처리시설,철도변전시설,1
19000,위험물저장및처리시설,깨스용기저장고,1
17000,공장,완제품,1
14000,업무시설,43호,1
19000,위험물저장및처리시설,주유소자동세차시설,1
22000,분뇨.쓰레기처리시설,식육판매장,1
30000,자원순환관련시설,자재보관창고,1
07000,판매시설,자전거주차장,1
04000,제2종근린생활시설,사찰부속화장실,1
22000,분뇨.쓰레기처리시설,농축조펌프실,1
19000,위험물저장및처리시설,액화가스창고,1
03000,제1종근린생활시설,냉동냉장고,1
06000,종교시설,해우소및창고,1
03000,제1종근린생활시설,부잠실,1
03000,제1종근린생활시설,지하홀,1
05000,문화및집회시설,사육장,1
10000,교육연구시설,교육연구시설설,1
19000,위험물저장및처리시설,액화석유가스판매소및사무실,1
24000,방송통신시설,tv,1
02000,공동주택,트렁크룸,1
02000,공동주택,산림관리초소,1
01000,단독주택,농업용수모터실,1
02000,공동주택,생및아파트,1
30000,자원순환관련시설,드럼스크린동,1
19000,위험물저장및처리시설,경비실및변소,1
02000,공동주택,노인정및공중변소,1
02000,공동주택,연결송수펌프실,1
02000,공동주택,연립주택외1용도,1
14000,업무시설,수리장,1
10000,교육연구시설,선교원,1
04000,제2종근린생활시설,요시체,1
03000,제1종근린생활시설,공작사,1
20000,자동차관련시설,자동차관련시성,1
04000,제2종근린생활시설,농업용저온저장고,1
02000,공동주택,근로복지시설,1
10000,교육연구시설,다목정강당,1
03000,제1종근린생활시설,청경실,1
03000,제1종근린생활시설,농업기반시설,1
30000,자원순환관련시설,계분저장고,1
02000,공동주택,야외카페,1
04000,제2종근린생활시설,커피습,1
17000,공장,해수취수,1
24000,방송통신시설,및제2종근린생활시설,1
18000,창고시설,lpg,1
03000,제1종근린생활시설,목욕탕회의실,1
,,안좌면,1
21000,동물및식물관련시설,w,1
13000,운동시설,전천후테니스장,1
03000,제1종근린생활시설,dm스크린실,1
30000,자원순환관련시설,저온창고,1
11000,노유자시설,다가구용단독주택,1
02000,공동주택,재활용품보관소4,1
02000,공동주택,근린생활시설및단지형다세대도시형생활주택,1
,,용원,1
03000,제1종근린생활시설,2종근린생활시설운동시설,1
02000,공동주택,지역정압기,1
02000,공동주택,제1종근린생활시설및다세대,1
17000,공장,랙,1
04000,제2종근린생활시설,제1종근생외1,1
02000,공동주택,폐기물재활용장,1
06000,종교시설,교회수도원,1
02000,공동주택,주기계실,1
30000,자원순환관련시설,재활용선별시설,1
17000,공장,1701,1
30000,자원순환관련시설,침출수저리시설,1
02000,공동주택,다세대주태구,1
02000,공동주택,주민편의시설및주차장,1
02000,공동주택,3층다세대주택,1
02000,공동주택,스쿨스테이션a,1
02000,공동주택,주민회의실및화장실,1
02000,공동주택,경로당및보육시설,1
02000,공동주택,아이비리그클럽,1
02000,공동주택,금성하이빌,1
02000,공동주택,공기매트보관창고,1
14000,업무시설,오피스텔182호,1
06000,종교시설,손님의집,1
03000,제1종근린생활시설,콤푸렛샷실1호,1
03000,제1종근린생활시설,오산3리,1
02000,공동주택,관리인실,1
02000,공동주택,주민공동시설용,1
Z3000,근린생활시설,공기압축실,1
17000,공장,수산동물,1
02000,공동주택,보육시설및생활편익시설,1
17000,공장,추출,1
17000,공장,종업원샤워시설,1
01000,단독주택,보일러실부속사,1
02000,공동주택,설비제실,1
17000,공장,출하통로,1
03000,제1종근린생활시설,마을방문자센타,1
18000,창고시설,콩선별장,1
21000,동물및식물관련시설,소독증기실,1
17000,공장,공무부,1
02000,공동주택,지하주차장및관리실,1
04000,제2종근린생활시설,다가구주텍,1
13000,운동시설,보관창고,1
17000,공장,트럭계량기실,1
17000,공장,침실,1
17000,공장,분체설비,1
03000,제1종근린생활시설,서고지어촌계,1
22000,분뇨.쓰레기처리시설,유입계단실,1
21000,동물및식물관련시설,돈계류장,1
05000,문화및집회시설,목기상,1
27000,관광휴게시설,부대복리시설,1
02000,공동주택,재활용생활폐기물보관실,1
17000,공장,장비반입구,1
10000,교육연구시설,대학도서관,1
02000,공동주택,파티하우스,1
02000,공동주택,아파트및오피스텔,1
26000,묘지관련시설,최대성장군,1
02000,공동주택,경찰관숙소,1
17000,공장,s동,1
02000,공동주택,중소기업,1
02000,공동주택,95대,1
03000,제1종근린생활시설,관리실및화장실및숙소,1
02000,공동주택,다목적실내체육시설,1
17000,공장,일반프라스틱,1
24000,방송통신시설,요금정산소,1
17000,공장,신조공장,1
17000,공장,12동,1
06000,종교시설,구내급식시설,1
22000,분뇨.쓰레기처리시설,환경오염,1
03000,제1종근린생활시설,주택1세대,1
18000,창고시설,경비사,1
04000,제2종근린생활시설,금형제조업,1
01000,단독주택,농업샌산시설,1
03000,제1종근린생활시설,전기용접,1
03000,제1종근린생활시설,구문소,1
02000,공동주택,103동1층,1
18000,창고시설,제2종근린생활시설외,1
04000,제2종근린생활시설,실내빙상경기장,1
10000,교육연구시설,교사5호동,1
10000,교육연구시설,교사6호동,1
17000,공장,외3,1
17000,공장,루브오일콘솔셀타,1
17000,공장,generator,1
03000,제1종근린생활시설,도자기전시판매장,1
Z3000,근린생활시설,근린및숙박시설,1
24000,방송통신시설,송수기기계실,1
03000,제1종근린생활시설,침전지검수구실2,1
16000,위락시설,제2종근린생할시설,1
10000,교육연구시설,노유자시시설,1
17000,공장,건조보관시설,1
15000,숙박시설,전시설,1
16000,위락시설,4,1
21000,동물및식물관련시설,농어업용,1
21000,동물및식물관련시설,시설물,1
10000,교육연구시설,디자인대,1
13000,운동시설,퇴비창고,1
24000,방송통신시설,전기통신설비기지국,1
09000,의료시설,침술원,1
01000,단독주택,일반음식점세탁소,1
07000,판매시설,농수산시장,1
18000,창고시설,고로,1
17000,공장,분리막바인더,1
17000,공장,통제탑,1
17000,공장,고압가스충전저장소,1
03000,제1종근린생활시설,농산물가공제조,1
02000,공동주택,다세대주택과,1
18000,창고시설,ebs,1
17000,공장,epdm냉동기실,1
04000,제2종근린생활시설,후생관,1
20000,자동차관련시설,자동차및중장비정비공장,1
20000,자동차관련시설,매매시설,1
02000,공동주택,피로티하부,1
01000,단독주택,다가구용단둑주택,1
10000,교육연구시설,mdf실,1
17000,공장,옥외유류,1
02000,공동주택,다함께돌봄교실,1
02000,공동주택,그밖의,1
04000,제2종근린생활시설,출고장,1
17000,공장,유독물저장시설,1
17000,공장,계장수리동,1
JY,,2,1
JY,,종,1
03000,제1종근린생활시설,경천대관리소,1
04000,제2종근린생활시설,통신계,1
21000,동물및식물관련시설,관리사택,1
15000,숙박시설,엘리베이터실,1
06000,종교시설,적열보궁,1
17000,공장,비금속광물제조업,1
21000,동물및식물관련시설,반려동물,1
Z3000,근린생활시설,제1종및제2종근린생활시설,1
13000,운동시설,지하도로,1
31000,야영장시설,휴게공간,1
17000,공장,일반폐기물처리장,1
19000,위험물저장및처리시설,기계동,1
01000,단독주택,옥내주차,1
17000,공장,lng정압기동,1
Z3000,근린생활시설,전망초,1
02000,공동주택,공동주택등,1
04000,제2종근린생활시설,k텔레콤,1
01000,단독주택,지하주택,1
19000,위험물저장및처리시설,2가구,1
,,교회집회소,1
24000,방송통신시설,무인중계소,1
10000,교육연구시설,건축공과실습장,1
04000,제2종근린생활시설,톱밥제조업,1
16000,위락시설,목욕탕,1
Z3000,근린생활시설,보일러,1
17000,공장,계분,1
17000,공장,골판지상자제조,1
04000,제2종근린생활시설,계단및전실,1
14000,업무시설,업무시설및근린시설,1
17000,공장,탈수기기계실,1
14000,업무시설,환경청실험실,1
Z3000,근린생활시설,표구및,1
14000,업무시설,주한오만대사관,1
01000,단독주택,내,1
21000,동물및식물관련시설,체육관,1
24000,방송통신시설,방송통신시설외,1
05000,문화및집회시설,예술인숙소,1
02000,공동주택,정구장,1
21000,동물및식물관련시설,판넬,1
Z8000,교육연구및복지시설,갱의실,1
14000,업무시설,상수도사업소,1
14000,업무시설,업무시설외2건,1
11000,노유자시설,육,1
10000,교육연구시설,지열,1
10000,교육연구시설,구내통신,1
10000,교육연구시설,다산관,1
17000,공장,축분비료제조,1
11000,노유자시설,성인복지관리사,1
13000,운동시설,l,1
17000,공장,세선장,1
15000,숙박시설,일반업무시설,1
17000,공장,공장및후생시설,1
17000,공장,당크,1
02000,공동주택,다세대주택4,1
17000,공장,소방기자재창고,1
18000,창고시설,폐지대창고,1
04000,제2종근린생활시설,장평오수처리장,1
17000,공장,위장도색작업장,1
17000,공장,공장저장고,1
17000,공장,자재창고사무실,1
17000,공장,청자재현작업장,1
02000,공동주택,아파트동출입구,1
Z8000,교육연구및복지시설,고교,1
17000,공장,전자제어동,1
04000,제2종근린생활시설,미역가공제조업,1
17000,공장,해태식품가공공장,1
04000,제2종근린생활시설,해산물가공저장공장,1
10000,교육연구시설,건설공학관,1
04000,제2종근린생활시설,성인유기장,1
17000,공장,폐수소독실,1
17000,공장,카리비료사,1
17000,공장,충돌준비동,1
17000,공장,뽐베저장실,1
17000,공장,씽크대공장,1
01000,단독주택,제2호물치,1
17000,공장,농산물보관고,1
17000,공장,동력기계장치실,1
17000,공장,메인모터실,1
18000,창고시설,선발창고,1
17000,공장,원자재투입실,1
17000,공장,용수공급동,1
17000,공장,합성창고,1
17000,공장,소석회제조실,1
17000,공장,경비실휴게실,1
,,미용체조실,1
04000,제2종근린생활시설,기타목제건구제품제조,1
17000,공장,전기로공장,1
17000,공장,보일러식당,1
01000,단독주택,학무과장,1
17000,공장,호퍼1,1
03000,제1종근린생활시설,예체능계사설강습소,1
04000,제2종근린생활시설,농기구센터,1
17000,공장,선별공장,1
17000,공장,수지양이온공장,1
02000,공동주택,다세대주택및오피스텔및소매점,1
17000,공장,수은전해공장,1
18000,창고시설,여객시설,1
03000,제1종근린생활시설,공동저장시설,1
17000,공장,동구기공,1
17000,공장,복합시설동,1
21000,동물및식물관련시설,식품제조허가용,1
17000,공장,외부활재실,1
17000,공장,열처리9호기연결통로,1
17000,공장,가스집합소,1
17000,공장,이재물처리동,1
03000,제1종근린생활시설,169,1
17000,공장,얼음공장,1
04000,제2종근린생활시설,비보호각,1
02000,공동주택,408,1
17000,공장,수소공장,1
Z3000,근린생활시설,파출소,1
01000,단독주택,96농촌주택개량사업대상자,1
17000,공장,오일펑프실,1
17000,공장,제2정수장,1
17000,공장,소성냉각실,1
02000,공동주택,물품공유카페,1
03000,제1종근린생활시설,장옥4,1
17000,공장,전통가마연구실,1
17000,공장,서비스가스스테이션,1
17000,공장,농기계공장,1
21000,동물및식물관련시설,육정우사조,1
05000,문화및집회시설,수위동,1
17000,공장,새마을착유공장,1
17000,공장,식료품제조가공공장,1
17000,공장,광학요소제조업,1
17000,공장,분말솔지톨공장,1
21000,동물및식물관련시설,자돈실,1
05000,문화및집회시설,배식단사,1
17000,공장,출입구케노피,1
17000,공장,ssbr냉동기실,1
21000,동물및식물관련시설,과일,1
04000,제2종근린생활시설,무대,1
17000,공장,원자재,1
17000,공장,중앙복도,1
17000,공장,실린더보관장,1
17000,공장,톱밥가공공장,1
17000,공장,냉각기콤프레샤쉘타,1
22000,분뇨.쓰레기처리시설,침전지본동,1
04000,제2종근린생활시설,의약품도매,1
17000,공장,출고센터,1
17000,공장,용수처리시설,1
17000,공장,탁주공장,1
18000,창고시설,소규모공장,1
17000,공장,김산지가공시설,1
17000,공장,조관직장실,1
17000,공장,lpg충천소,1
17000,공장,경화제창고,1
18000,창고시설,부품저장고,1
01000,단독주택,중계소,1
17000,공장,배추절임공장,1
17000,공장,공장및복리시설,1
16000,위락시설,주택및점포,1
17000,공장,석탄치장,1
17000,공장,석탄홉바,1
06000,종교시설,공양원,1
04000,제2종근린생활시설,사채,1
03000,제1종근린생활시설,연면적제외,1
01000,단독주택,주택및도서실,1
04000,제2종근린생활시설,불교사찰,1
12000,수련시설,청소년수련마을,1
04000,제2종근린생활시설,목우실,1
03000,제1종근린생활시설,일반읍식점,1
02000,공동주택,x8동,1
21000,동물및식물관련시설,버섯창고,1
32000,교정시설,남,1
32000,교정시설,조리원,1
03000,제1종근린생활시설,식당및,1
17000,공장,연직,1
18000,창고시설,생및,1
03000,제1종근린생활시설,지역주민공공복리시설,1
14000,업무시설,곡물도정공장,1
04000,제2종근린생활시설,라켓볼경기장,1
04000,제2종근린생활시설,부두근로자대기소,1
15000,숙박시설,옥외,1
02000,공동주택,초과,1
01000,단독주택,물차장,1
01000,단독주택,주택및수산물건조,1
14000,업무시설,조산원,1
14000,업무시설,정문안내실,1
,,91농촌주택개량지원대상,1
05000,문화및집회시설,내상문,1
04000,제2종근린생활시설,충효문,1
21000,동물및식물관련시설,28,1
17000,공장,공기청정실,1
04000,제2종근린생활시설,이불제조업,1
24000,방송통신시설,tv중계소,1
03000,제1종근린생활시설,격리검사실,1
01000,단독주택,1종근린생활시서설,1
04000,제2종근린생활시설,근생활시설,1
11000,노유자시설,조리실,1
27000,관광휴게시설,직원탈의실,1
17000,공장,의장가공공장,1
17000,공장,양어장,1
04000,제2종근린생활시설,기계수리점,1
03000,제1종근린생활시설,주차장부대시설,1
14000,업무시설,운전학원사무실,1
17000,공장,무선통신방송및응용장치제조업,1
17000,공장,시수가압펌프장,1
12000,수련시설,세척장,1
03000,제1종근린생활시설,도로변,1
14000,업무시설,사무실점포,1
01000,단독주택,집회실,1
14000,업무시설,은행및사무실,1
04000,제2종근린생활시설,합성수지편제업,1
02000,공동주택,근생전기실,1
17000,공장,현도장,1
14000,업무시설,근린생활시설및사무실,1
14000,업무시설,지하수관측소,1
23000,교정및군사시설,미혼군인,1
04000,제2종근린생활시설,콩나물공장,1
02000,공동주택,보일러실및저장고,1
01000,단독주택,э壤,1
15000,숙박시설,농업생산시설,1
02000,공동주택,315,1
21000,동물및식물관련시설,입병실,1
04000,제2종근린생활시설,제막,1
03000,제1종근린생활시설,배수실,1
04000,제2종근린생활시설,위생식품시설,1
22000,분뇨.쓰레기처리시설,폐수처리시설실,1
04000,제2종근린생활시설,인진쑥엿제조소,1
14000,업무시설,채운면사무소,1
10000,교육연구시설,726,1
10000,교육연구시설,10,1
19000,위험물저장및처리시설,주유소위험저장소,1
17000,공장,분전반,1
14000,업무시설,사무실및기숙사,1
05000,문화및집회시설,13,1
16000,위락시설,극장,1
14000,업무시설,보전사무실,1
17000,공장,후생복린시설,1
14000,업무시설,3열연공장,1
04000,제2종근린생활시설,철재관련시설제조장,1
02000,공동주택,옥외통로,1
01000,단독주택,95주거환경융자주택,1
17000,공장,바이오다이넥타,1
18000,창고시설,위험물판매소,1
22000,분뇨.쓰레기처리시설,탈취휀실c동,1
17000,공장,tfe충전장,1
10000,교육연구시설,연료펌프시험실,1
09000,의료시설,임상연구동,1
01000,단독주택,커뮤니티실,1
13000,운동시설,물놀이시설,1
02000,공동주택,396,1
22000,분뇨.쓰레기처리시설,농업생산시설,1
01000,단독주택,위험물시설,1
15000,숙박시설,임반음식점,1
17000,공장,직원용식당,1
19000,위험물저장및처리시설,위엄물저장,1
14000,업무시설,소형,1
03000,제1종근린생활시설,집단급식,1
02000,공동주택,남자휴게실,1
02000,공동주택,입주자회의실및관,1
14000,업무시설,27세대,1
02000,공동주택,계절옷장,1
07000,판매시설,공동,1
08000,운수시설,화물취급,1
04000,제2종근린생활시설,시험설계실,1
04000,제2종근린생활시설,건미역건조,1
15000,숙박시설,29호,1
14000,업무시설,29호,1
14000,업무시설,이동통신무인중개소,1
17000,공장,공기건조동,1
01000,단독주택,근리생활시설및,1
14000,업무시설,배수지,1
02000,공동주택,다세대주차장,1
04000,제2종근린생활시설,업무실,1
17000,공장,승용장난감제조업,1
18000,창고시설,전철차량기지,1
20000,자동차관련시설,주차장용지로서,1
20000,자동차관련시설,가능,1
04000,제2종근린생활시설,201동,1
Z5000,문화및집회시설,설법전,1
15000,숙박시설,137세대,1
04000,제2종근린생활시설,사무식,1
Z8000,교육연구및복지시설,파이롯,1
03000,제1종근린생활시설,마을회과및경로당,1
27000,관광휴게시설,완도우체국,1
02000,공동주택,154,1
02000,공동주택,근린생활시설시설,1
04000,제2종근린생활시설,종묘배양장,1
19000,위험물저장및처리시설,세차장통로,1
31000,야영장시설,세면장창고,1
31000,야영장시설,공용샤워장,1
02000,공동주택,여자기숙사c동,1
Z3000,근린생활시설,기원,1
18000,창고시설,에스,1
03000,제1종근린생활시설,입장권판매소,1
06000,종교시설,문화재관리용,1
18000,창고시설,농수산물시설보관및가공관련시설창고,1
02000,공동주택,스쿼시장,1
01000,단독주택,층별1가구,1
18000,창고시설,공장위험물저장창고,1
17000,공장,ray동,1
02000,공동주택,생활부업실천센타,1
02000,공동주택,507,1
01000,단독주택,제2종근린생활주택,1
01000,단독주택,및부속창고,1
21000,동물및식물관련시설,임시창고,1
02000,공동주택,pd,1
03000,제1종근린생활시설,공용정류장,1
17000,공장,다이아몬드,1
17000,공장,자가소비용사료,1
20000,자동차관련시설,cng내압용검사장,1
17000,공장,mill공장,1
03000,제1종근린생활시설,경찰숙영시설,1
13000,운동시설,복지관,1
07000,판매시설,샤워장,1
17000,공장,제2정비지원센터,1
17000,공장,연사제조및방적업,1
07000,판매시설,하차반,1
21000,동물및식물관련시설,24동,1
02000,공동주택,지하층코어,1
30000,자원순환관련시설,진화차량차고,1
02000,공동주택,쓸레기집하시설2,1
02000,공동주택,다세대주택6가구,1
03000,제1종근린생활시설,작업대,1
09000,의료시설,타워파킹,1
04000,제2종근린생활시설,부분자동차정비업,1
10000,교육연구시설,제조시설,1
14000,업무시설,78호,1
06000,종교시설,e,1
02000,공동주택,티하우스2,1
04000,제2종근린생활시설,종이제조업,1
18000,창고시설,폐사장,1
18000,창고시설,어구어망보관시설,1
02000,공동주택,웰빙센타,1
02000,공동주택,공동구핏트,1
01000,단독주택,사무소창고,1
17000,공장,방제시설,1
02000,공동주택,제1합숙,1
03000,제1종근린생활시설,수위실2,1
17000,공장,블럭제작공장,1
03000,제1종근린생활시설,컴퓨터프로그램매체제조업,1
01000,단독주택,유자가공처리장,1
17000,공장,식품분쇄공장,1
17000,공장,부상조기계실,1
17000,공장,자동차수리점,1
17000,공장,베치레터기계실,1
17000,공장,정수약품투입실,1
03000,제1종근린생활시설,전선,1
22000,분뇨.쓰레기처리시설,인분처리장,1
27000,관광휴게시설,매점휴게실,1
17000,공장,밸브및,1
01001,단독주택,휴게음식점,1
17000,공장,엔진2공장,1
17000,공장,양건장,1
17000,공장,주차장및창고,1
17000,공장,탱크저장고,1
22000,분뇨.쓰레기처리시설,반출실동,1
17000,공장,미역가공제조업,1
17000,공장,주방및식탁용목제품제조업,1
17000,공장,보일러실및창고,1
17000,공장,시멘트백출하장,1
17000,공장,크링카전기실,1
17000,공장,조정실및분석실,1
17000,공장,이중검사장,1
27000,관광휴게시설,특수차휴게소,1
09000,의료시설,제2종근,1
27000,관광휴게시설,근린공원시설,1
20000,자동차관련시설,샌딩룸,1
03000,제1종근린생활시설,유류고,1
18000,창고시설,04,1
08000,운수시설,예식장,1
31000,야영장시설,식수대,1
14000,업무시설,일반게임제공업의,1
06000,종교시설,교육관동,1
03000,제1종근린생활시설,미용원및사무소,1
04000,제2종근린생활시설,주택1,1
27000,관광휴게시설,환승안내소,1
17000,공장,pns건조공장,1
17000,공장,캔디동,1
17000,공장,유지펌프실,1
14000,업무시설,건축자재소매점,1
27000,관광휴게시설,숙박동,1
,,연구소,1
04000,제2종근린생활시설,구멍가계,1
01000,단독주택,관사창고,1
10000,교육연구시설,사대부속여중본관,1
02000,공동주택,근린생활시실,1
01000,단독주택,운동실,1
21000,동물및식물관련시설,동물관력시설,1
03000,제1종근린생활시설,기념각,1
04000,제2종근린생활시설,생약제조장,1
04000,제2종근린생활시설,자동창관련시설,1
27000,관광휴게시설,황룡빵자재창고,1
17000,공장,오일탱크,1
03000,제1종근린생활시설,동산면사무소,1
27000,관광휴게시설,노래방,1
03000,제1종근린생활시설,파출소0,1
08000,운수시설,모타카실,1
05000,문화및집회시설,제2종근린생활,1
Z6000,판매및영업시설,노인정,1
27000,관광휴게시설,정릉비각,1
16000,위락시설,인쇄공장,1
16000,위락시설,관상대,1
21000,동물및식물관련시설,정초,1
15000,숙박시설,미용소,1
17000,공장,단미사료공장,1
17000,공장,배합전실,1
27000,관광휴게시설,수리창고,1
04000,제2종근린생활시설,기타공공시설,1
02000,공동주택,근린생활시설외,1
01000,단독주택,농기계관리창고,1
01000,단독주택,79,1
16000,위락시설,위락시설및제1종근린생활시설,1
18000,창고시설,복비건조창고,1
07000,판매시설,예능계학원및헬스클럽,1
06000,종교시설,상가,1
17000,공장,생산대기실,1
,,냉장창고,1
26000,묘지관련시설,휴계소,1
18000,창고시설,복지관,1
27000,관광휴게시설,가스저장소,1
03000,제1종근린생활시설,3주택,1
17000,공장,벤젠탱크yt,1
Z3000,근린생활시설,원격교환장치,1
04000,제2종근린생활시설,제2종생활시설,1
04000,제2종근린생활시설,22종근린생활시설,1
01000,단독주택,재온,1
27000,관광휴게시설,정원관리사,1
27000,관광휴게시설,초정원탕,1
11000,노유자시설,목욕장,1
17000,공장,제도실,1
04000,제2종근린생활시설,타올제작장,1
27000,관광휴게시설,별당,1
03000,제1종근린생활시설,휴게소및체험장,1
10000,교육연구시설,지정폐기물보관창고,1
14000,업무시설,부동산중개업소,1
21000,동물및식물관련시설,실험축사,1
21000,동물및식물관련시설,육성계실,1
03000,제1종근린생활시설,경비원주택,1
03000,제1종근린생활시설,농기계판매점,1
22000,분뇨.쓰레기처리시설,부속화장실,1
03000,제1종근린생활시설,범어1동주민센터,1
07000,판매시설,조작장,1
18000,창고시설,연도,1
18000,창고시설,제조실,1
17000,공장,no1제어기기,1
Z5000,문화및집회시설,삼강문,1
17000,공장,우진공장,1
24000,방송통신시설,펌프실,1
17000,공장,업무동,1
04000,제2종근린생활시설,대숯가공작업장,1
27000,관광휴게시설,제2산림문화휴양관,1
12000,수련시설,지역자치센터,1
03000,제1종근린생활시설,샷시제조업,1
03000,제1종근린생활시설,연립주택4세대,1
14000,업무시설,81개호,1
14000,업무시설,54세대,1
11000,노유자시설,판매시설및영업시설,1
17000,공장,인쇄기제조업,1
01000,단독주택,농업생산창고,1
Z8000,교육연구및복지시설,행정동,1
03000,제1종근린생활시설,제조업조,1
05000,문화및집회시설,토막집,1
24000,방송통신시설,m,1
02000,공동주택,원룸형11호,1
03000,제1종근린생활시설,식품제조판매소,1
03103,파출소,파출소,1
02000,공동주택,제1종린생활시설,1
04000,제2종근린생활시설,도시형장,1
18000,창고시설,농기구수리소,1
27000,관광휴게시설,일각문,1
27000,관광휴게시설,농산물공동판매장,1
08000,운수시설,쇄빙탑,1
06000,종교시설,참선당,1
01000,단독주택,농산물작업장,1
02000,공동주택,우편물보관창고,1
02000,공동주택,미디어룸,1
15000,숙박시설,생활용숙박시설,1
04000,제2종근린생활시설,방재,1
02000,공동주택,소방용품창고,1
17000,공장,엿가공공장,1
02000,공동주택,오피스텔5호,1
21000,동물및식물관련시설,농업시설물,1
02000,공동주택,evev,1
04000,제2종근린생활시설,다기구주택,1
06000,종교시설,위패실,1
01000,단독주택,신고,1
Z6000,판매및영업시설,체려단련장,1
Z6000,판매및영업시설,약국,1
Z6000,판매및영업시설,주유소,1
21000,동물및식물관련시설,농기게창고,1
17000,공장,c4분석기,1
04999,기타제2종근린생활시설,제2종근생,1
17000,공장,기숙사a동,1
22000,분뇨.쓰레기처리시설,건분장,1
,,상품전시창고,1
19000,위험물저장및처리시설,산업시설군,1
19000,위험물저장및처리시설,수지화장실,1
,,과수저장고,1
22000,분뇨.쓰레기처리시설,농산물저온창고,1
02000,공동주택,p1지하주차장,1
02000,공동주택,임대관리사무실,1
07000,판매시설,야외무대,1
23000,교정및군사시설,창고8,1
19000,위험물저장및처리시설,주유소사무실외2건,1
07000,판매시설,주차타워,1
17000,공장,가정용플라스틱일반성형제품제조업,1
07000,판매시설,게임제공업소외2,1
07000,판매시설,경모당,1
14000,업무시설,농업생산시설,1
02000,공동주택,복리동1,1
04000,제2종근린생활시설,종교집장,1
15000,숙박시설,부동산중개업소,1
17000,공장,원료집진기,1
05000,문화및집회시설,관람실,1
19000,위험물저장및처리시설,도화선고,1
19000,위험물저장및처리시설,가스충전시설,1
17000,공장,건조로실,1
01000,단독주택,필름현상,1
03000,제1종근린생활시설,제1종근린생화리시설,1
11000,노유자시설,회의장,1
01000,단독주택,7가구세대,1
Z6000,판매및영업시설,사무소,1
33000,"국방,군사시설",구로다고,1
04000,제2종근린생활시설,목제건구업,1
01000,단독주택,제2종근린린생활시설,1
16000,위락시설,예식장,1
17000,공장,연구실및공장,1
02000,공동주택,키즈룸1,1
05000,문화및집회시설,가족동물사,1
07000,판매시설,홍보사무실,1
04000,제2종근린생활시설,다자인학원,1
,,직원식당,1
07000,판매시설,대규모,1
19000,위험물저장및처리시설,질소저장소,1
,,옥외계단실,1
02000,공동주택,스토리텔링룸,1
07000,판매시설,주차,1
10000,교육연구시설,학생회관별관,1
,,광산주택,1
11000,노유자시설,어린이집및주택,1
17000,공장,연직동a,1
19000,위험물저장및처리시설,충전용기보관실,1
,,제2종판매취급소,1
21000,동물및식물관련시설,수류,1
18000,창고시설,제재실,1
04000,제2종근린생활시설,관객석,1
21000,동물및식물관련시설,93무허가,1
19000,위험물저장및처리시설,의료가스실,1
,,도토리제분장,1
21000,동물및식물관련시설,농기계쎈타,1
19000,위험물저장및처리시설,유류탱크실,1
04000,제2종근린생활시설,고속정유장,1
04000,제2종근린생활시설,원룸형12세대,1
03999,기타제1종근린생활시설,휴게음식점,1
03000,제1종근린생활시설,장비함,1
18000,창고시설,가정용까스본관창고,1
01000,단독주택,3가구용주택,1
17000,공장,출하장캐노피,1
17000,공장,변전및배전실,1
17000,공장,주부식창고,1
17000,공장,공업용수모타조정실,1
04000,제2종근린생활시설,계층,1
30000,자원순환관련시설,막분리실,1
17000,공장,업종31902,1
21000,동물및식물관련시설,양식업,1
17000,공장,농축기계실,1
17000,공장,서브경비동,1
17000,공장,복리후생동,1
20000,자동차관련시설,장의사차고지,1
02000,공동주택,방재센테,1
17000,공장,공장통로,1
17000,공장,주방및식당및오락실,1
04000,제2종근린생활시설,사무소외1,1
14000,업무시설,사무실및강당,1
04000,제2종근린생활시설,일반상업,1
01000,단독주택,묘사,1
18000,창고시설,연연창고,1
04000,제2종근린생활시설,경비실4,1
04000,제2종근린생활시설,부속물탱크실,1
03000,제1종근린생활시설,w통신시설,1
04000,제2종근린생활시설,육류포장제조업,1
04000,제2종근린생활시설,하계영업,1
12000,수련시설,b동,1
11000,노유자시설,농작업휴게실,1
03000,제1종근린생활시설,남산학유정,1
01000,단독주택,외인숙소,1
03000,제1종근린생활시설,하시경노당,1
11000,노유자시설,부두근로자대기소,1
02000,공동주택,도시형생활주택원룸형다세대,1
03000,제1종근린생활시설,교환대,1
03000,제1종근린생활시설,여성경로당,1
03000,제1종근린생활시설,생하수펌프외,1
03000,제1종근린생활시설,소규모,1
03000,제1종근린생활시설,마을주민쉼터,1
18000,창고시설,농수산물생산시설,1
03000,제1종근린생활시설,오수정화시설,1
03000,제1종근린생활시설,지역아동센터및창고,1
03000,제1종근린생활시설,담수리공판장,1
03000,제1종근린생활시설,관리소대,1
18000,창고시설,농산물보관자동창고,1
03000,제1종근린생활시설,근린생활및위락시설,1
03000,제1종근린생활시설,제1종근린생활시설부속창고,1
03000,제1종근린생활시설,마을농촌체험장,1
03000,제1종근린생활시설,락카룸,1
03000,제1종근린생활시설,자전거포,1
14000,업무시설,농가용창고,1
18000,창고시설,양수발전실,1
03000,제1종근린생활시설,과자제조장,1
17000,공장,가스용기보관창고,1
18000,창고시설,경락고,1
04000,제2종근린생활시설,유도체육관,1
03000,제1종근린생활시설,농산물집하장및선별장,1
21000,동물및식물관련시설,우막사,1
11000,노유자시설,교실및유치원,1
13000,운동시설,운동장본부,1
23000,교정및군사시설,폐차보관소,1
03000,제1종근린생활시설,노인정및회관,1
04000,제2종근린생활시설,목공조립실,1
03000,제1종근린생활시설,마을공동축사,1
03000,제1종근린생활시설,급속사여과지상옥,1
03000,제1종근린생활시설,염소투입,1
03000,제1종근린생활시설,배수관문조작실,1
03000,제1종근린생활시설,농협판매장및사무실,1
11000,노유자시설,재활체육센터,1
17000,공장,전기실b,1
03000,제1종근린생활시설,중대마을작업장,1
02000,공동주택,64,1
03000,제1종근린생활시설,점포및숙박시설,1
03000,제1종근린생활시설,항만관제업무,1
10000,교육연구시설,진수제,1
03000,제1종근린생활시설,배수장시설,1
03000,제1종근린생활시설,수집사무실,1
03000,제1종근린생활시설,공업용수도관리창고,1
04000,제2종근린생활시설,제1종근실생활시설,1
03000,제1종근린생활시설,상장마을회관,1
11000,노유자시설,그늘집,1
03000,제1종근린생활시설,노무자휴계소,1
03000,제1종근린생활시설,전망카페,1
03000,제1종근린생활시설,옥내저장탱크,1
03000,제1종근린생활시설,참기름제조업,1
03000,제1종근린생활시설,사무실및점포및주택,1
03000,제1종근린생활시설,마을안내체험센터,1
03000,제1종근린생활시설,교환기계실,1
11000,노유자시설,회관노인정,1
Z3000,근린생활시설,견사,1
05000,문화및집회시설,공,1
03000,제1종근린생활시설,점포및관리사무실,1
03000,제1종근린생활시설,내손지파출소,1
03000,제1종근린생활시설,농촌지도소지소,1
17000,공장,16동,1
03000,제1종근린생활시설,로데오체험장,1
03000,제1종근린생활시설,관개용수배수지,1
03000,제1종근린생활시설,보천역본체,1
03000,제1종근린생활시설,1구초소,1
03000,제1종근린생활시설,폐수배출시설,1
19000,위험물저장및처리시설,칭고,1
03000,제1종근린생활시설,공중변소겸매점,1
04000,제2종근린생활시설,유독물보관소,1
03000,제1종근린생활시설,통계청,1
17000,공장,개인소독실,1
03000,제1종근린생활시설,광업에부수되는,1
19000,위험물저장및처리시설,unit펌프장,1
17000,공장,금속판제품제조업,1
03000,제1종근린생활시설,관리실및휴게실,1
04000,제2종근린생활시설,호프집,1
19000,위험물저장및처리시설,등,1
19000,위험물저장및처리시설,작업,1
11000,노유자시설,마치경로당,1
01000,단독주택,에이,1
02000,공동주택,근린생활시설및업무시설,1
04000,제2종근린생활시설,관리층,1
11000,노유자시설,저주조,1
11000,노유자시설,아동복지원,1
04000,제2종근린생활시설,애견호텔,1
03000,제1종근린생활시설,의원및다세대주택,1
03000,제1종근린생활시설,농어민체헙장,1
03000,제1종근린생활시설,과수막,1
03000,제1종근린생활시설,과수원관리사,1
04000,제2종근린생활시설,청성문화체육공원,1
03000,제1종근린생활시설,공중탕및약국,1
03000,제1종근린생활시설,수의실동,1
14000,업무시설,상점12호,1
01000,단독주택,물탱크실및,1
03000,제1종근린생활시설,음식점및점포,1
03000,제1종근린생활시설,치사장,1
03000,제1종근린생활시설,어울림센터,1
04000,제2종근린생활시설,운산정,1
11000,노유자시설,부녀아동상담소,1
14000,업무시설,대형,1
17000,공장,j동방사성동위원소저장실,1
03000,제1종근린생활시설,주택및영업용및제1종근린생활시설,1
11000,노유자시설,노인복시시설,1
03000,제1종근린생활시설,마을공동급식시설,1
17000,공장,인쇄관련공장,1
03000,제1종근린생활시설,휴양림부속화장실,1
17000,공장,일반공장및부속시설,1
03000,제1종근린생활시설,가촌새마을회관,1
17000,공장,제4종,1
03000,제1종근린생활시설,업무시설외3,1
10000,교육연구시설,자재보관소2,1
03000,제1종근린생활시설,체1종근린생활시설,1
21000,동물및식물관련시설,사슴사육창고,1
Z3000,근린생활시설,금속압형가공기계제조업,1
21000,동물및식물관련시설,귀뚜라미사육시설,1
17000,공장,바이오동,1
02000,공동주택,이벤트홀,1
02000,공동주택,버너실,1
21000,동물및식물관련시설,축산분뇨,1
02000,공동주택,아파트사무실,1
18000,창고시설,임업창고,1
02000,공동주택,공용세탁카페,1
09000,의료시설,우량,1
22000,분뇨.쓰레기처리시설,위험물저장,1
06000,종교시설,관음보전,1
21000,동물및식물관련시설,19동,1
02000,공동주택,관리동및경로당,1
17000,공장,가넷장비,1
02000,공동주택,근린생활및공동주택,1
04000,제2종근린생활시설,목재소,1
05000,문화및집회시설,열여문,1
14000,업무시설,파출소,1
02000,공동주택,통신실5,1
03000,제1종근린생활시설,여과기동,1
10000,교육연구시설,운동장차양막1,1
17000,공장,폐수저류조,1
02000,공동주택,담소공간,1
20000,자동차관련시설,잠실,1
Z8000,교육연구및복지시설,노인시설,1
10000,교육연구시설,소체육관,1
20000,자동차관련시설,대형버스차고지,1
02000,공동주택,스타트하우스,1
30000,자원순환관련시설,적치동,1
10000,교육연구시설,보이라,1
02000,공동주택,지하주차장케노피,1
17000,공장,저온,1
17000,공장,판매실,1
02000,공동주택,통합방재센터,1
02000,공동주택,일자리창출공간,1
02000,공동주택,자전거거치대,1
27000,관광휴게시설,썰매장기계실,1
03000,제1종근린생활시설,노인정및리사무실,1
18000,창고시설,안양류,1
33000,"국방,군사시설",htacc,1
02000,공동주택,키즈맘센터,1
17000,공장,실험실및식당동,1
02000,공동주택,클린하우스1,1
04000,제2종근린생활시설,위험물취급,1
01000,단독주택,자동차경정비업소,1
10000,교육연구시설,7가구,1
23000,교정및군사시설,부대숙소,1
04000,제2종근린생활시설,감말랭이저장창고,1
02000,공동주택,쓰레기보관함,1
30000,자원순환관련시설,총인관리동,1
04000,제2종근린생활시설,원룸형10세대,1
02000,공동주택,입주민복리시설,1
02000,공동주택,다용도홀,1
19000,위험물저장및처리시설,휴게공간,1
17000,공장,장식용목제품,1
08000,운수시설,천안역사,1
02000,공동주택,대피소997,1
02000,공동주택,기계실928,1
02000,공동주택,깨스실72,1
02000,공동주택,이파트,1
Z8000,교육연구및복지시설,영수단과학원,1
30000,자원순환관련시설,퇴비저장동,1
30000,자원순환관련시설,간이퇴비장,1
17000,공장,통신장비실,1
04000,제2종근린생활시설,pc교육장,1
04000,제2종근린생활시설,교습장,1
17000,공장,블로어,1
17000,공장,점검실,1
17000,공장,lpg가스실,1
02000,공동주택,쓸레기집하시설3,1
19000,위험물저장및처리시설,위락시설,1
02000,공동주택,지하주차장11,1
02000,공동주택,다세대주택및근린생활,1
09000,의료시설,약품제조실,1
30000,자원순환관련시설,재활용선별,1
04000,제2종근린생활시설,회관사무실,1
01000,단독주택,어가용,1
04000,제2종근린생활시설,철물제조,1
17000,공장,s조정실,1
02000,공동주택,스카이갤러리,1
03000,제1종근린생활시설,오폐수처리장,1
01000,단독주택,부속물탱크,1
01000,단독주택,5세다가구용,1
19000,위험물저장및처리시설,농특산물구판장,1
02000,공동주택,관리사무소및주민공동시설1,1
02000,공동주택,크린넷,1
02000,공동주택,제2종근생및다세대,1
02000,공동주택,지역정압실,1
02000,공동주택,제1종관련시설,1
02000,공동주택,피트니스실,1
02000,공동주택,관리소외2건,1
02000,공동주택,폴리1,1
02000,공동주택,분리소,1
02000,공동주택,기계실및지하주차장,1
02000,공동주택,다세대주택4가구,1
02000,공동주택,재활용선별창고2,1
02000,공동주택,생활편익시설외3건,1
02000,공동주택,맘스허브,1
02000,공동주택,마을박물관,1
17000,공장,수소반응실,1
12000,수련시설,레크레이션관,1
13000,운동시설,인공암벽볼더링장,1
30000,자원순환관련시설,경비동,1
02000,공동주택,마을도서관,1
10000,교육연구시설,학원및1,1
13000,운동시설,2종근린생활,1
01000,단독주택,자녀방,1
17000,공장,부대시설식당,1
02000,공동주택,여성문화센터,1
30000,자원순환관련시설,부숙토보관장,1
10000,교육연구시설,학부모회의실,1
03000,제1종근린생활시설,해양경찰,1
17000,공장,장신구공장,1
02000,공동주택,주현연립주택나동3층건물,1
02000,공동주택,어린이방,1
02000,공동주택,사원숙소및교육연구및복지시설,1
02000,공동주택,기계실공용부,1
26000,묘지관련시설,준경묘,1
03000,제1종근린생활시설,창고0,1
06000,종교시설,및교육연구및복지시설,1
03000,제1종근린생활시설,자동차썬팅용품점,1
01000,단독주택,단독주택및2종근,1
02000,공동주택,사무실및기숙사,1
21000,동물및식물관련시설,개인소독실,1
30000,자원순환관련시설,뷴뇨및쓰레기처리시설,1
19000,위험물저장및처리시설,취급저장소,1
02000,공동주택,옥외계단5,1
02000,공동주택,관리사무소및m,1
Z5000,문화및집회시설,부목실,1
03000,제1종근린생활시설,제1종근린생활시설공중,1
17000,공장,촉매재생설비,1
27000,관광휴게시설,부속바베큐장,1
13000,운동시설,카트보관창고,1
02000,공동주택,임대운영사무실,1
02000,공동주택,시니어스클럽,1
01000,단독주택,관리인실,1
05000,문화및집회시설,붕개량형,1
02000,공동주택,팔각정,1
10000,교육연구시설,제품양생실,1
10000,교육연구시설,종자저장고,1
02000,공동주택,실내체육과,1
,,식품가공소,1
,,농기계보관용창고,1
19000,위험물저장및처리시설,폐고무,1
10000,교육연구시설,광산관,1
23000,교정및군사시설,통합정비고,1
17000,공장,기타건축품제조업,1
13000,운동시설,연구시설,1
19000,위험물저장및처리시설,제1종근린생활싯설,1
,,돈분처리시설,1
04000,제2종근린생활시설,1종그린생활시설,1
07000,판매시설,정자,1
13000,운동시설,쓰레기,1
17000,공장,창고및업무시설,1
02000,공동주택,원룸형주택10세대,1
Z8000,교육연구및복지시설,학교별장,1
19000,위험물저장및처리시설,가스판매및가스보관창고,1
19000,위험물저장및처리시설,화학류저장소,1
07000,판매시설,수산물유통센터,1
14000,업무시설,36개실,1
17000,공장,금속열처리업,1
19000,위험물저장및처리시설,위험물저장소2,1
03000,제1종근린생활시설,창소시설,1
18000,창고시설,외국어학원,1
17000,공장,물탱크식,1
05000,문화및집회시설,은행,1
26000,묘지관련시설,제2근린생활시설,1
07000,판매시설,공동위판장,1
19000,위험물저장및처리시설,폐열보일러실,1
18000,창고시설,주거용주택,1
14000,업무시설,펌프,1
10000,교육연구시설,샤워,1
19000,위험물저장및처리시설,100,1
21000,동물및식물관련시설,91,1
13000,운동시설,곤도라,1
01000,단독주택,대청,1
18000,창고시설,톱밥저장창고,1
21000,동물및식물관련시설,고압여과기,1
02000,공동주택,창업교육센터,1
04000,제2종근린생활시설,도시형생활주택외,1
17000,공장,냉방설비,1
01000,단독주택,1종소매점,1
18000,창고시설,송정마을공동농기계보관창고,1
01000,단독주택,임가공실,1
18000,창고시설,창고시러,1
01000,단독주택,농산물보관소,1
18000,창고시설,콤프실,1
18000,창고시설,제당,1
01000,단독주택,샤워,1
18000,창고시설,단감선별창고,1
17000,공장,골재공급장,1
18000,창고시설,물류지원창고,1
04000,제2종근린생활시설,과일즙생산시설,1
21000,동물및식물관련시설,축사부지조성,1
21000,동물및식물관련시설,동물침식물관련시설,1
21000,동물및식물관련시설,이유자돈사창고,1
15000,숙박시설,137,1
18000,창고시설,화물계량,1
21000,동물및식물관련시설,악품창고,1
21000,동물및식물관련시설,배수침전조,1
19000,위험물저장및처리시설,위헙물저장,1
18000,창고시설,경비실및창고,1
21000,동물및식물관련시설,환경식축사,1
18000,창고시설,농산물건조및보관창고,1
04000,제2종근린생활시설,5층,1
21000,동물및식물관련시설,식품,1
01000,단독주택,주거용농촌주택,1
21000,동물및식물관련시설,임시관리사,1
01000,단독주택,삼계고등학교,1
21000,동물및식물관련시설,사료보관저온저장고,1
18000,창고시설,운동구창고,1
18000,창고시설,과실저장고및관리사,1
18000,창고시설,감말랭이저장창고,1
03000,제1종근린생활시설,농기계부품소매점,1
03000,제1종근린생활시설,미요원,1
17000,공장,수산물가공및,1
18000,창고시설,농가용창고및관리사,1
01000,단독주택,평목조,1
18000,창고시설,양송이창고,1
01000,단독주택,등유판매점,1
18000,창고시설,잠견공판장,1
17000,공장,씽크대제조,1
18000,창고시설,연초건조실,1
18000,창고시설,수산물위판장,1
19000,위험물저장및처리시설,출하장1,1
21000,동물및식물관련시설,폐수처리장기계실,1
21000,동물및식물관련시설,병버섯재배사,1
17000,공장,벳처,1
18000,창고시설,지대하역장,1
21000,동물및식물관련시설,영구버섯재배사,1
01000,단독주택,교육시설및복지시설,1
01000,단독주택,장독,1
13000,운동시설,축구장샤워실,1
18000,창고시설,농가주택외1,1
18000,창고시설,농산물집하시설,1
01000,단독주택,별체,1
18000,창고시설,농기기계창고,1
21000,동물및식물관련시설,조직배양사,1
18000,창고시설,농업용창고및동식물관련시설관리사,1
20000,자동차관련시설,동,1
21000,동물및식물관련시설,농업용건조시설,1
08000,운수시설,충전실,1
17000,공장,구조용금속판제품제조,1
18000,창고시설,농업자재창고,1
20000,자동차관련시설,차량관리사무실,1
01000,단독주택,농수산물저온저장고,1
18000,창고시설,사슴사육사,1
18000,창고시설,화물창고시설,1
01000,단독주택,관련제품제조업,1
17000,공장,2호소성실,1
18000,창고시설,창고영업,1
18000,창고시설,고물야적창고,1
21000,동물및식물관련시설,모패사육장,1
01000,단독주택,영업주택,1
01000,단독주택,지사관사,1
21000,동물및식물관련시설,축사및단독주택,1
18000,창고시설,냉연2창고,1
13000,운동시설,체육,1
21000,동물및식물관련시설,간이축사시설,1
22000,분뇨.쓰레기처리시설,최조침전지,1
18000,창고시설,해태가건조장,1
18000,창고시설,숙성조,1
14000,업무시설,오피스텔16호,1
18000,창고시설,창고및곶감건조장,1
25000,발전시설,부속전기실,1
18000,창고시설,소형저장고,1
21000,동물및식물관련시설,목장우사,1
04000,제2종근린생활시설,복지,1
01000,단독주택,농가주택및농업생산,1
01000,단독주택,다가구1가구,1
02000,공동주택,270,1
21000,동물및식물관련시설,톱밥우사및창고,1
18000,창고시설,채운2리공동농기계보관창고,1
06000,종교시설,대광전,1
15000,숙박시설,정수실,1
14000,업무시설,방역창고및,1
17000,공장,방향족조정실,1
14000,업무시설,사무실및주택,1
03000,제1종근린생활시설,대청호수질개선시설,1
22000,분뇨.쓰레기처리시설,폐기물처리장및사무실,1
03000,제1종근린생활시설,1종그린,1
03000,제1종근린생활시설,다가구주택6가구,1
24000,방송통신시설,catv,1
04000,제2종근린생활시설,금정배수지,1
21000,동물및식물관련시설,축분발효,1
03000,제1종근린생활시설,유통,1
17000,공장,과실및채소주스제조,1
04000,제2종근린생활시설,판매유통시설,1
01000,단독주택,농임산물가공시설,1
18000,창고시설,개선사업,1
04000,제2종근린생활시설,및근생,1
04000,제2종근린생활시설,포장용완충제제조업,1
01000,단독주택,농가용주태,1
26000,묘지관련시설,외,1
01000,단독주택,44년,1
01000,단독주택,2종근링생활시설,1
17000,공장,수유동,1
04000,제2종근린생활시설,tv화상경륜장,1
22000,분뇨.쓰레기처리시설,쓰레기처시설,1
02000,공동주택,경로식당겸강당,1
02000,공동주택,다목적전시공간실,1
14000,업무시설,식물,1
31000,야영장시설,놀이공간,1
21000,동물및식물관련시설,유조장,1
,,배저장창고,1
01000,단독주택,농산물저장시설,1
,,공동화장실,1
10000,교육연구시설,사료관,1
17000,공장,송풍기실1,1
05000,문화및집회시설,닭장,1
05000,문화및집회시설,본영,1
08000,운수시설,수화물취급소,1
19000,위험물저장및처리시설,리프트실,1
04000,제2종근린생활시설,소금제조,1
01000,단독주택,점포사무실,1
19000,위험물저장및처리시설,lpg검사장,1
17000,공장,직원편의시설,1
04000,제2종근린생활시설,지역특산품가공,1
03000,제1종근린생활시설,유흥음식접,1
06000,종교시설,관음암,1
01000,단독주택,93농촌주택개량지원대상자,1
17000,공장,운전원,1
17000,공장,spe,1
04000,제2종근린생활시설,875,1
10000,교육연구시설,가3동,1
17000,공장,팬콘베이어대,1
19000,위험물저장및처리시설,윤활유저장소,1
21000,동물및식물관련시설,톱밥발효정화조,1
05000,문화및집회시설,대공상담실,1
11000,노유자시설,보유시설,1
04000,제2종근린생활시설,221동,1
19000,위험물저장및처리시설,tnhal,1
06000,종교시설,주차관리소,1
26000,묘지관련시설,동물화장,1
Z3000,근린생활시설,근린생활시설및교육연구,1
18000,창고시설,방풍실,1
17000,공장,열량계실,1
02000,공동주택,폐기물저장소,1
10000,교육연구시설,제3별관,1
02000,공동주택,관리사무소m,1
05000,문화및집회시설,mdf포함,1
04000,제2종근린생활시설,전자저항기제조업,1
Z3000,근린생활시설,사무실및장비고,1
27000,관광휴게시설,강연홀,1
17000,공장,육제조가공,1
01000,단독주택,a사택,1
Z3000,근린생활시설,위생시설,1
25000,발전시설,소화펌프동,1
04000,제2종근린생활시설,재조업,1
15000,숙박시설,카저장고,1
01000,단독주택,갈포제조소,1
03000,제1종근린생활시설,주민지원센터,1
03000,제1종근린생활시설,업무시설및제1,1
Z3000,근린생활시설,9가구,1
18000,창고시설,개선반창고,1
20000,자동차관련시설,폐자재창고,1
14000,업무시설,제2종근린생황시설,1
05000,문화및집회시설,pit빌딩,1
19000,위험물저장및처리시설,가스용기보관동,1
01000,단독주택,시무실,1
24000,방송통신시설,부속동,1
17000,공장,생약가공공장,1
18000,창고시설,생약집하장,1
17000,공장,lpg탱크,1
03000,제1종근린생활시설,한우,1
04000,제2종근린생활시설,99,1
04000,제2종근린생활시설,제재업공장,1
17000,공장,전산장비실,1
04000,제2종근린생활시설,면류제조업,1
03000,제1종근린생활시설,전경대수용내무반,1
17000,공장,목공예제조공장,1
19000,위험물저장및처리시설,위험물취급및보관소,1
08000,운수시설,군사시설,1
23000,교정및군사시설,일반b2,1
02000,공동주택,저장탱크,1
02000,공동주택,가동아파트,1
11000,노유자시설,예체능계,1
24000,방송통신시설,원력교환장치,1
04000,제2종근린생활시설,농산물보관,1
03000,제1종근린생활시설,어업인복지회관겸대기소,1
17000,공장,판금실,1
14000,업무시설,강습소,1
17000,공장,정제연료,1
17000,공장,유탱크,1
24000,방송통신시설,무선통신중계탑,1
Z3000,근린생활시설,휴계음식점,1
03000,제1종근린생활시설,공방,1
29000,장례시설,다가구주택,1
02000,공동주택,케노피,1
17000,공장,원예가공,1
04000,제2종근린생활시설,일용소매소,1
27000,관광휴게시설,남강,1
24000,방송통신시설,신호계전기실,1
04000,제2종근린생활시설,인쇄사,1
17000,공장,건미역1차,1
17000,공장,f공장,1
17000,공장,원수처리실,1
17000,공장,유틸리티조정실,1
24000,방송통신시설,전화국기계실,1
17000,공장,폐지창고,1
08000,운수시설,화물자동차주차장,1
08000,운수시설,근로자휴게실,1
04000,제2종근린생활시설,장갑편조업공장,1
03000,제1종근린생활시설,법전파출소,1
01000,단독주택,정주생활권개발사업,1
24000,방송통신시설,중계탑기계실,1
17000,공장,감시제어반실,1
Z3000,근린생활시설,빗물펌프장,1
21000,동물및식물관련시설,건조만을,1
19000,위험물저장및처리시설,처리시설및자동차관련시설,1
04000,제2종근린생활시설,된장제조장,1
04000,제2종근린생활시설,다용도,1
17000,공장,곡물및과자류업,1
26000,묘지관련시설,향대청,1
11000,노유자시설,2이상은,1
02000,공동주택,일반상가,1
02000,공동주택,복리후생시설동,1
02000,공동주택,주민회합실,1
02000,공동주택,104동뒤,1
17000,공장,치과의원,1
03000,제1종근린생활시설,집무시설,1
19000,위험물저장및처리시설,기계유저장소,1
30000,자원순환관련시설,사무실동,1
17000,공장,변전기계실,1
03000,제1종근린생활시설,전력변환장치실5,1
15000,숙박시설,교회,1
17000,공장,d기타조립금속제조,1
01000,단독주택,부속창고및주차장,1
02000,공동주택,가스제어실,1
03000,제1종근린생활시설,문화교류원,1
02000,공동주택,어르신복지센터,1
16000,위락시설,이용원,1
11000,노유자시설,옥탑,1
21000,동물및식물관련시설,개방우사,1
02000,공동주택,커뮤니티센터1,1
23000,교정및군사시설,위성통신시설,1
04000,제2종근린생활시설,윤활유보관및판매소,1
30000,자원순환관련시설,하수슬러지처리시설,1
02000,공동주택,방법초소,1
19000,위험물저장및처리시설,gas탱크실,1
22000,분뇨.쓰레기처리시설,b,1
19000,위험물저장및처리시설,house동,1
,,발칸후문,1
02000,공동주택,캐슬갤러리,1
01000,단독주택,외주택,1
02000,공동주택,지하주차장계단,1
33000,"국방,군사시설",숙박시설,1
17000,공장,가공절연코드,1
17000,공장,세트제조장,1
17000,공장,망간동,1
21000,동물및식물관련시설,냉동냉장실,1
31000,야영장시설,샤워장및취사장,1
01000,단독주택,과수저온창고,1
21000,동물및식물관련시설,농기계수리센타,1
Z3000,근린생활시설,대중이용소,1
17000,공장,2pc,1
01000,단독주택,다가구및다중주택,1
18000,창고시설,폐현수막창고,1
10000,교육연구시설,급식식,1
06000,종교시설,숙소및회의실,1
17000,공장,필터프레스룸,1
11000,노유자시설,노숙인쉼터,1
01000,단독주택,창고보이러실,1
05000,문화및집회시설,tv경륜장,1
16000,위락시설,병원,1
04000,제2종근린생활시설,게임방,1
01000,단독주택,교회사무실,1
11000,노유자시설,복지지시설,1
04000,제2종근린생활시설,도매,1
02000,공동주택,602동1층피로티,1
11000,노유자시설,4인실,1
17000,공장,기계가공공장,1
21000,동물및식물관련시설,방앗간,1
17000,공장,전자기계부품제작,1
17000,공장,시험분석실,1
21000,동물및식물관련시설,모정,1
05000,문화및집회시설,주차부스,1
17000,공장,조작실및창고,1
17000,공장,콤푸레샤실4,1
17000,공장,담배제품제조공장,1
02000,공동주택,근무자실,1
17000,공장,철판가공장,1
10000,교육연구시설,농자재,1
10000,교육연구시설,카누훈련장,1
03000,제1종근린생활시설,농산어촌체험시설,1
17000,공장,식당보조작업장,1
18000,창고시설,및식물관련시설,1
04000,제2종근린생활시설,곡물가공,1
17000,공장,폐약일시저치장,1
17000,공장,제대공장,1
10000,교육연구시설,학원및다가구주택,1
17000,공장,보일러실및콤퓨레샤실,1
17000,공장,기계실및창고,1
17000,공장,콘베이어하우스,1
04000,제2종근린생활시설,주차기,1
17000,공장,고압냉동실,1
17000,공장,가습기,1
17000,공장,아세치린발생실,1
04000,제2종근린생활시설,세음루,1
17000,공장,방갈로,1
17000,공장,폐기물보관,1
17000,공장,새마을가공공장,1
04000,제2종근린생활시설,초소1,1
17000,공장,생기지원동,1
19000,위험물저장및처리시설,분뇨처리시설,1
17000,공장,공장구조,1
17000,공장,황토벽돌공장,1
19000,위험물저장및처리시설,수소가스충전실,1
21000,동물및식물관련시설,액비저장탱크조,1
03000,제1종근린생활시설,공구,1
17000,공장,제2연결건물,1
17000,공장,골재계량호퍼,1
05000,문화및집회시설,미용실,1
17000,공장,im준비실,1
17000,공장,공장층,1
17000,공장,원염창고,1
17000,공장,폐약소각장,1
12000,수련시설,파고라,1
13000,운동시설,보조구장관람석,1
17000,공장,곡물보관창고,1
11000,노유자시설,보금자리주택,1
08000,운수시설,계단실,1
17000,공장,공장및기계실,1
17000,공장,식혜공장,1
17000,공장,공파렌트보관함,1
05000,문화및집회시설,다수,1
17000,공장,2지구광산휴게실,1
17000,공장,반도체조립공장,1
17000,공장,탄산수제조공장,1
14000,업무시설,188호,1
17000,공장,농어촌특산단지,1
Z5000,문화및집회시설,2가구,1
02000,공동주택,키스,1
09000,의료시설,외2건,1
17000,공장,폐각소각장관리실,1
17000,공장,젖갈저림공장,1
04000,제2종근린생활시설,창고및근생,1
04000,제2종근린생활시설,식품소분작업장,1
29000,장례시설,교육연구시설,1
17000,공장,계분적재창고,1
22000,분뇨.쓰레기처리시설,재활용제품창고,1
17000,공장,농업용건조시설,1
01000,단독주택,현상소,1
14000,업무시설,수련시설,1
04000,제2종근린생활시설,해남사,1
10000,교육연구시설,수위실후문,1
03000,제1종근린생활시설,초,1
17000,공장,파쇄기계실,1
17000,공장,청자전시장,1
01000,단독주택,복지시설외1용도,1
15000,숙박시설,5동,1
17000,공장,샤워장및탈의실,1
17000,공장,콤푸레샤실5,1
17000,공장,자원화시설,1
17000,공장,목재표면처리및방부처리,1
03000,제1종근린생활시설,목공예장,1
14000,업무시설,중매인,1
17000,공장,흡음실,1
17000,공장,화학물주입실,1
17000,공장,청자전시실,1
17000,공장,탈기기실,1
17000,공장,산화재제조공장,1
04000,제2종근린생활시설,2근린생활시설및창고,1
17000,공장,기계실및저장창고,1
17000,공장,모니터실,1
03000,제1종근린생활시설,해주기씨정지공파,1
17000,공장,카본블랙포장공장,1
15000,숙박시설,분리수거,1
03000,제1종근린생활시설,마을공동이용시설물,1
17000,공장,새마을구판장,1
11000,노유자시설,생활문화관,1
04000,제2종근린생활시설,제2존긍린생활시설,1
04000,제2종근린생활시설,위험물처리및보관시설,1
17000,공장,휴게및식당,1
17000,공장,시작실험실,1
03000,제1종근린생활시설,인천부개동우체국,1
04000,제2종근린생활시설,부동중개사무소,1
17000,공장,암롤주차장,1
17000,공장,북평공장사무실,1
17000,공장,슬러지창고,1
19000,위험물저장및처리시설,자가발전실,1
17000,공장,우드실,1
27000,관광휴게시설,통합오수처리장,1
17000,공장,3호예열실,1
14000,업무시설,자연휴양림,1
17000,공장,대경포장실,1
17000,공장,공장및근린생활시설창고,1
04000,제2종근린생활시설,남,1
17000,공장,공해공장및관리사,1
17000,공장,스팀터어빈,1
17000,공장,제품판매에,1
20000,자동차관련시설,감시초소,1
17000,공장,수성제조실,1
17000,공장,삼양사,1
17000,공장,자동차부품제조공장,1
17000,공장,제조공실,1
18000,창고시설,농산물집하장및저온저장시설,1
17000,공장,보전부정비샵,1
03000,제1종근린생활시설,협동주택,1
,,충효각,1
01000,단독주택,2가구0,1
17000,공장,엔진시험실,1
04000,제2종근린생활시설,자동차매매점,1
17000,공장,소방서,1
17000,공장,본관동사무실,1
17000,공장,합숙소변소,1
17000,공장,도자기공장및화장실,1
17000,공장,청경실,1
17000,공장,분산냉각수처리실,1
17000,공장,전시장외,1
17000,공장,강판저장창고,1
17000,공장,굴건조장,1
17000,공장,선박부품수리공장,1
21000,동물및식물관련시설,설물정리실,1
04000,제2종근린생활시설,가정보육시설,1
17000,공장,출고주유소,1
03000,제1종근린생활시설,식품제조판매업,1
17000,공장,금속가공실,1
17000,공장,상옥시설,1
17000,공장,탈수조,1
21000,동물및식물관련시설,공장창고,1
17000,공장,왁스공장,1
17000,공장,골판지공장,1
17000,공장,콜밀변압기실,1
17000,공장,제품교정동,1
17000,공장,탄재적차장,1
17000,공장,고밀도순환압축실,1
17000,공장,원료혼합사이로기계실,1
17000,공장,낙농지원센터,1
13000,운동시설,그늘집10,1
09000,의료시설,연구시설,1
17000,공장,소성공장,1
17000,공장,재공품보관창고,1
Z8000,교육연구및복지시설,진료실,1
17000,공장,시멘트공급공장,1
17000,공장,리싸이클콤프레샤실,1
17000,공장,완제품생산공장,1
17000,공장,고가초소1,1
01000,단독주택,주택홀,1
17000,공장,석재공장및작업장,1
17000,공장,자연순환소,1
01000,단독주택,금융업,1
17000,공장,차량보관장,1
17000,공장,도자기및재료공장,1
11000,노유자시설,전시관,1
17000,공장,stack,1
17000,공장,폐수저장및펌프실,1
17000,공장,폐기물야적장,1
17000,공장,유무선통신기기제조업,1
17000,공장,효과실,1
17000,공장,석회석홉퍼,1
19000,위험물저장및처리시설,세차기비가림시설,1
17000,공장,스파이탈펌프실,1
17000,공장,도자기가마실및공장,1
17000,공장,전기충전기실,1
17000,공장,발열량계실,1
17000,공장,석물가공공장,1
Z5000,문화및집회시설,원장실,1
04000,제2종근린생활시설,업무근린생활시설,1
22000,분뇨.쓰레기처리시설,쓰레기철리시설,1
17000,공장,가스점검장,1
17000,공장,도크사무동,1
02000,공동주택,자하저수조,1
18000,창고시설,씨,1
17000,공장,김가공건조공장,1
22000,분뇨.쓰레기처리시설,생활폐기물처리시설,1
17000,공장,2소방밸브실,1
15000,숙박시설,농수산물,1
15000,숙박시설,서비스동,1
17000,공장,집진기1호실,1
17000,공장,폴리올파이롯트실험실,1
17000,공장,혼동공실,1
25000,발전시설,전기실및질소저장소,1
17000,공장,펌푸장,1
17000,공장,유류보관장,1
Z3000,근린생활시설,마을공동모정,1
17000,공장,22수배전설비동,1
17000,공장,탈수기실및채양,1
Z6000,판매및영업시설,농산물공판장,1
17000,공장,동위원소저장실,1
10000,교육연구시설,사회대도서관,1
17000,공장,구술공장,1
04000,제2종근린생활시설,유리제조업장,1
17000,공장,조약실,1
17000,공장,리페어장,1
17000,공장,사일로동,1
17000,공장,동물실험동,1
17000,공장,폐수처리정화시설,1
17000,공장,주작업장,1
17000,공장,제관실,1
17000,공장,자재하치창고,1
01000,단독주택,다가용단독구주택,1
03000,제1종근린생활시설,맹1리새마을회관,1
17000,공장,현장분석실n02,1
05000,문화및집회시설,주택전시관,1
17000,공장,1원동,1
18000,창고시설,예조실,1
25000,발전시설,테니스장관람동,1
15000,숙박시설,물탱크및기계실,1
05000,문화및집회시설,배양실,1
10000,교육연구시설,급식소및강당,1
27000,관광휴게시설,영춘정,1
26000,묘지관련시설,군막사,1
05000,문화및집회시설,종합체육관,1
21000,동물및식물관련시설,탈의장,1
17000,공장,크리닝룸,1
18000,창고시설,보전실,1
21000,동물및식물관련시설,임목육종실,1
05000,문화및집회시설,경륜,1
04000,제2종근린생활시설,거실,1
01000,단독주택,조립식판넬조,1
03000,제1종근린생활시설,b창고,1
03000,제1종근린생활시설,대피호및노유자시설및,1
01000,단독주택,식품제조창고,1
18000,창고시설,제2존근린생활시설,1
13000,운동시설,대중골프,1
03000,제1종근린생활시설,가스공급,1
18000,창고시설,유류탱크,1
01000,단독주택,생및창고,1
17000,공장,기계실및대피실,1
01000,단독주택,곡물시장,1
02000,공동주택,주민독서실,1
14000,업무시설,차양,1
03000,제1종근린생활시설,도시체험공간,1
15000,숙박시설,101동,1
02000,공동주택,주민운동시설2,1
02000,공동주택,주민회의실등,1
09000,의료시설,관사,1
02000,공동주택,차량부스,1
21000,동물및식물관련시설,사료배합소,1
03000,제1종근린생활시설,관림집회시설,1
05000,문화및집회시설,주유소,1
10000,교육연구시설,교육시설연구,1
01000,단독주택,92년도,1
02000,공동주택,관리부대시설,1
05000,문화및집회시설,안전체험관,1
02000,공동주택,시설및,1
04000,제2종근린생활시설,숙박시설및근린시설,1
02000,공동주택,주민공동계단,1
02000,공동주택,102호,1
15000,숙박시설,또는,1
02000,공동주택,노인복지지원실,1
17000,공장,대회의실,1
10000,교육연구시설,교육연구및노인복지시설,1
02000,공동주택,아파트30세대,1
17000,공장,공장부속사,1
10000,교육연구시설,건조시설,1
03000,제1종근린생활시설,214동,1
03000,제1종근린생활시설,오,1
01000,단독주택,97농가주택개량사업,1
02000,공동주택,생활편익시설및의료시설,1
02000,공동주택,게스트하우스3,1
17000,공장,출하장사무실,1
17000,공장,액젖공장,1
15205,휴양콘도미니엄,휴양콘도미니엄,1
02000,공동주택,181세대,1
03000,제1종근린생활시설,방재,1
04000,제2종근린생활시설,사찰화장실,1
02000,공동주택,댜세대,1
02000,공동주택,근린및아파트,1
02000,공동주택,썬큰계단,1
02000,공동주택,재황용품보관소,1
02000,공동주택,산단근로자편의시설,1
02000,공동주택,공주변소,1
02000,공동주택,익시설,1
02000,공동주택,주민공방실,1
02000,공동주택,deck하부주차장,1
02000,공동주택,주민나눔카페,1
02000,공동주택,기후쉘터,1
02000,공동주택,종합관리사무소,1
17000,공장,크링카트랜스포트,1
14000,업무시설,종업원숙소,1
17000,공장,이미용가구제조업,1
17000,공장,stkk주조실,1
02000,공동주택,106동지하층미화원휴게시설,1
17000,공장,레미콘공장시멘트저장사이로,1
04000,제2종근린생활시설,지하층,1
02000,공동주택,생태학습관,1
02000,공동주택,동출입구,1
20000,자동차관련시설,교육훈련실,1
01000,단독주택,농가지원주택,1
22000,분뇨.쓰레기처리시설,식물,1
02000,공동주택,빗물저수조기계실,1
02000,공동주택,쓰레기재활용장,1
18000,창고시설,c창고신축공사,1
02000,공동주택,노인정및독서실,1
02000,공동주택,전기실3,1
17000,공장,자재검수대기장,1
03000,제1종근린생활시설,소개업소,1
13000,운동시설,로울러,1
19000,위험물저장및처리시설,청소년유기장,1
03000,제1종근린생활시설,a형,1
05000,문화및집회시설,우체국,1
02000,공동주택,재활용품보관소등,1
10000,교육연구시설,농수산업관련연구및시험시설,1
01000,단독주택,쇔점,1
Z6000,판매및영업시설,도매시장,1
02000,공동주택,생활편익시설및부대시설,1
02000,공동주택,재활용쓰레기저장소,1
11000,노유자시설,문화생활시설,1
30000,자원순환관련시설,신설탈취동전기실,1
17000,공장,bd운전원대기실,1
10000,교육연구시설,친환경생태,1
01000,단독주택,d21,1
17000,공장,빗자타워,1
27000,관광휴게시설,관측대,1
04000,제2종근린생활시설,제2종근생및제1종근생,1
22000,분뇨.쓰레기처리시설,재이용및안정화시설,1
02000,공동주택,지하주차장외부계단,1
03000,제1종근린생활시설,2종근린생활설,1
03000,제1종근린생활시설,농산물직거래장,1
30000,자원순환관련시설,급기타워6,1
18000,창고시설,멸치액젖보관시설,1
02000,공동주택,중앙기계실2,1
02000,공동주택,저수조및,1
02000,공동주택,음식물쓰레기발효기실,1
03000,제1종근린생활시설,일반상업,1
02000,공동주택,대령관사,1
18000,창고시설,체력단련장,1
06000,종교시설,교육,1
07000,판매시설,감시제어반실,1
02000,공동주택,알파스페이스,1
03000,제1종근린생활시설,위락시설노래방,1
Z3000,근린생활시설,찜질방,1
05000,문화및집회시설,1민속문화재,1
03000,제1종근린생활시설,항만하역출하기지,1
03000,제1종근린생활시설,제1종ㆍ2종근린생활시설,1
01000,단독주택,수조실,1
17000,공장,c1502a,1
17000,공장,회전기계창고1,1
17000,공장,rpf보일러실,1
24000,방송통신시설,송신시설,1
08000,운수시설,처소,1
04000,제2종근린생활시설,어업용품작업장,1
03000,제1종근린생활시설,213동,1
Z9000,공공용시설,문화및집회시설,1
01000,단독주택,교화전,1
10000,교육연구시설,재2종근린생활시설,1
21000,동물및식물관련시설,분건조실,1
24000,방송통신시설,기초,1
01000,단독주택,안경공장,1
04000,제2종근린생활시설,도시형생활주택원룸형6,1
01000,단독주택,건축자재점,1
22000,분뇨.쓰레기처리시설,실증플랜트보호시설,1
01000,단독주택,일반게임제공업시설,1
11000,노유자시설,미혼모,1
03000,제1종근린생활시설,진서면창고,1
01000,단독주택,점포및대중음식점,1
02000,공동주택,건강지원시설,1
02000,공동주택,전기실및저수조,1
05000,문화및집회시설,인천상륙작전기념관,1
18000,창고시설,콤프레샤,1
17000,공장,지역오폐수병합처리장,1
04000,제2종근린생활시설,19호,1
19000,위험물저장및처리시설,전시시설,1
10000,교육연구시설,및단독주택,1
13000,운동시설,숙소동,1
17000,공장,식용해조류가공공장,1
17000,공장,34,1
17000,공장,기타곡물가공품제조,1
18000,창고시설,위탁영농회사농기계보관,1
02000,공동주택,27개소,1
Z3000,근린생활시설,지도소사무실,1
17000,공장,폐기물처리,1
05000,문화및집회시설,충무사,1
17000,공장,샘플보관장,1
18000,창고시설,농기구사,1
03000,제1종근린생활시설,미곡상,1
05000,문화및집회시설,안내센터동,1
03000,제1종근린생활시설,공용샤워실,1
18000,창고시설,3동,1
17000,공장,제조가공업,1
Z3000,근린생활시설,근린생활실설,1
19000,위험물저장및처리시설,액화가스취급소및사무실,1
17000,공장,숙사a,1
03000,제1종근린생활시설,국립공원관리공단,1
24000,방송통신시설,요월실,1
05000,문화및집회시설,교육연구및지시설,1
24000,방송통신시설,방탐실,1
04000,제2종근린생활시설,가내공업작업장,1
10000,교육연구시설,특별교사동,1
02000,공동주택,다세대형8세대,1
04000,제2종근린생활시설,작설차제조업,1
17000,공장,고효율,1
17000,공장,소둔토전기실,1
02000,공동주택,입주자회의실102,1
18000,창고시설,목욕장,1
21000,동물및식물관련시설,식물관련서설,1
18000,창고시설,수리,1
03000,제1종근린생활시설,변소및계단,1
04000,제2종근린생활시설,건어물판매,1
03000,제1종근린생활시설,2종근린생활시설2,1
Z3000,근린생활시설,일용품,1
04000,제2종근린생활시설,종근린생활,1
14000,업무시설,문화및집회서설,1
17000,공장,정수재처리시설,1
18000,창고시설,저광사,1
15000,숙박시설,연인숙,1
01000,단독주택,다중주택11가구,1
02000,공동주택,헬스및요가장,1
01000,단독주택,부태시설,1
03000,제1종근린생활시설,장의관련시설,1
17000,공장,자동화창고canopy,1
14000,업무시설,대피호,1
04000,제2종근린생활시설,양조제조,1
20000,자동차관련시설,공용,1
15000,숙박시설,승강기,1
14000,업무시설,302동,1
02000,공동주택,24ea,1
02000,공동주택,장난감라운지,1
01000,단독주택,총7가구,1
01000,단독주택,가내공업장,1
17000,공장,ep완제품창고,1
22000,분뇨.쓰레기처리시설,반송슬러지펌프동,1
21000,동물및식물관련시설,외4,1
17000,공장,si,1
06000,종교시설,방송실,1
17000,공장,가옥,1
03000,제1종근린생활시설,154kv,1
04000,제2종근린생활시설,주차공용홀,1
15000,숙박시설,전기,1
04000,제2종근린생활시설,목재건구제조업장,1
06000,종교시설,화장사,1
10000,교육연구시설,남자기숙사a동,1
03000,제1종근린생활시설,도원동사무소,1
11000,노유자시설,소사식영아원,1
01000,단독주택,탈곡장,1
04000,제2종근린생활시설,조립식조,1
18000,창고시설,전기자재보관,1
10000,교육연구시설,부속건축물,1
17000,공장,d공장캐노피,1
04000,제2종근린생활시설,세면장변소,1
21000,동물및식물관련시설,콩나물작물재배사,1
13000,운동시설,기록실,1
17000,공장,플레이커하우스,1
04000,제2종근린생활시설,식당및교육관,1
04000,제2종근린생활시설,차고및창고,1
04000,제2종근린생활시설,서사,1
04000,제2종근린생활시설,축산물가공작업장,1
03000,제1종근린생활시설,생및관광휴게시설,1
04000,제2종근린생활시설,교회신축,1
04000,제2종근린생활시설,권씨제실,1
06000,종교시설,제실및묘사,1
21000,동물및식물관련시설,종모마사,1
06000,종교시설,국사1당,1
14000,업무시설,이발소,1
03000,제1종근린생활시설,2종근생및주차장,1
17000,공장,장비보관소,1
03000,제1종근린생활시설,주민생활관,1
17000,공장,탈황제어실,1
11000,노유자시설,노인회관및창고,1
03000,제1종근린생활시설,점포및음식점및근린생활시설,1
03000,제1종근린생활시설,종친회관,1
03000,제1종근린생활시설,수위실및화장실,1
03000,제1종근린생활시설,창고및옥탑,1
03000,제1종근린생활시설,관광농원창고,1
24000,방송통신시설,외4종,1
03000,제1종근린생활시설,진북의용소방대사무실,1
17000,공장,단추및유사파스너제조업,1
11000,노유자시설,노인휴양시설,1
33000,"국방,군사시설",위병초소,1
03000,제1종근린생활시설,연소투입실,1
03000,제1종근린생활시설,근린생활시설및창고시설,1
03000,제1종근린생활시설,일반음식점및점포,1
03000,제1종근린생활시설,결로당,1
06000,종교시설,공양소,1
03000,제1종근린생활시설,임산물전시판매장,1
03000,제1종근린생활시설,사정실,1
Z9000,공공용시설,전기실,1
17000,공장,옥외휴식공간,1
03000,제1종근린생활시설,산불방지대응센터,1
03000,제1종근린생활시설,예비군교육관,1
03000,제1종근린생활시설,주차정산소,1
03000,제1종근린생활시설,다방및창고,1
11000,노유자시설,월산부녀경로당,1
02000,공동주택,전기기기통신실,1
22000,분뇨.쓰레기처리시설,분쇄시설,1
02000,공동주택,복지관3,1
04000,제2종근린생활시설,전자코일,1
05000,문화및집회시설,꿩사육장,1
07000,판매시설,승강기홀,1
14000,업무시설,곡물저장창고,1
12000,수련시설,안내사무실,1
16000,위락시설,도로변휴게소,1
14000,업무시설,휴게실및사무실,1
01000,단독주택,농어어,1
02000,공동주택,124,1
14000,업무시설,5냉연공장,1
10000,교육연구시설,직원변소,1
14000,업무시설,유고,1
20000,자동차관련시설,판매시설및영업시설,1
20000,자동차관련시설,기계보호시설,1
01000,단독주택,식품위생시설및주택,1
04000,제2종근린생활시설,2제종근린생활시설,1
10000,교육연구시설,화봉국민학교,1
11000,노유자시설,기혼별거자,1
14000,업무시설,근린상업시설및업무시설,1
21000,동물및식물관련시설,지열시스템기계실,1
02000,공동주택,스포츠재활센터,1
08000,운수시설,조종사,1
22000,분뇨.쓰레기처리시설,체육시설,1
03000,제1종근린생활시설,배터리실1,1
04000,제2종근린생활시설,자동차경수리업,1
18000,창고시설,접견실,1
02000,공동주택,의료기기판매소,1
03000,제1종근린생활시설,2종근린생활시설및다세대주택,1
07000,판매시설,간이집하장,1
13000,운동시설,축구,1
16000,위락시설,건강검진센터,1
14000,업무시설,근린시설및업무시설,1
17000,공장,원료주입실,1
21000,동물및식물관련시설,46,1
10000,교육연구시설,냉장,1
19000,위험물저장및처리시설,fire,1
19000,위험물저장및처리시설,위험물지장,1
20000,자동차관련시설,15,1
24000,방송통신시설,내,1
14000,업무시설,업무편의시설,1
02000,공동주택,청소년수련실,1
10000,교육연구시설,생시설,1
14000,업무시설,청사및예식장,1
10000,교육연구시설,수녀관및관리실,1
27000,관광휴게시설,게임장,1
11000,노유자시설,종친회노인회관,1
17000,공장,양생실1,1
03000,제1종근린생활시설,의1동,1
17000,공장,전처리창고,1
18000,창고시설,건조발효상,1
10000,교육연구시설,급식실및학생식당동,1
02000,공동주택,공동부엌,1
17000,공장,슬러시,1
02000,공동주택,제2종근린생솰시설,1
18000,창고시설,lpg보관용,1
17000,공장,산소공장액산실,1
14000,업무시설,품질관리실,1
,,간이집하장,1
06000,종교시설,해우당,1
11000,노유자시설,근린공공및노유자시설,1
02000,공동주택,톱밥돈사,1
17000,공장,연,1
02000,공동주택,제2종관련시설,1
02000,공동주택,입주자독서실,1
04000,제2종근린생활시설,가온조,1
17000,공장,농기구제작공장,1
14000,업무시설,소방교육대야외교육장,1
14000,업무시설,근린생활시설외1용도,1
14000,업무시설,40세대,1
06000,종교시설,보광명전,1
14000,업무시설,스마트워크센터,1
14000,업무시설,조석관측소,1
17000,공장,불량품분해장,1
17000,공장,수처리실및제2조정실,1
13000,운동시설,간이,1
03000,제1종근린생활시설,타워파킹,1
03000,제1종근린생활시설,방축,1
14000,업무시설,해운시설,1
15000,숙박시설,자연휴양림,1
16000,위락시설,캬바레,1
22000,분뇨.쓰레기처리시설,판매및영업시설,1
02000,공동주택,gx클럽,1
22000,분뇨.쓰레기처리시설,스컴분리실,1
01000,단독주택,부속증축창고,1
21000,동물및식물관련시설,건초사료창고,1
08000,운수시설,검문소,1
04000,제2종근린생활시설,농산물가공시설및,1
01000,단독주택,근린생활생활,1
21000,동물및식물관련시설,포고건조장,1
03000,제1종근린생활시설,철선제품제조,1
02000,공동주택,비상발전기,1
JY,,소화호스실,1
03000,제1종근린생활시설,가공소,1
21000,동물및식물관련시설,콩나물처리작업장,1
18000,창고시설,창고실설,1
18000,창고시설,농조창고,1
01000,단독주택,창고및온돌방,1
21000,동물및식물관련시설,염소사육장및퇴비사,1
18000,창고시설,수전공장창고,1
01000,단독주택,돈사및주택,1
21000,동물및식물관련시설,가금처리장,1
18000,창고시설,건조장및보관창고,1
21000,동물및식물관련시설,산양사육장,1
18000,창고시설,발효저장시설,1
Z3000,근린생활시설,농산물집하장,1
01000,단독주택,근생및단독형다가구주택,1
18000,창고시설,농기계및농산물창고,1
01000,단독주택,사무상주택,1
18000,창고시설,연초건조기,1
01000,단독주택,벽돌주택,1
JY,,다용도실,1
18000,창고시설,교습장,1
18000,창고시설,마을공동저온창고,1
04000,제2종근린생활시설,재활용폐기물보관소,1
18000,창고시설,용산경리과창고,1
17000,공장,확산판커팅공장,1
21000,동물및식물관련시설,동자개부화장,1
18000,창고시설,유조탱크,1
01000,단독주택,지붕층높이증축,1
18000,창고시설,목구조,1
18000,창고시설,창고외단독주택,1
09000,의료시설,간이음식점,1
21000,동물및식물관련시설,세미나실,1
03000,제1종근린생활시설,전자재품재조업,1
21000,동물및식물관련시설,양돈분뇨톱밥발효작업장,1
17000,공장,수산기자재,1
25000,발전시설,통합관제센타,1
01000,단독주택,물품보관소,1
02000,공동주택,맘즈카페,1
13000,운동시설,욕탕,1
21000,동물및식물관련시설,제2근린생활시설,1
18000,창고시설,저장고및작업장,1
01000,단독주택,철근콘크리트및연와조,1
18000,창고시설,폐기물감량화시설,1
18000,창고시설,주문실,1
18000,창고시설,외부계단,1
21000,동물및식물관련시설,창고및사료조리,1
JY,,노유자시설,1
17000,공장,저장룸,1
21000,동물및식물관련시설,축사관리사무소,1
18000,창고시설,규사건조장,1
01000,단독주택,제2종근생및다가구용단독주택,1
04000,제2종근린생활시설,일반가구제조업,1
21000,동물및식물관련시설,농기구수리점,1
03000,제1종근린생활시설,기타제1종근린생활시설및,1
01000,단독주택,줘택,1
17000,공장,tpp보관장,1
05000,문화및집회시설,토산품판매장,1
Z9000,공공용시설,공동,1
Z8000,교육연구및복지시설,학교장관사,1
09000,의료시설,신관,1
21000,동물및식물관련시설,계분발효실,1
09000,의료시설,재가적응훈련관,1
02000,공동주택,pit진입층,1
01000,단독주택,산림청관사,1
17000,공장,v펌프실,1
18000,창고시설,가공시설창고및관리동,1
18000,창고시설,농수산물저온저장시설,1
06000,종교시설,육화료,1
01000,단독주택,다가구용단독주텍,1
01000,단독주택,3가구단독주택,1
01000,단독주택,물피,1
18000,창고시설,수산물보관시설,1
21000,동물및식물관련시설,조사료보관창고,1
18000,창고시설,육추실,1
21000,동물및식물관련시설,캐노피,1
17000,공장,위생전실,1
18000,창고시설,공동농산물집하장,1
21000,동물및식물관련시설,강파이프,1
01000,단독주택,농촌주택및농가창고,1
01000,단독주택,주택및이용원,1
18000,창고시설,냉동어류보관창고,1
01000,단독주택,농가주택및생산시설,1
14000,업무시설,90호,1
01000,단독주택,보호각,1
01000,단독주택,주민주택,1
21000,동물및식물관련시설,동물및식묵관련시설,1
18000,창고시설,저온청고,1
04000,제2종근린생활시설,소방용물탱크실,1
18000,창고시설,목공창고,1
18000,창고시설,부속경비실,1
02000,공동주택,관린실,1
18000,창고시설,농산물저장및저온저장창고,1
10000,교육연구시설,농대2호관,1
21000,동물및식물관련시설,톱밥기계실,1
18000,창고시설,및사무실,1
10000,교육연구시설,학생회,1
14000,업무시설,70호,1
13000,운동시설,궁도장본부석,1
15000,숙박시설,예지물창고,1
04000,제2종근린생활시설,상방,1
03000,제1종근린생활시설,연무배수지,1
17000,공장,공구및자재창고,1
10000,교육연구시설,에이,1
03000,제1종근린생활시설,숭향정,1
03000,제1종근린생활시설,관사및사무실,1
08000,운수시설,수산물경매장,1
01000,단독주택,디기구용단독주택,1
19000,위험물저장및처리시설,숙직실및창고,1
01000,단독주택,과자류제조업,1
12000,수련시설,체험실,1
,,공장창고,1
17000,공장,골재터널,1
15000,숙박시설,관광숙박시설2,1
02000,공동주택,창작커뮤니티,1
02000,공동주택,도시형생활단지형,1
17000,공장,저류조및펌프실,1
Z6000,판매및영업시설,철도운영사무실,1
17000,공장,원석저장고,1
01000,단독주택,인터넷게임제공시설업,1
14000,업무시설,제1종및2종근린생활시설,1
17000,공장,cs정비실,1
Z8000,교육연구및복지시설,서당,1
21000,동물및식물관련시설,제2종근린생활시설및동물관련시설,1
04000,제2종근린생활시설,샷시제조업,1
17000,공장,프라스틱조립,1
19000,위험물저장및처리시설,tail,1
02000,공동주택,28호동,1
17000,공장,273동,1
04000,제2종근린생활시설,용기저장소,1
17000,공장,사원휴게소,1
14000,업무시설,경찰훈련시설,1
18000,창고시설,포도,1
17000,공장,공장및제1종근린생활시설,1
08000,운수시설,고속버스터미널,1
01000,단독주택,남현동,1
20000,자동차관련시설,주창장,1
17000,공장,기계부스,1
20000,자동차관련시설,경비1동,1
Z3000,근린생활시설,관람집회서설,1
15000,숙박시설,인터넷컴퓨터게임시설제공업의시설,1
17000,공장,도입창고캐노피,1
17000,공장,4폐수,1
01000,단독주택,94농촌융자주택,1
21000,동물및식물관련시설,양어정,1
20999,기타자동차관련시설,근린생활시설,1
17000,공장,자수용재표제조업,1
17000,공장,개량목재제조,1
07000,판매시설,절곡,1
04000,제2종근린생활시설,숭성전,1
03000,제1종근린생활시설,위락시설ㅇ,1
10000,교육연구시설,근로복지시설,1
10000,교육연구시설,교육연구및복지시설외3,1
04000,제2종근린생활시설,단독주태ㄱ,1
27000,관광휴게시설,관광휴게시설휴게소,1
11000,노유자시설,주민복지시설,1
10000,교육연구시설,멀티관,1
02000,공동주택,어린이독서실,1
03000,제1종근린생활시설,2종근생및단독주택및,1
18000,창고시설,종란보관실,1
09000,의료시설,교화원,1
17000,공장,설치금속용,1
10000,교육연구시설,교육연구시설및운동시설,1
17000,공장,eo가스저장소,1
Z3000,근린생활시설,세차장사무실,1
05000,문화및집회시설,8,1
23000,교정및군사시설,m,1
04000,제2종근린생활시설,식초제조장,1
17000,공장,no4,1
12000,수련시설,방문자안내소,1
10000,교육연구시설,교원기숙사,1
08000,운수시설,근린공공,1
01000,단독주택,지상1,1
10000,교육연구시설,분뇨쓰레기처리시설,1
09000,의료시설,발전실,1
10000,교육연구시설,도자기교실,1
21000,동물및식물관련시설,계돈사,1
08000,운수시설,홍익사업소,1
01000,단독주택,사업임,1
,,계분발효실,1
10000,교육연구시설,포지관리사,1
08000,운수시설,서욱역부속가,1
,,냉장실,1
17000,공장,제어장비제조업,1
08000,운수시설,남창역사,1
10000,교육연구시설,야구부장비실,1
18000,창고시설,화약창고,1
17000,공장,후생,1
10000,교육연구시설,상가,1
22000,분뇨.쓰레기처리시설,수질복원센터,1
04000,제2종근린생활시설,가스탱크실,1
10000,교육연구시설,외국인교수연구실,1
01000,단독주택,농기계수리센터,1
27000,관광휴게시설,위험물저장소,1
14000,업무시설,79실,1
02000,공동주택,대피소및기계실,1
14000,업무시설,cctv관제센터,1
04000,제2종근린생활시설,선구어구점포,1
25000,발전시설,공장,1
10000,교육연구시설,소화펌프실,1
04000,제2종근린생활시설,방호성,1
10000,교육연구시설,학술강습회,1
10000,교육연구시설,다목적차량보관소,1
03000,제1종근린생활시설,냉각실,1
18000,창고시설,15493,1
10000,교육연구시설,가야서당,1
04000,제2종근린생활시설,제2호관사,1
10000,교육연구시설,체험장창고,1
10000,교육연구시설,야외카페,1
18000,창고시설,입철저장고,1
10000,교육연구시설,사료검정실,1
17000,공장,방송수신기및기차영상,1
Z8000,교육연구및복지시설,희망대초등학교,1
11000,노유자시설,아동복지시설육아원,1
10000,교육연구시설,교사동및급식소,1
23000,교정및군사시설,일반b1,1
04000,제2종근린생활시설,민속놀이전수관,1
17000,공장,산화철창고,1
04000,제2종근린생활시설,재해구호창고,1
09000,의료시설,재활기술원,1
10000,교육연구시설,유도연습실,1
08000,운수시설,변압기실,1
02000,공동주택,한증막,1
08000,운수시설,남전철원거소,1
07000,판매시설,근린생활시설및,1
10000,교육연구시설,급수기계실,1
10000,교육연구시설,학생연구관,1
10000,교육연구시설,염색체험장,1
10000,교육연구시설,씨름훈련장,1
14000,업무시설,기지국,1
08000,운수시설,봉성역본체,1
10000,교육연구시설,급식실및다목적강당,1
10000,교육연구시설,후생식당,1
06000,종교시설,제1종근린,1
08000,운수시설,기관실,1
04000,제2종근린생활시설,소매소,1
03000,제1종근린생활시설,수매장,1
02000,공동주택,예체능계학원,1
18000,창고시설,sf,1
16000,위락시설,잡화점,1
02000,공동주택,주민공공,1
10000,교육연구시설,공해연구시설,1
17000,공장,repacking,1
04000,제2종근린생활시설,체역단련장,1
20000,자동차관련시설,차고정비실,1
10000,교육연구시설,도서창고,1
10000,교육연구시설,세면장,1
17000,공장,개스통제실,1
04000,제2종근린생활시설,가구수리점,1
21000,동물및식물관련시설,구비사,1
03000,제1종근린생활시설,제2종근린생활시시설,1
10000,교육연구시설,내연단련훈련장,1
17000,공장,건설기계정비업,1
10000,교육연구시설,유도실,1
19000,위험물저장및처리시설,위험물석유판매소,1
17000,공장,제5운전자실,1
14000,업무시설,구내사무실,1
,,농기계보관고,1
08000,운수시설,적량역8등숙소,1
03000,제1종근린생활시설,해상감시2관실주감시소,1
14000,업무시설,62실,1
21000,동물및식물관련시설,18,1
Z3000,근린생활시설,생산시설,1
26000,묘지관련시설,신도비각,1
17000,공장,건축자재판매,1
17000,공장,가공목재,1
23000,교정및군사시설,내무실,1
17000,공장,재생유,1
05000,문화및집회시설,진료소,1
17000,공장,체육실,1
17000,공장,위생용종이제품제조,1
17000,공장,잔량회수실,1
10000,교육연구시설,자료도서실,1
13000,운동시설,회의실,1
15000,숙박시설,135,1
21000,동물및식물관련시설,변정시설,1
20000,자동차관련시설,80,1
14000,업무시설,구치감,1
03000,제1종근린생활시설,단독주택1세대,1
23000,교정및군사시설,의무실,1
03000,제1종근린생활시설,지역자치,1
18000,창고시설,축사관리사,1
04000,제2종근린생활시설,2단가압펌프실,1
01000,단독주택,주거부속창고,1
25000,발전시설,케이블서포트,1
23000,교정및군사시설,소각로,1
03000,제1종근린생활시설,중리양수정실,1
03000,제1종근린생활시설,가구공장,1
30000,자원순환관련시설,파기,1
10000,교육연구시설,농촌마을휴게소,1
03000,제1종근린생활시설,농산물집판장및,1
01000,단독주택,그린생활,1
04000,제2종근린생활시설,단독주택1,1
13000,운동시설,관리사주택,1
04000,제2종근린생활시설,소화저수조펌프실,1
14000,업무시설,라이프렌탈샵,1
02000,공동주택,관리자휴게실,1
02000,공동주택,데크1층,1
02000,공동주택,중앙감시시설,1
20000,자동차관련시설,재활용품집하장,1
03000,제1종근린생활시설,정형외과,1
19000,위험물저장및처리시설,고압액화가스저장고,1
12000,수련시설,문화의,1
02000,공동주택,225,1
16000,위락시설,기장,1
03000,제1종근린생활시설,농산물유통,1
04000,제2종근린생활시설,체육활동을,1
13000,운동시설,동물관련시설,1
01000,단독주택,기름탱크,1
23000,교정및군사시설,경계시설,1
06000,종교시설,산산각,1
17000,공장,c3,1
,,전기분소,1
,,창고및,1
11000,노유자시설,성헌경로당,1
04000,제2종근린생활시설,휴게음식점및대중음식점,1
02000,공동주택,도시형생활주택원룸형28세대,1
17000,공장,양말제직업,1
04000,제2종근린생활시설,자고,1
04000,제2종근린생활시설,지구외,1
17000,공장,conc,1
04000,제2종근린생활시설,제2종근린생활시실및단독주택,1
17000,공장,ep원자재창고,1
04000,제2종근린생활시설,제당용건물,1
04000,제2종근린생활시설,제7일안식일교회,1
23000,교정및군사시설,숙직실,1
04000,제2종근린생활시설,탈방,1
19000,위험물저장및처리시설,tmr,1
04000,제2종근린생활시설,생약초체험장,1
03000,제1종근린생활시설,섕산,1
04000,제2종근린생활시설,주택및근린생활시설및노유자시설,1
01000,단독주택,병원외,1
17000,공장,sbr중합공정,1
04000,제2종근린생활시설,화물창고,1
17000,공장,주입기실,1
06000,종교시설,교회목사관사,1
Z3000,근린생활시설,검차원,1
04000,제2종근린생활시설,부속사택,1
04000,제2종근린생활시설,향토예비군사무실,1
04000,제2종근린생활시설,제조업조,1
04000,제2종근린생활시설,적환장,1
04000,제2종근린생활시설,실내테니스장,1
04000,제2종근린생활시설,근생시설및주택,1
04000,제2종근린생활시설,제2종근린생활및단독주택,1
03000,제1종근린생활시설,토산품,1
04000,제2종근린생활시설,기관차유지고,1
04000,제2종근린생활시설,요세채,1
07000,판매시설,차량경사로,1
06000,종교시설,국사당,1
06000,종교시설,토불각,1
04000,제2종근린생활시설,제2종제1종근린생활시설,1
04000,제2종근린생활시설,미용원및사무소,1
14000,업무시설,비주거방재실,1
02000,공동주택,gas정압소,1
02000,공동주택,장난감대여소,1
02000,공동주택,관린사무소,1
04000,제2종근린생활시설,지프라실,1
18000,창고시설,조명장치제조업,1
04000,제2종근린생활시설,대운,1
04000,제2종근린생활시설,경모재,1
04000,제2종근린생활시설,사무소및미용원,1
17000,공장,ups판넬실,1
04000,제2종근린생활시설,정화조점검층,1
06000,종교시설,사찰실,1
10000,교육연구시설,제실,1
01000,단독주택,대피실및,1
04000,제2종근린생활시설,생및공장,1
04000,제2종근린생활시설,회징실,1
06000,종교시설,지하저장고,1
04000,제2종근린생활시설,수녀원기숙사,1
03000,제1종근린생활시설,문구,1
18000,창고시설,정맥소,1
06000,종교시설,제각시설,1
04000,제2종근린생활시설,사육장,1
15000,숙박시설,인피니티풀,1
17000,공장,대강당,1
31001,관리동,야영장시설,1
04000,제2종근린생활시설,교회내관리사,1
19000,위험물저장및처리시설,고압가스보관소,1
22000,분뇨.쓰레기처리시설,일반폐기물,1
19000,위험물저장및처리시설,실린더셀터,1
17000,공장,ess동,1
02000,공동주택,재활용생활폐기물,1
05000,문화및집회시설,기계전기실,1
19000,위험물저장및처리시설,가스정압기,1
04000,제2종근린생활시설,가정용플라스틱제조업,1
Z5000,문화및집회시설,주방,1
02000,공동주택,개인하수처리시설,1
,,백엽상,1
17000,공장,fle,1
19000,위험물저장및처리시설,아스콘제조공장,1
,,가압장,1
19000,위험물저장및처리시설,화물터미널,1
01000,단독주택,댜가구,1
01000,단독주택,나환자숙소,1
11000,노유자시설,서구어린이집,1
18000,창고시설,농업용단독주택,1
04000,제2종근린생활시설,모자제조업,1
03000,제1종근린생활시설,음식영업소,1
07000,판매시설,축산물판매장,1
31000,야영장시설,펌프실,1
19000,위험물저장및처리시설,폐수중계펌프장,1
17000,공장,tnpe약품투약실,1
21000,동물및식물관련시설,토조,1
Z3000,근린생활시설,스포츠장비,1
01000,단독주택,제2종근린공공시설,1
10000,교육연구시설,농업연구소,1
03000,제1종근린생활시설,고속도로통행요금소,1
17000,공장,패스공장,1
19000,위험물저장및처리시설,기계세차실,1
03000,제1종근린생활시설,수집창고,1
Z5000,문화및집회시설,농가창고,1
01000,단독주택,황토,1
19000,위험물저장및처리시설,주유소용캐노피,1
04000,제2종근린생활시설,두배제조소,1
15000,숙박시설,마권장외발매소,1
17000,공장,물탱크저장실,1
17000,공장,가스차단기실,1
18000,창고시설,어업용해수탱크,1
04000,제2종근린생활시설,주택자재생산,1
04000,제2종근린생활시설,다방및사무실,1
04000,제2종근린생활시설,위험물저장및취급시설,1
17000,공장,당밀,1
22000,분뇨.쓰레기처리시설,7동,1
01000,단독주택,농가구수리점,1
04000,제2종근린생활시설,근린생활시설제1종,1
04000,제2종근린생활시설,출입문시설,1
20000,자동차관련시설,창고및관리사,1
04000,제2종근린생활시설,사무실급식소,1
04000,제2종근린생활시설,운전원사무실,1
01000,단독주택,및제2종근린생할시설,1
13000,운동시설,충혼탑,1
06000,종교시설,수경당,1
04000,제2종근린생활시설,제1종근린생활시설및숙박시설,1
17000,공장,주택창고,1
01000,단독주택,양말편조업제조장,1
03000,제1종근린생활시설,지도소사무소,1
17000,공장,공장창고주거시설,1
06000,종교시설,종교시설및기숙사,1
01000,단독주택,축산시설,1
04000,제2종근린생활시설,활선창고,1
02000,공동주택,아파트및제2종근생,1
04000,제2종근린생활시설,근린생활대중음식점,1
04000,제2종근린생활시설,일반상업지역,1
17000,공장,저울제조업,1
03000,제1종근린생활시설,주차장기계실,1
04000,제2종근린생활시설,계근실,1
04000,제2종근린생활시설,주택및점포및제2종근린생활시설,1
04000,제2종근린생활시설,일반대중음식점및주택,1
18000,창고시설,돈분장2동,1
06000,종교시설,옥외스탠드,1
25000,발전시설,조작실,1
04000,제2종근린생활시설,근린생활시설및주택및화장실,1
09000,의료시설,행정동,1
04000,제2종근린생활시설,제조업소및창고시설,1
04000,제2종근린생활시설,영호루누각,1
04000,제2종근린생활시설,종교시설및근린생활시설,1
17000,공장,제품slag저장창고,1
04000,제2종근린생활시설,제과점및일반음식점,1
04000,제2종근린생활시설,유류장,1
17000,공장,한과식품공장,1
30000,자원순환관련시설,비점오염시설,1
06000,종교시설,유물전시관,1
17000,공장,제조및위험물취급소,1
15000,숙박시설,lpg가스저장소,1
08000,운수시설,교육장,1
04000,제2종근린생활시설,주실,1
04000,제2종근린생활시설,근린생활시설및여관,1
06000,종교시설,제실삼문,1
04000,제2종근린생활시설,사무소및관리사창고,1
04000,제2종근린생활시설,제2종근린생활시설1외1,1
17000,공장,6변전실,1
17000,공장,생산관리,1
04000,제2종근린생활시설,떡류제조,1
04000,제2종근린생활시설,농촌생활체험장,1
04000,제2종근린생활시설,정구장휴게실,1
04000,제2종근린생활시설,재2종근린생활시설및단독주택,1
04000,제2종근린생활시설,용역원휴게실,1
04000,제2종근린생활시설,봉림사,1
Z6000,판매및영업시설,수정각,1
04000,제2종근린생활시설,수비농협,1
19000,위험물저장및처리시설,주유소용개노피,1
16000,위락시설,및단독주택,1
04000,제2종근린생활시설,해태종묘배양장,1
17000,공장,crushing,1
06000,종교시설,요사체및법당,1
06000,종교시설,안양원,1
06000,종교시설,수정사,1
02000,공동주택,급식실,1
04000,제2종근린생활시설,저수지관리사,1
01000,단독주택,89농촌주택개량,1
04000,제2종근린생활시설,주택및2종근생,1
04000,제2종근린생활시설,조각작업장,1
04000,제2종근린생활시설,분기전화국기계실,1
06000,종교시설,종교시설일주문,1
04000,제2종근린생활시설,주조실,1
18000,창고시설,66,1
19000,위험물저장및처리시설,주유기계량기덮개,1
03000,제1종근린생활시설,유리온실,1
04000,제2종근린생활시설,업무시설외4,1
04000,제2종근린생활시설,운동장시설,1
21000,동물및식물관련시설,축사부속,1
04000,제2종근린생활시설,공감소,1
05000,문화및집회시설,자료실창고,1
04000,제2종근린생활시설,일반읍식점,1
04000,제2종근린생활시설,식당및탈의장,1
06000,종교시설,화장실및숙소,1
04000,제2종근린생활시설,보일러실및화장실,1
04000,제2종근린생활시설,대문창고,1
02000,공동주택,club,1
17000,공장,4전기실,1
04000,제2종근린생활시설,일반음식점외2,1
10000,교육연구시설,공작실습실,1
01000,단독주택,단독주택9,1
18000,창고시설,건초작업장,1
27000,관광휴게시설,카페테리아,1
03000,제1종근린생활시설,근린생활시설및간이주점,1
26000,묘지관련시설,귀빈실,1
21000,동물및식물관련시설,농협생산시설,1
02000,공동주택,복합시설,1
04000,제2종근린생활시설,휴게음식점및일반음식점,1
17000,공장,포소화설비실,1
02000,공동주택,바닥면적제외,1
23000,교정및군사시설,클럽하우스,1
04000,제2종근린생활시설,신자숙소,1
29000,장례시설,장례식장및봉안당,1
17000,공장,제2종근린생,1
10000,교육연구시설,전,1
07000,판매시설,2근생,1
08000,운수시설,신호기계실,1
12000,수련시설,농촌마을체험관,1
01000,단독주택,44,1
05000,문화및집회시설,빙고,1
33000,"국방,군사시설",펌프실,1
23000,교정및군사시설,종합감시실,1
02000,공동주택,2호실,1
23000,교정및군사시설,통합경비2소대,1
21000,동물및식물관련시설,가축분퇴적,1
16000,위락시설,교육연구,1
03000,제1종근린생활시설,부인전화국,1
26000,묘지관련시설,공원묘지관리사,1
08000,운수시설,정비겸용,1
17000,공장,유딜리티하우스,1
17000,공장,전기경보기및신호장치제조업,1
21000,동물및식물관련시설,소독사,1
23000,교정및군사시설,공중화장실,1
18000,창고시설,섬유질사료배합소,1
05000,문화및집회시설,활쏘기체험,1
23000,교정및군사시설,f동,1
17000,공장,폐기물처리장등,1
04000,제2종근린생활시설,농기계수리소사무실,1
03000,제1종근린생활시설,주택1,1
18000,창고시설,공대변소,1
01000,단독주택,r,1
04000,제2종근린생활시설,지1,1
06000,종교시설,문회및,1
17000,공장,roll,1
10000,교육연구시설,기숙동,1
26000,묘지관련시설,분묘시설관리사,1
18000,창고시설,활어저장용,1
09000,의료시설,쓰레기처리장,1
29000,장례시설,숙박시설,1
19000,위험물저장및처리시설,주유기보호시설,1
02000,공동주택,72,1
02000,공동주택,전기실및발전기실,1
10000,교육연구시설,문화및집회,1
23000,교정및군사시설,교육연구시설,1
17000,공장,2arp정비작업장,1
17000,공장,기속사및식당,1
17000,공장,페수처리침전조,1
26000,묘지관련시설,모지관련시설,1
18000,창고시설,호박저장,1
18000,창고시설,일방창고,1
18000,창고시설,농기계저온창고,1
17000,공장,전통식품가공,1
10000,교육연구시설,실내위험물저장시설,1
04000,제2종근린생활시설,창고시설및주택,1
18000,창고시설,영,1
04000,제2종근린생활시설,점포및도자기공장,1
30000,자원순환관련시설,발전기동,1
03000,제1종근린생활시설,다가구5가구,1
23000,교정및군사시설,국방국사시설,1
Z3000,근린생활시설,물품창고,1
08000,운수시설,주유소동,1
05000,문화및집회시설,태양열,1
27000,관광휴게시설,펌프,1
23000,교정및군사시설,주류창고,1
17000,공장,급냉창고,1
14000,업무시설,목욕실,1
21000,동물및식물관련시설,고상식계사,1
17000,공장,dmr공장,1
21000,동물및식물관련시설,야생조수인공사육시설,1
21000,동물및식물관련시설,버섯종균배양시설,1
23000,교정및군사시설,엔진테스타대기실,1
21000,동물및식물관련시설,및식,1
01000,단독주택,직장인,1
05000,문화및집회시설,개발제한구역,1
20000,자동차관련시설,변전소,1
04000,제2종근린생활시설,철판금속제품제조업,1
04000,제2종근린생활시설,마사,1
10000,교육연구시설,중기실,1
01000,단독주택,수산물,1
03000,제1종근린생활시설,괴정2동사무소,1
04000,제2종근린생활시설,점포용창고,1
Z8000,교육연구및복지시설,한의원,1
Z8000,교육연구및복지시설,복도,1
01000,단독주택,일부주택,1
23000,교정및군사시설,보육실,1
19000,위험물저장및처리시설,기계실1,1
01000,단독주택,진,1
18000,창고시설,원촉매창고,1
17000,공장,방사실,1
10000,교육연구시설,묘포사무실,1
04000,제2종근린생활시설,티하우스a,1
20000,자동차관련시설,3동,1
04000,제2종근린생활시설,터널관리사무소,1
19000,위험물저장및처리시설,가스온수기실,1
19000,위험물저장및처리시설,보관장,1
01000,단독주택,3기구,1
18000,창고시설,유리온실창고,1
10000,교육연구시설,장난감보관소,1
08000,운수시설,간이여객터미널,1
17000,공장,조립1공장창고,1
13000,운동시설,tee,1
20000,자동차관련시설,및판매시설,1
10000,교육연구시설,금화국교,1
18000,창고시설,플라스틱,1
10000,교육연구시설,간이매점,1
04000,제2종근린생활시설,사당부속사,1
10000,교육연구시설,황토방강의실및실습장,1
10000,교육연구시설,교사및물탱크실,1
17000,공장,정수처리설비실,1
Z5000,문화및집회시설,주지실,1
09000,의료시설,별관차고,1
19000,위험물저장및처리시설,위생물저장,1
10000,교육연구시설,축구부샤워실,1
04000,제2종근린생활시설,외상문,1
14000,업무시설,80호,1
11000,노유자시설,방재실,1
10000,교육연구시설,정구장,1
18000,창고시설,교리실,1
10000,교육연구시설,역도부훈련장,1
18000,창고시설,제3호,1
10000,교육연구시설,근린생활시설및교육연구시설및주택,1
18000,창고시설,흡퍼,1
17000,공장,상용차정비공장,1
04000,제2종근린생활시설,농수산물보관창고,1
18000,창고시설,농기계및농산물보관용,1
10000,교육연구시설,버스주차장케노피,1
09000,의료시설,자원순환관련시설,1
04000,제2종근린생활시설,제2종근린새활시설외,1
10000,교육연구시설,소방물탱크실,1
10000,교육연구시설,우주환경체험장,1
10000,교육연구시설,유실수과학연구실,1
01000,단독주택,기타근생,1
17000,공장,어망제조,1
10000,교육연구시설,교육시설및근린생활시설,1
Z3000,근린생활시설,농기계수리및보관창고,1
09000,의료시설,병원및창고,1
14000,업무시설,4실,1
Z3000,근린생활시설,점포및일반음식점,1
12000,수련시설,국민학교,1
11000,노유자시설,영육아보육,1
21000,동물및식물관련시설,톱밥발효장,1
04000,제2종근린생활시설,선원불당,1
04000,제2종근린생활시설,데크주차장,1
18000,창고시설,과수집하장및선과장,1
04000,제2종근린생활시설,영양개선의집,1
04000,제2종근린생활시설,육모정,1
06000,종교시설,죵교집회장,1
04000,제2종근린생활시설,제2종근린생활실,1
04000,제2종근린생활시설,어선신고소,1
04000,제2종근린생활시설,두부및유사식품제조장,1
04000,제2종근린생활시설,수산물가공업소,1
06000,종교시설,수녀숙소,1
04000,제2종근린생활시설,토산물가내공업센타,1
04000,제2종근린생활시설,시장옥점포,1
04000,제2종근린생활시설,일반음식점점,1
03000,제1종근린생활시설,해양레져,1
Z8000,교육연구및복지시설,예능계학원,1
04000,제2종근린생활시설,집단급식소,1
04000,제2종근린생활시설,기수련원,1
01000,단독주택,농촌주거환경개선사업주택개량융자대상,1
04000,제2종근린생활시설,사무실외1건,1
04000,제2종근린생활시설,근생및다가구,1
04000,제2종근린생활시설,제조업소및물품보관창고,1
04000,제2종근린생활시설,일반음식점및점포,1
03000,제1종근린생활시설,이용업,1
06000,종교시설,보일러실2,1
04000,제2종근린생활시설,며락,1
04000,제2종근린생활시설,실내골프연습장및일반음식점,1
04000,제2종근린생활시설,위험및저장및처리시설,1
04000,제2종근린생활시설,기관사처소,1
18000,창고시설,판매소,1
04000,제2종근린생활시설,수산물처리가공시설,1
17000,공장,농가용,1
04000,제2종근린생활시설,k,1
04000,제2종근린생활시설,사무실및교외당,1
06000,종교시설,사찰부대시설,1
Z5000,문화및집회시설,주거,1
04000,제2종근린생활시설,세차장기계실,1
03000,제1종근린생활시설,154케이브이,1
Z3000,근린생활시설,석유판매소,1
04000,제2종근린생활시설,재2종근린생활시설및,1
06000,종교시설,관리인실,1
04000,제2종근린생활시설,상수도배수지사무소,1
01000,단독주택,근리생활,1
02000,공동주택,주차장7,1
04000,제2종근린생활시설,용주사,1
07000,판매시설,2종근,1
04000,제2종근린생활시설,벼건조장,1
16000,위락시설,체온유지실,1
03000,제1종근린생활시설,전신전화국분기공사,1
04000,제2종근린생활시설,주택및자동차수리점,1
18000,창고시설,시약창고,1
04000,제2종근린생활시설,종교회관,1
17000,공장,ep사무실,1
17000,공장,6호동,1
17000,공장,3호c,1
17000,공장,강관제조업,1
18000,창고시설,지하주차장,1
14000,업무시설,업무생활시설,1
04000,제2종근린생활시설,자동차판매시설,1
11000,노유자시설,자재창고,1
04000,제2종근린생활시설,2종기타근린생할시설,1
06000,종교시설,법단,1
04000,제2종근린생활시설,업무시설외2,1
04000,제2종근린생활시설,기숙사및창고,1
06000,종교시설,기타창고,1
04000,제2종근린생활시설,오락,1
06000,종교시설,종문회관,1
04000,제2종근린생활시설,제조업소및온실,1
17000,공장,주강,1
04000,제2종근린생활시설,식당겸예식장,1
17000,공장,ldpe,1
Z3000,근린생활시설,장치물제조업,1
04000,제2종근린생활시설,연립주택관리사무실,1
19000,위험물저장및처리시설,극저온,1
21000,동물및식물관련시설,퇴비저장사,1
04000,제2종근린생활시설,새마을창고,1
04000,제2종근린생활시설,관사및사무실,1
04000,제2종근린생활시설,사무소및창고시설,1
06000,종교시설,종교및,1
06000,종교시설,행원당,1
04000,제2종근린생활시설,무인중개소,1
04000,제2종근린생활시설,농수산물가공처리업소,1
18000,창고시설,동부,1
04000,제2종근린생활시설,제조업소체험실,1
03000,제1종근린생활시설,부,1
04000,제2종근린생활시설,한약제조시설,1
06000,종교시설,향교시설,1
25000,발전시설,보관창고,1
10000,교육연구시설,공학관b동,1
08000,운수시설,갑현역창고,1
04000,제2종근린생활시설,종친회관,1
04000,제2종근린생활시설,도자기체험학습장,1
03000,제1종근린생활시설,회수펌프실,1
04000,제2종근린생활시설,휴계실및사무실,1
,,요양원,1
14000,업무시설,199호,1
19000,위험물저장및처리시설,위험물판매작업실,1
06000,종교시설,주택외1,1
04000,제2종근린생활시설,선박기계수리점,1
04000,제2종근린생활시설,축산물가공공장,1
14000,업무시설,탁아소,1
24000,방송통신시설,요원실,1
04000,제2종근린생활시설,근린생활시설및관리사무실,1
17000,공장,생물학적제제제조업,1
04000,제2종근린생활시설,원탄빈,1
10000,교육연구시설,샘플창고,1
04000,제2종근린생활시설,2종근생외1,1
09000,의료시설,가스창고,1
04000,제2종근린생활시설,하수처리장관리소,1
14000,업무시설,통신사,1
06000,종교시설,영산암,1
13000,운동시설,제1종근린생활,1
13000,운동시설,노유자,1
06000,종교시설,김씨재실,1
04000,제2종근린생활시설,점포및주택및제2종근린생활시설,1
06000,종교시설,교육연구시설외1,1
20000,자동차관련시설,숙소및교육실,1
06000,종교시설,요사체1,1
18000,창고시설,연육냉동저장고,1
01000,단독주택,단독주택다가구형,1
18000,창고시설,집하실,1
,,cal,1
04000,제2종근린생활시설,제2종부동산중개업소,1
06000,종교시설,아래채,1
04000,제2종근린생활시설,선벅수리시설관리사,1
04000,제2종근린생활시설,치커리가공처리시설,1
03000,제1종근린생활시설,식품제조가공,1
03000,제1종근린생활시설,제1제종근린생활시설,1
05000,문화및집회시설,청,1
03000,제1종근린생활시설,복지동,1
19000,위험물저장및처리시설,수변전실,1
Z8000,교육연구및복지시설,수양관,1
01000,단독주택,기존창고,1
21000,동물및식물관련시설,즈택,1
Z5000,문화및집회시설,기념관,1
05000,문화및집회시설,수도장,1
03000,제1종근린생활시설,기술계,1
17000,공장,변전탑,1
19000,위험물저장및처리시설,gas저장소,1
02000,공동주택,다세대주택15,1
20000,자동차관련시설,자동차학원교실,1
17000,공장,compress,1
03000,제1종근린생활시설,2층건,1
33000,"국방,군사시설",작지탄약고,1
22000,분뇨.쓰레기처리시설,전원실,1
20000,자동차관련시설,자동차수리작업장,1
18000,창고시설,볏건조장,1
27000,관광휴게시설,전망대화장실,1
20000,자동차관련시설,사무실및배차실,1
01000,단독주택,2종근린샌활시설,1
21000,동물및식물관련시설,퇴비우사,1
01000,단독주택,6가구용다가구주택,1
20000,자동차관련시설,야외화장실,1
17000,공장,배차플랜트b,1
07000,판매시설,mdf포함,1
24000,방송통신시설,통시기계실,1
14000,업무시설,136실,1
18000,창고시설,화장실및,1
21000,동물및식물관련시설,의약품보관소,1
22000,분뇨.쓰레기처리시설,농산물도매시장,1
01000,단독주택,감자저장고,1
04000,제2종근린생활시설,단독다가구주택,1
17000,공장,가연동,1
26000,묘지관련시설,동물화장및납골시설,1
02000,공동주택,도시형생활주택단지형다세대10세대,1
01000,단독주택,관광숙박시설,1
11000,노유자시설,미용실및,1
17000,공장,chip저장고,1
03000,제1종근린생활시설,칫과기공소,1
17000,공장,제1종근린생활시설및,1
04000,제2종근린생활시설,차광막,1
02000,공동주택,lpg저장실,1
02000,공동주택,위치,1
02000,공동주택,미팅룸,1
10000,교육연구시설,유치원종일반및방과후보육시설,1
10000,교육연구시설,여고학교,1
15000,숙박시설,작업장,1
03000,제1종근린생활시설,일용품소매점및당구장,1
26000,묘지관련시설,동물전용납골시설,1
17000,공장,비교측정실,1
18000,창고시설,건설자재,1
07000,판매시설,지상,1
07000,판매시설,광장,1
07000,판매시설,도살장,1
17000,공장,mecl,1
03000,제1종근린생활시설,사육장,1
18000,창고시설,현내2리,1
17000,공장,윤활유저장고,1
17000,공장,버너빌딩,1
17000,공장,칩보관소,1
01000,단독주택,집합건축물,1
17000,공장,2차파쇄시실,1
17000,공장,세정실및건조장,1
17000,공장,위험물저장및판매시설,1
04000,제2종근린생활시설,죽제가공업,1
04000,제2종근린생활시설,제2종근린생활사무실,1
10000,교육연구시설,협동,1
03000,제1종근린생활시설,감시소사택,1
03000,제1종근린생활시설,양수장관리사무실,1
14000,업무시설,기계통제실,1
17000,공장,천일염가공처리장,1
17000,공장,함마재생실,1
17000,공장,공장및부속사무실,1
20000,자동차관련시설,교양강습소,1
17000,공장,사이로기계실,1
17000,공장,타르보관소,1
17000,공장,중수선공장,1
10000,교육연구시설,방송실,1
17000,공장,액화가스저장소,1
17000,공장,프레스보전실,1
03000,제1종근린생활시설,염소혼화,1
17000,공장,드라이어,1
03000,제1종근린생활시설,문회회관,1
17000,공장,굴비가공,1
04000,제2종근린생활시설,나사품제조,1
17000,공장,핫개스닥트휀실,1
18000,창고시설,어업용창,1
17000,공장,사무실및품질관리실,1
17000,공장,일반공작기계공장,1
17000,공장,현장분석실n01,1
17000,공장,전기분석조작실,1
17000,공장,3주전기실,1
17000,공장,현장작업장,1
17000,공장,복합비료사,1
17000,공장,망대2,1
Z5000,문화및집회시설,사설강습소,1
17000,공장,가공공구실,1
17000,공장,다이매이킹공장,1
11000,노유자시설,온수탱크실,1
10000,교육연구시설,홍보교육관,1
01000,단독주택,주택아랫채,1
17000,공장,점포및공장,1
17000,공장,루브오일쉘타,1
17000,공장,골재파쇄장,1
17000,공장,출고장,1
17000,공장,레미콘제조공장,1
17000,공장,dea드럼창고,1
17000,공장,출하전표대,1
17000,공장,변전실옥외판넬실,1
17000,공장,1호조정실및경비실,1
17000,공장,혼합수하장,1
17000,공장,소득실,1
17000,공장,신규환경설비,1
17000,공장,가스혼합기실,1
02000,공동주택,주거동,1
04000,제2종근린생활시설,기계식주차,1
17000,공장,차체세척고,1
17000,공장,약품투입식,1
17000,공장,조합실,1
17000,공장,정수펌프공장,1
17000,공장,영구초소,1
17000,공장,폐수장펌프실,1
03000,제1종근린생활시설,계근실,1
17000,공장,사무연구동,1
17000,공장,소방펌프모타조정실,1
04000,제2종근린생활시설,자동차수리센타,1
02000,공동주택,건죽물부설주차장,1
17000,공장,농기계제작공장,1
19000,위험물저장및처리시설,pma,1
17000,공장,폐오일저장소,1
17000,공장,샷시가공장,1
17000,공장,경수선공장,1
17000,공장,부산물처리동,1
04000,제2종근린생활시설,부속사무동,1
18000,창고시설,어류,1
17000,공장,쇼트브라스트공장,1
06000,종교시설,중랑,1
17000,공장,한약의약품원료가공공장,1
17000,공장,연구및사무실,1
17000,공장,호파,1
27000,관광휴게시설,토산품판매및,1
17000,공장,식료품제조업,1
,,우체국,1
17000,공장,지하경유탱크,1
17000,공장,목기제조장,1
Z5000,문화및집회시설,유류창고,1
17000,공장,공장및위험물취급소,1
17000,공장,원맥싸이로1차,1
17000,공장,현장작업장1,1
17000,공장,트랙적재실,1
Z8000,교육연구및복지시설,소음작업장,1
17000,공장,인조,1
17000,공장,섬유직물제조업,1
08000,운수시설,초소4,1
03000,제1종근린생활시설,양곡점,1
13000,운동시설,육상용기구창고,1
13000,운동시설,말대기실,1
04000,제2종근린생활시설,채란실,1
05000,문화및집회시설,대극장,1
Z5000,문화및집회시설,대문,1
17000,공장,t수처리동,1
17000,공장,인삼식품제조업,1
23000,교정및군사시설,세탁폐수처리장,1
07000,판매시설,기타판매,1
03000,제1종근린생활시설,집회장소,1
13000,운동시설,소각장,1
22000,분뇨.쓰레기처리시설,탈취휀실,1
Z8000,교육연구및복지시설,쓰레기분리수거장,1
05000,문화및집회시설,창,1
17000,공장,vcb전기판넬셀타,1
Z5000,문화및집회시설,동요사,1
04000,제2종근린생활시설,청소도구,1
02000,공동주택,소방시설,1
01000,단독주택,단독주택및제2종,1
Z6000,판매및영업시설,건축면적만산정,1
03000,제1종근린생활시설,주택및보일러실,1
01000,단독주택,중대본부,1
01000,단독주택,두분건조용,1
19000,위험물저장및처리시설,처리시설외1건,1
13000,운동시설,썰매장통로,1
01000,단독주택,부석창고,1
18000,창고시설,무기고창고,1
21000,동물및식물관련시설,후생관,1
21000,동물및식물관련시설,육종장감시사,1
03000,제1종근린생활시설,마사,1
18000,창고시설,창고시설및자동차관련시설,1
18000,창고시설,마을공동기계보관창고,1
18000,창고시설,농산물보관창고및저온저장창,1
10000,교육연구시설,보관창고2,1
21000,동물및식물관련시설,육상양식시설,1
21000,동물및식물관련시설,구비장,1
21000,동물및식물관련시설,물품반입창고,1
21000,동물및식물관련시설,부속사및축사,1
18000,창고시설,주택의지하창고,1
21000,동물및식물관련시설,준농림지역,1
18000,창고시설,농업용저수조,1
01000,단독주택,축사및우분장,1
01000,단독주택,농어가주택및농업생산시설,1
21000,동물및식물관련시설,짚보관창고,1
03000,제1종근린생활시설,함백역,1
21000,동물및식물관련시설,홍보관,1
21000,동물및식물관련시설,실험재배실,1
03000,제1종근린생활시설,가스저장고,1
18000,창고시설,어패류가공공장,1
21000,동물및식물관련시설,사료발효실,1
04000,제2종근린생활시설,기계변전실,1
Z3000,근린생활시설,2종근생,1
21000,동물및식물관련시설,가축방역실,1
18000,창고시설,한지창고,1
18000,창고시설,교육관련시설,1
18000,창고시설,야외화장실,1
18000,창고시설,농어용창고,1
18000,창고시설,골재저장,1
18000,창고시설,농업생산시설물,1
21000,동물및식물관련시설,농어촌주택,1
01000,단독주택,단ㄱ주택,1
18000,창고시설,작업장및퇴비사,1
01000,단독주택,단독즈택,1
14000,업무시설,대기오염측정소,1
18000,창고시설,정수시설,1
21000,동물및식물관련시설,미생물배양센터,1
21000,동물및식물관련시설,비료창고동,1
04000,제2종근린생활시설,제1종근린시설,1
18000,창고시설,냉연1창고,1
19000,위험물저장및처리시설,대기tms측정소,1
17000,공장,반도체및관련장치제조업,1
03000,제1종근린생활시설,전시시설외,1
01000,단독주택,증산교,1
21000,동물및식물관련시설,저장고겸관리사,1
21000,동물및식물관련시설,정화조실,1
10000,교육연구시설,율곡관,1
17000,공장,콘크리트제품공장,1
18000,창고시설,사과저장,1
20000,자동차관련시설,전기차충전기보호덮개a,1
10000,교육연구시설,주차관리소,1
18000,창고시설,과수저장소,1
01000,단독주택,주택및과수원막,1
01000,단독주택,귀농귀촌인주택,1
18000,창고시설,브록건조실,1
Z3000,근린생활시설,외1건,1
04000,제2종근린생활시설,관리및제실,1
01000,단독주택,세멘부록,1
02000,공동주택,케어존전실,1
18000,창고시설,기계조작실,1
18000,창고시설,농기계저창고,1
21000,동물및식물관련시설,동물및식물관련시시러,1
18000,창고시설,액비저장고,1
22000,분뇨.쓰레기처리시설,오수처리장내,1
02000,공동주택,딘지형다세대주택,1
01000,단독주택,주택및기숙사,1
26000,묘지관련시설,이승휴사당,1
01000,단독주택,종중사당,1
02000,공동주택,4304동,1
01000,단독주택,묘정,1
01000,단독주택,사슴축사,1
18000,창고시설,저온저자오,1
01000,단독주택,농촌주거환경개선사업융자대상건축물,1
10000,교육연구시설,이포고,1
18000,창고시설,농사용및저온창고,1
01000,단독주택,1종근린생활시설다가구주택,1
05000,문화및집회시설,공연장및학원,1
18000,창고시설,농수산물냉동저장고,1
02000,공동주택,원룸아파트,1
03000,제1종근린생활시설,노인휴게실,1
07000,판매시설,중간관리층,1
02000,공동주택,경비관리실,1
27000,관광휴게시설,주차장및휴게시설,1
01000,단독주택,별채주택,1
18000,창고시설,재활용품물분류보관시설,1
01000,단독주택,근린생활시설및일반주택,1
01000,단독주택,대청정자,1
18000,창고시설,수산물가공시설및창고,1
23000,교정및군사시설,계측실,1
21000,동물및식물관련시설,동물및관련관련시설,1
25000,발전시설,방재창고,1
10000,교육연구시설,청소년,1
21000,동물및식물관련시설,유자농장관리사,1
18000,창고시설,저온창고및점포,1
01000,단독주택,원장공관,1
18000,창고시설,차량보관소,1
01000,단독주택,융자대상,1
14000,업무시설,전처리장,1
21000,동물및식물관련시설,톱밥보관소,1
02000,공동주택,원의2학사,1
18000,창고시설,마늘저장고,1
18000,창고시설,종서저장고,1
10000,교육연구시설,테니스관람석,1
01000,단독주택,세벽조,1
18000,창고시설,순환식건조,1
18000,창고시설,문서보존용,1
21000,동물및식물관련시설,축사및건조창고,1
Z9000,공공용시설,무인기지국,1
01000,단독주택,주택및병원,1
01000,단독주택,에이호사택물치장,1
01000,단독주택,단독주택및동물관련시설및창고,1
01000,단독주택,죽림정,1
17000,공장,석류가공시설,1
18000,창고시설,공공근린생활시설,1
18000,창고시설,폐페인트보관장,1
02000,공동주택,간호학교,1
01000,단독주택,모타실,1
21000,동물및식물관련시설,농가용창고및축사,1
21000,동물및식물관련시설,축산물창고,1
33000,"국방,군사시설",성당,1
01000,단독주택,근린생활시설및연와조,1
17000,공장,보수계,1
18000,창고시설,장중리새마을공동창고,1
01000,단독주택,농어가용창고,1
01000,단독주택,제1종그린,1
01000,단독주택,주택7,1
21000,동물및식물관련시설,종균실,1
18000,창고시설,감건조,1
01000,단독주택,상수도사업소,1
18000,창고시설,감장아찌,1
01000,단독주택,근린생활시설및주택및부속사,1
18000,창고시설,농산물보관창고및농가주택,1
01000,단독주택,부락공동시설농기계보관창고,1
01000,단독주택,지휘관용관사,1
18000,창고시설,옥회화장실,1
21000,동물및식물관련시설,개근실,1
01000,단독주택,엘리베이터실,1
18000,창고시설,교회창고,1
01000,단독주택,우체국관사,1
18000,창고시설,농기계용창고,1
15000,숙박시설,관람시설,1
01000,단독주택,공무원사택,1
30000,자원순환관련시설,적환장,1
17000,공장,연수장,1
21000,동물및식물관련시설,육묘재배시설,1
21000,동물및식물관련시설,동ㆍ식물,1
21000,동물및식물관련시설,농림생산시설,1
17000,공장,개질제보관장,1
14000,업무시설,농수산,1
17000,공장,마대,1
18000,창고시설,공장및공동주택,1
01000,단독주택,노동서사,1
01000,단독주택,부대창고,1
27000,관광휴게시설,밤바카장,1
18000,창고시설,묘포장창고,1
01000,단독주택,지붕채양,1
01000,단독주택,보일러실및변소,1
21000,동물및식물관련시설,양축사,1
18000,창고시설,퇴비사및곡물건조실,1
01000,단독주택,단독주택용12가구,1
01000,단독주택,과일저장창고및주택,1
18000,창고시설,주택및농수산물창고,1
01000,단독주택,서재및광,1
01000,단독주택,농업용창고및단독주택,1
01000,단독주택,다세대주택및근린생활시설,1
17000,공장,i동,1
01000,단독주택,근린생활시설및자동차관련시설,1
Z3000,근린생활시설,철물및관련시설제조업,1
21000,동물및식물관련시설,냉각기,1
01000,단독주택,교직원숙소,1
01000,단독주택,단독주택13가구용,1
01000,단독주택,선성현객사,1
21000,동물및식물관련시설,가온시설,1
02000,공동주택,117세대,1
01000,단독주택,단독주택외3건,1
01000,단독주택,단층광,1
18000,창고시설,저온조장고,1
18000,창고시설,단독주택외2,1
01000,단독주택,벼소,1
01000,단독주택,건조장및제다용,1
18000,창고시설,화장실및샤워실,1
21000,동물및식물관련시설,농가주택및버섯재배장,1
18000,창고시설,곡물보관창고및농기계보관창고,1
18000,창고시설,단위농협,1
04000,제2종근린생활시설,톱밥제조장,1
05000,문화및집회시설,교육및복지시설,1
21000,동물및식물관련시설,착유실및축사,1
18000,창고시설,임업용저온창고,1
03000,제1종근린생활시설,예술계학원,1
04000,제2종근린생활시설,식관련시설,1
21000,동물및식물관련시설,축산물,1
01000,단독주택,야외취사장,1
01000,단독주택,농기계수리창고,1
21000,동물및식물관련시설,양봉저온창고,1
17000,공장,실험실등,1
21000,동물및식물관련시설,육축사,1
18000,창고시설,해태자반건조장,1
01000,단독주택,비가림창고,1
01000,단독주택,주자창,1
04000,제2종근린생활시설,제월당,1
18000,창고시설,물품보관창고및차고,1
21000,동물및식물관련시설,전실,1
01000,단독주택,반도체관련시설,1
21000,동물및식물관련시설,개막및창고,1
03000,제1종근린생활시설,소방팔출소,1
01000,단독주택,단독주택및농가용창고,1
02000,공동주택,제1종및제2종근린생활시설,1
01000,단독주택,1종근린생활시설단독주택,1
18000,창고시설,사무실겸창고,1
21000,동물및식물관련시설,육묘용유리온실,1
01000,단독주택,주택및농기계수리점,1
21000,동물및식물관련시설,액비화시설,1
01000,단독주택,교정및군사시설,1
17000,공장,통합환경동,1
17000,공장,polymer동,1
18000,창고시설,농수산물가공공장,1
01000,단독주택,주택19가구,1
17000,공장,모터조정실,1
17000,공장,이층,1
21000,동물및식물관련시설,도계및도견장,1
Z8000,교육연구및복지시설,공관,1
06000,종교시설,청년회의실,1
18000,창고시설,건조기설치창고,1
01000,단독주택,부동산사무실,1
01000,단독주택,케놀피,1
21000,동물및식물관련시설,보일러실및창고,1
18000,창고시설,사료제품창고,1
18000,창고시설,농산물저온저장고및작업장,1
01000,단독주택,다도실,1
21000,동물및식물관련시설,기사대기실,1
21000,동물및식물관련시설,접수동,1
04000,제2종근린생활시설,요식업,1
01000,단독주택,단둑주택및근린생활시설,1
04000,제2종근린생활시설,산사당,1
18000,창고시설,33,1
04000,제2종근린생활시설,7209동,1
18000,창고시설,해태공장창고,1
03000,제1종근린생활시설,탐제등,1
18000,창고시설,농림관련시설,1
21000,동물및식물관련시설,농가용관리사,1
01000,단독주택,기타주택,1
18000,창고시설,농기계세척장,1
01000,단독주택,욕조및보일러실,1
01000,단독주택,수해주택개량,1
18000,창고시설,농산집하장,1
18000,창고시설,해태건조실,1
19000,위험물저장및처리시설,자동차용품점,1
18000,창고시설,제1종근린생활외2,1
01000,단독주택,수문사택,1
01000,단독주택,80수해주택,1
Z3000,근린생활시설,제실,1
Z3000,근린생활시설,누각,1
04000,제2종근린생활시설,관리사무실및,1
21000,동물및식물관련시설,톱밥제조및발효시설,1
18000,창고시설,사대부고창고,1
18000,창고시설,야적장사무소,1
01000,단독주택,농강주택,1
18000,창고시설,임산물저장및건조창고,1
04000,제2종근린생활시설,제본연구실,1
04000,제2종근린생활시설,제본업,1
06000,종교시설,내사문,1
21000,동물및식물관련시설,2차차량소독조,1
02000,공동주택,전시,1
17000,공장,상업용세탁기제조,1
21000,동물및식물관련시설,가축질병진단소,1
18000,창고시설,농산물부속창고,1
18000,창고시설,건조장및저온저장고,1
01000,단독주택,농막및주택,1
10000,교육연구시설,생활,1
17000,공장,크레인,1
06000,종교시설,화암사,1
01000,단독주택,주택및공장시설,1
01000,단독주택,주택16세대,1
17000,공장,정경된,1
15000,숙박시설,스타트하우스,1
19000,위험물저장및처리시설,11위험물옥외저장소,1
03000,제1종근린생활시설,근린생활2종,1
17000,공장,제품촬영실,1
01000,단독주택,수리장,1
17000,공장,lorry,1
01000,단독주택,부속1층,1
15000,숙박시설,생할형숙박시설,1
03000,제1종근린생활시설,관리숙소,1
02000,공동주택,102동측벽,1
10000,교육연구시설,공덕원,1
17000,공장,원료홉퍼,1
10000,교육연구시설,쓰레기하치장,1
04000,제2종근린생활시설,현북상수도,1
17000,공장,윤활유저장동,1
17000,공장,fab동,1
20000,자동차관련시설,기계세차장,1
17000,공장,libs,1
01000,단독주택,묘우,1
17000,공장,숙소및휴게실,1
17000,공장,pia,1
21000,동물및식물관련시설,및농기계창고,1
21000,동물및식물관련시설,종타장,1
17000,공장,선구품,1
17000,공장,시약보관실,1
17000,공장,전자제품제조,1
25000,발전시설,바이오가스보일러,1
18000,창고시설,일반건창고,1
02000,공동주택,킨더플래닛,1
03000,제1종근린생활시설,적환장,1
18000,창고시설,농산물공장,1
17000,공장,제1조작실,1
01000,단독주택,담배홀,1
01000,단독주택,middot,1
01000,단독주택,물치2호,1
03000,제1종근린생활시설,농업인공동시설,1
10000,교육연구시설,목장간이축사,1
02000,공동주택,홈,1
08000,운수시설,모타카고,1
15000,숙박시설,여관및보이러실,1
04000,제2종근린생활시설,택시회사,1
25000,발전시설,복수탈염장치동,1
11000,노유자시설,영육보육시설,1
04000,제2종근린생활시설,침실,1
16000,위락시설,사우나,1
03000,제1종근린생활시설,공유시설,1
03000,제1종근린생활시설,계단및물탱크,1
03000,제1종근린생활시설,각방,1
13000,운동시설,골프텔,1
20000,자동차관련시설,송신소,1
10000,교육연구시설,문리계사설강습소,1
17000,공장,p정비동,1
04000,제2종근린생활시설,토산품,1
05000,문화및집회시설,관아,1
03000,제1종근린생활시설,향남지서,1
21000,동물및식물관련시설,양사육장,1
05000,문화및집회시설,혜릉수라간,1
18000,창고시설,액비저장조,1
17000,공장,드라이동,1
17000,공장,제관작업장,1
17000,공장,반제품입고장,1
25000,발전시설,mdf1,1
05000,문화및집회시설,경충재,1
05000,문화및집회시설,전기온풍기실,1
03000,제1종근린생활시설,보건진료소및,1
04000,제2종근린생활시설,철물관련,1
05000,문화및집회시설,제3아프리카관,1
18000,창고시설,수소창고,1
21000,동물및식물관련시설,옥상계단,1
17000,공장,불량배터리,1
10000,교육연구시설,교원화장실,1
03000,제1종근린생활시설,고시원4실,1
21000,동물및식물관련시설,겸,1
21000,동물및식물관련시설,해송재배실,1
04000,제2종근린생활시설,유성페인트,1
18000,창고시설,보존실,1
17000,공장,시청각실,1
18000,창고시설,정선창고,1
17000,공장,용해창고,1
05000,문화및집회시설,경주관람시설,1
14000,업무시설,1종근린생할시설,1
01000,단독주택,욕실보일러실,1
17000,공장,제1차변전실,1
17000,공장,솜공장,1
01000,단독주택,군수관사,1
17000,공장,위험물취급소및공해공장,1
22000,분뇨.쓰레기처리시설,하수중계펌프장,1
17000,공장,아스팔트제품포장실,1
17000,공장,실험실창고,1
17000,공장,더블유더블유티조정실,1
20000,자동차관련시설,종업원실,1
02000,공동주택,단지형자세대,1
17000,공장,폐수처리장운전실,1
17000,공장,공장및기숙사사무실,1
17000,공장,측정실및콤푸레사,1
17000,공장,선란장,1
03000,제1종근린생활시설,동창고,1
17000,공장,수처리시스템동,1
17000,공장,병검사장,1
15000,숙박시설,일반유흥음식,1
17000,공장,히트펌프콤프레샤셀타,1
04000,제2종근린생활시설,키조개박신장,1
21000,동물및식물관련시설,사료작업장,1
17000,공장,도자기생산공장,1
10000,교육연구시설,교원편의실,1
17000,공장,플랫폼,1
17000,공장,공급시설,1
17000,공장,철물제작공장,1
17000,공장,제1조립주행수정장,1
17000,공장,제2석탄치장,1
04000,제2종근린생활시설,속셈피아노,1
02000,공동주택,가스저장동,1
21000,동물및식물관련시설,주유소,1
03000,제1종근린생활시설,레일바이크보관소,1
17000,공장,단층냉동실,1
17000,공장,수출차량점검작업장,1
18000,창고시설,농기계공동보관용,1
03000,제1종근린생활시설,세포,1
19000,위험물저장및처리시설,차량,1
21000,동물및식물관련시설,소독실1,1
05000,문화및집회시설,간이매표소,1
Z5000,문화및집회시설,4,1
17000,공장,하역대기실,1
17000,공장,광장,1
03000,제1종근린생활시설,상수도집수정,1
17000,공장,축전기공장,1
25000,발전시설,ess실,1
04000,제2종근린생활시설,서적소매점,1
17000,공장,폐콘크리트저장소,1
08000,운수시설,철도안전운행시설,1
17000,공장,벨트구동부,1
10000,교육연구시설,노인복지문화관,1
17000,공장,후처동공장,1
11000,노유자시설,마늘공회당,1
17000,공장,작업장외,1
04000,제2종근린생활시설,젓가공처리장,1
17000,공장,과산화물취급저장소,1
17000,공장,일반제조소,1
02000,공동주택,아파트50세대,1
02000,공동주택,운영통합사무실,1
04000,제2종근린생활시설,4층주택,1
15000,숙박시설,부속용도,1
15000,숙박시설,대준음식점및다방,1
17000,공장,방풍실및계단실,1
01000,단독주택,휴식실,1
17000,공장,메탁,1
17000,공장,톰프레셔실,1
17000,공장,현장사무실3,1
17000,공장,세안실,1
17000,공장,도정공장및왕겨창고,1
02000,공동주택,단지형단세대주택,1
14000,업무시설,주민편의시설,1
02000,공동주택,교원연립사택,1
17000,공장,에이숀조정실,1
Z3000,근린생활시설,에이동,1
03000,제1종근린생활시설,동회,1
17000,공장,사업장,1
17000,공장,오수가압장,1
17000,공장,고철적치장,1
17000,공장,아세치렌창고,1
17000,공장,방모공장,1
Z5000,문화및집회시설,재실관리사,1
17000,공장,콤푸및보일러실,1
17000,공장,기계조종실,1
17000,공장,원료실,1
17000,공장,케이스1공장냉각탑설치용데크,1
17000,공장,재활용수처리장,1
16000,위락시설,근린생활및숙박시설,1
17000,공장,질소발생기실,1
17000,공장,임가공도정공장,1
17000,공장,수처리동2,1
15000,숙박시설,식당1층,1
17000,공장,전시관및작업실,1
17000,공장,부산물처리실,1
17000,공장,변소및갱의실,1
21000,동물및식물관련시설,지역특산물,1
03000,제1종근린생활시설,사설강습,1
17000,공장,원료치장실,1
17000,공장,아연괴적치장창고,1
15000,숙박시설,지층,1
17000,공장,온풍실,1
04000,제2종근린생활시설,양어사무실,1
13000,운동시설,전천후돔구장,1
17000,공장,고밀도촉매창고,1
17000,공장,철골제작공장,1
18000,창고시설,동송리마을공동,1
17000,공장,염가공공장,1
21000,동물및식물관련시설,돈사및관련시설,1
03000,제1종근린생활시설,봉천지구대,1
17000,공장,엔진공장캐노피,1
17000,공장,제2가스저장고,1
17000,공장,원토가공장,1
17000,공장,출하대전표,1
17000,공장,해외부품창고,1
17000,공장,폐수처리시설조정실,1
05000,문화및집회시설,객실,1
03000,제1종근린생활시설,농수산물보관창고,1
19000,위험물저장및처리시설,저유탱크7,1
04000,제2종근린생활시설,2종근린시설및,1
17000,공장,분황공장,1
17000,공장,탁아시설,1
17000,공장,5호경비망대,1
17000,공장,운반작업장,1
17000,공장,제당공장,1
10000,교육연구시설,검정시험동,1
17000,공장,제5소화기실,1
17000,공장,과산화벤조일공장,1
17000,공장,압출공장,1
01000,단독주택,비공해공장,1
17000,공장,샤워동,1
17000,공장,폐드럼보관장,1
17000,공장,해조류가공및저장처리장,1
18000,창고시설,목욕실및,1
21000,동물및식물관련시설,육주실,1
21000,동물및식물관련시설,중축장,1
02000,공동주택,37,1
17000,공장,재활용분리수거함,1
04000,제2종근린생활시설,제2종제2종근린생활시설,1
17000,공장,버스,1
17000,공장,예비품창고,1
03000,제1종근린생활시설,부속동화장실,1
17000,공장,공장겸창고,1
04000,제2종근린생활시설,직물제조공장,1
17000,공장,하부전기실,1
17000,공장,공장경비실,1
17000,공장,해치카바공장,1
10000,교육연구시설,기계실습실,1
13000,운동시설,장비창고2,1
21000,동물및식물관련시설,농산물선별장,1
17000,공장,석회석홉바,1
06000,종교시설,교수실,1
17000,공장,콘프레샤실,1
17000,공장,바케트엘리베이터대,1
18000,창고시설,본부석,1
04000,제2종근린생활시설,도시형제조업,1
17000,공장,피복실,1
02000,공동주택,다세대주객,1
22000,분뇨.쓰레기처리시설,쓰레기분뇨처리시설,1
04000,제2종근린생활시설,보일라실및대피소,1
04000,제2종근린생활시설,분기국사,1
21000,동물및식물관련시설,농산물전시판매장,1
15000,숙박시설,1종2종근린생활시설,1
02000,공동주택,다세세주택,1
03000,제1종근린생활시설,119,1
17000,공장,순수설비실,1
19000,위험물저장및처리시설,보수,1
22000,분뇨.쓰레기처리시설,반송펌프동,1
20000,자동차관련시설,주차정용건물,1
17000,공장,공동,1
17000,공장,관사동,1
20000,자동차관련시설,주유기,1
22000,분뇨.쓰레기처리시설,위생처리시설,1
22000,분뇨.쓰레기처리시설,의료시설,1
01000,단독주택,옥외정자,1
03000,제1종근린생활시설,지하대피호,1
10000,교육연구시설,교육용도및복지시설,1
02000,공동주택,빗물저장조펌프실,1
17000,공장,cvd폐가스처리실,1
Z8000,교육연구및복지시설,회의실,1
Z5000,문화및집회시설,예배실,1
14000,업무시설,박물관,1
24000,방송통신시설,기기보조실,1
03000,제1종근린생활시설,닥독주택,1
14000,업무시설,학원등,1
19000,위험물저장및처리시설,plant,1
18000,창고시설,집섬,1
10000,교육연구시설,복지서설,1
10000,교육연구시설,부산대학교,1
08000,운수시설,ii,1
21000,동물및식물관련시설,저온실,1
04000,제2종근린생활시설,유자가공,1
20000,자동차관련시설,매매점,1
18000,창고시설,요사체,1
02000,공동주택,지상주차장계단실,1
02000,공동주택,소멸기실,1
17000,공장,주유기사무실,1
Z8000,교육연구및복지시설,예능관,1
17000,공장,도막및파막제조업,1
08000,운수시설,여객,1
10000,교육연구시설,구내서점,1
17000,공장,음용수탱크관리동,1
20000,자동차관련시설,시설포함,1
03000,제1종근린생활시설,차실,1
10000,교육연구시설,에너지저장장치,1
03000,제1종근린생활시설,근린사설,1
17000,공장,제염증발관,1
17000,공장,ut,1
01000,단독주택,5세대가구,1
18000,창고시설,머그미,1
04000,제2종근린생활시설,식당시설,1
10000,교육연구시설,복지시설증,1
13000,운동시설,가야루,1
12000,수련시설,샤워,1
18000,창고시설,영업소물치장,1
18000,창고시설,주택물치장,1
01000,단독주택,주택및차고및보일러실,1
21000,동물및식물관련시설,1호잠실,1
18000,창고시설,농산물농기구창고,1
17000,공장,농산물가공창고,1
17000,공장,급수실,1
03000,제1종근린생활시설,신남의용소방서,1
18000,창고시설,딸기,1
02000,공동주택,공동쥬택,1
14000,업무시설,접선실,1
04000,제2종근린생활시설,즉석식품,1
04000,제2종근린생활시설,103동,1
10000,교육연구시설,실,1
14000,업무시설,차고및,1
21000,동물및식물관련시설,120,1
17000,공장,위원회사무실,1
02000,공동주택,방송통신시설,1
18000,창고시설,판매및,1
04000,제2종근린생활시설,주산속셈,1
18000,창고시설,기계화창고,1
04000,제2종근린생활시설,액체및기체여과청정기제조업,1
17000,공장,34동,1
30000,자원순환관련시설,재활용품반출대기장,1
03000,제1종근린생활시설,호퍼실,1
03000,제1종근린생활시설,마을공회장,1
17000,공장,제단기,1
17000,공장,숙성창고,1
03000,제1종근린생활시설,배터리실6,1
03000,제1종근린생활시설,농특산물간이집하장,1
17000,공장,관리원,1
17000,공장,세멘벽돌,1
01000,단독주택,4가가용,1
27000,관광휴게시설,휴게소관리,1
02000,공동주택,우수조정화조관리층,1
02000,공동주택,관리동창고,1
17000,공장,오락및휴게실,1
09000,의료시설,창고1,1
03000,제1종근린생활시설,회육장,1
19000,위험물저장및처리시설,옥내저장창고,1
01000,단독주택,이씨종중,1
17000,공장,가죽봉재업,1
01000,단독주택,레당,1
19000,위험물저장및처리시설,까스,1
14000,업무시설,집회장,1
06000,종교시설,사제관교리실,1
18000,창고시설,원료제품창고,1
14000,업무시설,단지다세대주택,1
04000,제2종근린생활시설,가정용,1
21000,동물및식물관련시설,처마,1
04000,제2종근린생활시설,냉동저장실,1
07000,판매시설,교양강좌실,1
01000,단독주택,공장외,1
18000,창고시설,가스,1
20000,자동차관련시설,타워파킹,1
01000,단독주택,식당및점포,1
17000,공장,종업원후생복리시설,1
17000,공장,창고및펌프실,1
20000,자동차관련시설,24,1
20000,자동차관련시설,주차장등,1
14000,업무시설,264호,1
10000,교육연구시설,및2종근린생활시설,1
14000,업무시설,영업소및회의실,1
10000,교육연구시설,산북분교,1
18000,창고시설,제품실,1
17000,공장,pet2,1
10000,교육연구시설,학원및사무소,1
17000,공장,제2킬론상옥,1
06000,종교시설,건축물,1
20000,자동차관련시설,9776,1
01000,단독주택,다다구,1
17000,공장,알카리,1
17000,공장,숙소및구내식당,1
05000,문화및집회시설,국보84호,1
02000,공동주택,오픈마켓,1
02000,공동주택,lng정압기실,1
02000,공동주택,입시계학원,1
02000,공동주택,기계실90,1
02000,공동주택,40호,1
03000,제1종근린생활시설,그,1
17000,공장,나일론chip포장소,1
15000,숙박시설,박물관,1
Z5000,문화및집회시설,지원자관,1
02000,공동주택,및업무시성,1
14000,업무시설,근린생활시설외4,1
05000,문화및집회시설,타조사,1
02000,공동주택,놀이터elev,1
14000,업무시설,사무실및숙소,1
02000,공동주택,14실,1
14000,업무시설,교육연구시설외,1
17000,공장,은행,1
01000,단독주택,15가구주택,1
09000,의료시설,당구장,1
03000,제1종근린생활시설,2종근근린생활시설,1
17000,공장,양호실및숙직실,1
23000,교정및군사시설,차량도장부스,1
18000,창고시설,수매장,1
09000,의료시설,기계주차장,1
17000,공장,전방실,1
05000,문화및집회시설,선방,1
03000,제1종근린생활시설,분수대제어실,1
01000,단독주택,다가구다세대,1
21000,동물및식물관련시설,축사용부속사,1
19000,위험물저장및처리시설,cabinet,1
03000,제1종근린생활시설,정경,1
Z8000,교육연구및복지시설,강당및체육관등,1
18000,창고시설,시멘트보관용,1
04000,제2종근린생활시설,교육연구및복지시실,1
17000,공장,창고2,1
01001,단독주택,및,1
02000,공동주택,1703동,1
01000,단독주택,다중주택18실,1
18000,창고시설,점포영업,1
10000,교육연구시설,비상대책실,1
19000,위험물저장및처리시설,폐수처리,1
01000,단독주택,물품창고,1
01000,단독주택,창곡,1
01000,단독주택,통신시설,1
27000,관광휴게시설,옥외조리장,1
17000,공장,샌딩실,1
17000,공장,인테이크하우스,1
04000,제2종근린생활시설,고금여객터미널,1
20000,자동차관련시설,통제탑,1
31000,야영장시설,수영장,1
17000,공장,폐품및폐기물창고,1
17000,공장,공장정미소,1
17000,공장,유해위험물질저장소,1
18000,창고시설,22,1
17000,공장,소방차고및경비동,1
17000,공장,수산물식품공장,1
01000,단독주택,일반음식전,1
02000,공동주택,부속기계실,1
17000,공장,방사부속동,1
17000,공장,독신자숙소,1
17000,공장,자재야적장,1
23000,교정및군사시설,4,1
17000,공장,매장,1
Z3000,근린생활시설,수전실,1
02000,공동주택,맘스데스크,1
14100,공공업무시설,차고및자전거치장,1
17000,공장,냉매저장소,1
01000,단독주택,방축사,1
17000,공장,석분창고,1
17000,공장,샘플링실,1
13000,운동시설,가축용창고,1
11000,노유자시설,교육및,1
17000,공장,어리굴젖가공공장,1
02000,공동주택,연리주택,1
17000,공장,통풍기실,1
03000,제1종근린생활시설,어구의점포,1
17000,공장,현장작업장2,1
10000,교육연구시설,경로회,1
01000,단독주택,철근콘크리트구조및,1
33000,"국방,군사시설",전천후강의장,1
17000,공장,용제펌프실,1
17000,공장,약품저장보관소,1
17000,공장,함마크라샤,1
17000,공장,가스공장,1
04000,제2종근린생활시설,주산경리사설강습소,1
17000,공장,원석창고,1
17000,공장,산업용가스제조업소,1
17000,공장,근린생활시설및창고,1
17000,공장,이온수처리실,1
17000,공장,사일로기계실,1
14000,업무시설,조명실,1
17000,공장,냉방데크기게실,1
17000,공장,해태하역공장,1
17000,공장,파래자반건조,1
17000,공장,가공및저장창고,1
17000,공장,축산사료제조공장,1
17000,공장,보일러배기측정동,1
17000,공장,전자제품제조공장,1
17000,공장,화훼생산유통시설,1
10000,교육연구시설,남관동,1
20000,자동차관련시설,avm실,1
03000,제1종근린생활시설,그린생할시설,1
17000,공장,일반부자재창고,1
17000,공장,석탄혼합저장고,1
17000,공장,재봉실,1
03000,제1종근린생활시설,공기호흡기충진실,1
17000,공장,차체1공장,1
03000,제1종근린생활시설,수산물직판장,1
17000,공장,축분저장소,1
06000,종교시설,적멸당선원,1
17000,공장,전자부품제조장,1
01000,단독주택,주택주방,1
01000,단독주택,음수대,1
11000,노유자시설,남,1
17000,공장,골판지제조및지함,1
17000,공장,미역가공공장및축양장,1
17000,공장,시멘트슬레그사일로,1
21000,동물및식물관련시설,사료사이로,1
17000,공장,분말시멘트상차장,1
17000,공장,밧데리,1
17000,공장,c505헤드타워,1
10000,교육연구시설,목장관리실,1
17000,공장,순환자원저장고,1
17000,공장,블럭제조공장,1
03000,제1종근린생활시설,선몽대,1
30000,자원순환관련시설,슬러지,1
18000,창고시설,유아원,1
17000,공장,분석기실5,1
17000,공장,전기온수탱크실,1
03000,제1종근린생활시설,추산정수장번사및사무실,1
17000,공장,견직물공장,1
21000,동물및식물관련시설,농기계보관용,1
18000,창고시설,작업원,1
17000,공장,회의실등,1
03000,제1종근린생활시설,9동,1
04000,제2종근린생활시설,구매및,1
03000,제1종근린생활시설,25호,1
17000,공장,편직제조공장,1
12000,수련시설,외2,1
21000,동물및식물관련시설,폐기물재활용시설,1
03000,제1종근린생활시설,슬러지처리,1
17000,공장,전기발전기실,1
17000,공장,발효퇴비제조공장,1
,,시험실,1
17000,공장,수소누기검사장입구캐노피,1
01000,단독주택,21,1
03000,제1종근린생활시설,양노원,1
17000,공장,근린생활시설및창고시설,1
02000,공동주택,장애인주간보호센터,1
17000,공장,남문경비실,1
04000,제2종근린생활시설,조업소,1
21000,동물및식물관련시설,유기질퇴비발효사,1
01000,단독주택,휴게동,1
01000,단독주택,주속사,1
03000,제1종근린생활시설,봉동파출소,1
13000,운동시설,카터보관동,1
17000,공장,공장및기타,1
Z3000,근린생활시설,관련제품,1
21000,동물및식물관련시설,계통샤,1
17000,공장,지설창고,1
01000,단독주택,곡물건조창고,1
01000,단독주택,가공실,1
21000,동물및식물관련시설,작물재배작업장,1
17000,공장,탱크저장실,1
20000,자동차관련시설,주민커뮤니티센터,1
18000,창고시설,위생용식품용기,1
17000,공장,생산기술센타,1
17000,공장,보온용및가정용진공기제조업,1
18000,창고시설,매매장,1
03000,제1종근린생활시설,취수펌프동,1
17000,공장,목제건구제조업,1
21000,동물및식물관련시설,세척,1
20000,자동차관련시설,옥내,1
02000,공동주택,공용공간,1
17000,공장,1고로공장,1
17000,공장,지대공작소,1
17000,공장,플레트포옴,1
17000,공장,연결설비동,1
17000,공장,부원료치장,1
17000,공장,가스버너트레인룸,1
17000,공장,콤크레샤실,1
17000,공장,버너교환실,1
18000,창고시설,입항창고,1
17000,공장,광산,1
06000,종교시설,휴게정자,1
18000,창고시설,가금사,1
18000,창고시설,육종연구시설,1
21000,동물및식물관련시설,톱밥건조실,1
18000,창고시설,1999년,1
21000,동물및식물관련시설,패류종묘실험실,1
01000,단독주택,1932,1
01000,단독주택,5세대주택,1
03000,제1종근린생활시설,집파장,1
02000,공동주택,diy목공방,1
13000,운동시설,공,1
15000,숙박시설,창고및기계실,1
17000,공장,원수조펌프실,1
10000,교육연구시설,rde,1
04000,제2종근린생활시설,구,1
26000,묘지관련시설,녕릉비각,1
16000,위락시설,보이라실,1
17000,공장,기구제작,1
01000,단독주택,91년도농촌주택,1
04000,제2종근린생활시설,제품전시,1
04000,제2종근린생활시설,2종생,1
17000,공장,공업용수실,1
21000,동물및식물관련시설,우사주택,1
Z3000,근린생활시설,공원편익시설,1
18000,창고시설,우분건조장,1
01000,단독주택,전용,1
04010,학원,근린생활시설,1
10000,교육연구시설,조형관야외작업장,1
02000,공동주택,엄마밥상,1
03000,제1종근린생활시설,일용점포,1
21000,동물및식물관련시설,가축분뇨적치장,1
04000,제2종근린생활시설,물품저장창고,1
10000,교육연구시설,신남고,1
19000,위험물저장및처리시설,수소설비실,1
17000,공장,제1실험동,1
21000,동물및식물관련시설,냉각기실,1
23000,교정및군사시설,야외,1
01000,단독주택,변도,1
17000,공장,폐액룸,1
26000,묘지관련시설,화장실및,1
13000,운동시설,폐유저장소,1
01000,단독주택,자원순환시설,1
18000,창고시설,제분임,1
06000,종교시설,근린생활시설외,1
04000,제2종근린생활시설,교육회관,1
04000,제2종근린생활시설,시청각실,1
04000,제2종근린생활시설,상공회의소회의실,1
07000,판매시설,판매시설및공동주택,1
05000,문화및집회시설,근민당,1
18000,창고시설,폐수처리실,1
07000,판매시설,한의원,1
17000,공장,슬러지보관소,1
30000,자원순환관련시설,방류펌프실,1
17000,공장,간판및,1
03000,제1종근린생활시설,위험물처장및,1
18000,창고시설,농업자재센터,1
16000,위락시설,특수유흥업소,1
20000,자동차관련시설,경사로,1
17000,공장,단무지절임,1
03000,제1종근린생활시설,은계정,1
03000,제1종근린생활시설,노인정사무실,1
Z8000,교육연구및복지시설,계단,1
04000,제2종근린생활시설,일반음식점등,1
17000,공장,dow,1
25000,발전시설,질소,1
02000,공동주택,집수정실,1
17000,공장,하이샤시공장,1
12000,수련시설,숙소1동,1
17000,공장,사무실관리실,1
17000,공장,프렌트,1
06000,종교시설,승방2,1
17000,공장,3프랜트,1
13000,운동시설,청원국민체육센터,1
17000,공장,신17116,1
21000,동물및식물관련시설,종묘실,1
19000,위험물저장및처리시설,위험울저장,1
10000,교육연구시설,트레이닝장,1
15000,숙박시설,조성,1
17000,공장,공용기장,1
17000,공장,인쇄자재보관창고,1
04000,제2종근린생활시설,문수사,1
22000,분뇨.쓰레기처리시설,드럼스크린관리동,1
19000,위험물저장및처리시설,고압가스용기보관솔,1
17000,공장,2p,1
17000,공장,382조작tank실,1
04000,제2종근린생활시설,꿩사육장,1
05000,문화및집회시설,문화재보호각,1
01000,단독주택,사과저장소,1
01000,단독주택,할머니휴게실,1
14000,업무시설,업무시설오피스텔,1
18000,창고시설,자동차중고부품상사,1
23000,교정및군사시설,d동,1
05000,문화및집회시설,동헌관,1
15000,숙박시설,음식점및,1
05000,문화및집회시설,와적장전시시설,1
18000,창고시설,김치저장고,1
18000,창고시설,문고,1
17000,공장,t룸,1
01000,단독주택,솟을대문,1
20000,자동차관련시설,타이어수리실,1
21000,동물및식물관련시설,목장축사,1
01000,단독주택,간이상수도,1
18000,창고시설,해수저장고,1
30000,자원순환관련시설,오폐수중계펌프장,1
21000,동물및식물관련시설,집란사,1
01000,단독주택,단독주택17가구용,1
21000,동물및식물관련시설,기계식교반시설,1
18000,창고시설,가구제조업,1
21000,동물및식물관련시설,축산물집하장,1
04000,제2종근린생활시설,동문,1
08000,운수시설,지하철대합실,1
21000,동물및식물관련시설,콩나물재재사,1
01000,단독주택,2023농촌주택개량주택,1
18000,창고시설,창고및제조업소,1
24000,방송통신시설,간이tv중계소,1
01000,단독주택,다용도실및보일러실,1
17000,공장,폐수시설,1
23000,교정및군사시설,기혼자숙소,1
18000,창고시설,96농촌주거환경,1
18000,창고시설,농기계부속창고,1
18000,창고시설,부속채,1
,,시멘트엘리베이터,1
17000,공장,철문및,1
17000,공장,수질분석실,1
03000,제1종근린생활시설,액체염소투입실,1
03000,제1종근린생활시설,식품,1
21000,동물및식물관련시설,축사및건초사,1
21000,동물및식물관련시설,육상어류축양시설,1
Z8000,교육연구및복지시설,대학,1
11000,노유자시설,경로당및건강관리실,1
18000,창고시설,마늘건가장,1
18000,창고시설,숙성창고,1
18000,창고시설,재활용품임시보관창고,1
18000,창고시설,환경창고,1
18000,창고시설,과실선별장,1
01000,단독주택,94농촌주거환경개선사업대상자,1
18000,창고시설,청도반시탈삽시설,1
01000,단독주택,수산물창고및주택,1
17000,공장,라미네이터공장,1
01000,단독주택,우마사,1
01000,단독주택,1종근생및단독주택,1
21000,동물및식물관련시설,양어장외1,1
21000,동물및식물관련시설,약제실,1
21000,동물및식물관련시설,분저장조,1
01000,단독주택,주택및한의원및물치,1
18000,창고시설,하수종말처리장,1
21000,동물및식물관련시설,양어장및작업장,1
01000,단독주택,다중주택및다가구주택,1
03000,제1종근린생활시설,신교3리,1
21000,동물및식물관련시설,종균배양소,1
06000,종교시설,당회장실,1
21000,동물및식물관련시설,기숙사및창고,1
01000,단독주택,준공,1
02000,공동주택,주민공동문고,1
01000,단독주택,부속사무소,1
02000,공동주택,피로티계단실,1
17000,공장,주환풍,1
30000,자원순환관련시설,관리건물,1
18000,창고시설,의용소방대격납고,1
02000,공동주택,이륜차주차장,1
18000,창고시설,방재창고,1
18000,창고시설,중기창고,1
01000,단독주택,돌물및,1
03000,제1종근린생활시설,주민자치시설,1
19000,위험물저장및처리시설,위허물,1
01000,단독주택,근린생활시설및주택및점포,1
13000,운동시설,콘트롤막스,1
01000,단독주택,주택점포및창고,1
18000,창고시설,창고시설설,1
18000,창고시설,적하장,1
01000,단독주택,학교건물,1
03000,제1종근린생활시설,농기계수리센타,1
01000,단독주택,주택및저온저장고,1
18000,창고시설,농업형창고,1
18000,창고시설,선별처리장및저온저장고,1
01000,단독주택,연고,1
18000,창고시설,옥내저장소,1
21000,동물및식물관련시설,자가사료제조실,1
01000,단독주택,위락시설및단독주택,1
21000,동물및식물관련시설,농업축사,1
18000,창고시설,농업용일반창고,1
18000,창고시설,무선전화용기계실,1
18000,창고시설,톱밥가공창고,1
01000,단독주택,관사2동,1
01000,단독주택,위험물보관창고,1
03000,제1종근린생활시설,온수탱크보관실,1
18000,창고시설,식자재창고,1
03000,제1종근린생활시설,교육연구시설외2,1
04000,제2종근린생활시설,관린사무소겸,1
18000,창고시설,농사용창고및농사용저온창고,1
01000,단독주택,생및주택2가구,1
26000,묘지관련시설,영경묘,1
01000,단독주택,방및마구간,1
16000,위락시설,노래방,1
01000,단독주택,부속휴게실,1
18000,창고시설,이동식출하장,1
01000,단독주택,양양제,1
18000,창고시설,세멘벽돌,1
01000,단독주택,근린생활시설및단독다구주택,1
17000,공장,유티리티엠,1
01000,단독주택,단독주택용2가구,1
21000,동물및식물관련시설,다육식물온실,1
17000,공장,24,1
18000,창고시설,농기계공동보관창고및작업장,1
18000,창고시설,조사료농기계보관창고,1
18000,창고시설,단감선별장,1
31000,야영장시설,다목적실,1
18000,창고시설,사육시설,1
18000,창고시설,환풍기실,1
18000,창고시설,농산물보관창고및선별장,1
17000,공장,pir기계실,1
18000,창고시설,창고외1건,1
18000,창고시설,창고및화장신,1
21000,동물및식물관련시설,돔물및식물관련시설,1
04000,제2종근린생활시설,제빙냉동공장,1
21000,동물및식물관련시설,동물관련퇴비사,1
17000,공장,콘베어라인,1
21000,동물및식물관련시설,농업관리,1
05000,문화및집회시설,수양관,1
18000,창고시설,염전소금창고,1
18000,창고시설,외부창고,1
10000,교육연구시설,샤워탈의실,1
21000,동물및식물관련시설,녹지관리초소,1
27000,관광휴게시설,공예전시,1
15000,숙박시설,등,1
01000,단독주택,부동상중개사무소,1
27000,관광휴게시설,풀장관리소,1
18000,창고시설,부속주택,1
21000,동물및식물관련시설,축사및짚창고,1
01000,단독주택,사누실및주택,1
17000,공장,타올,1
19000,위험물저장및처리시설,sample,1
01000,단독주택,화장실2,1
21000,동물및식물관련시설,동식물관련시성,1
18000,창고시설,수산업냉동창고,1
04000,제2종근린생활시설,455,1
21000,동물및식물관련시설,해태,1
21000,동물및식물관련시설,대피실,1
17000,공장,제품계,1
18000,창고시설,통신기계실,1
01000,단독주택,농기구차고,1
21000,동물및식물관련시설,자생식물원,1
21000,동물및식물관련시설,축사겸창고,1
17000,공장,히트펌프,1
21000,동물및식물관련시설,장어양만장,1
13000,운동시설,개스창고,1
01000,단독주택,주택및도예작업실,1
27000,관광휴게시설,음수대,1
09000,의료시설,교사,1
01000,단독주택,변소및광,1
17000,공장,건설기계제조업,1
27000,관광휴게시설,리프트제어실,1
08000,운수시설,군,1
08000,운수시설,tmo,1
04000,제2종근린생활시설,임산물가공센타,1
17000,공장,클링커싸일로1,1
01000,단독주택,ː,1
17000,공장,합성수지제조업,1
17000,공장,항만후생시설,1
04000,제2종근린생활시설,목공예작업실,1
16000,위락시설,나이트크럽,1
01000,단독주택,제1종근랜생활시설,1
18000,창고시설,사료대,1
02000,공동주택,다세대용주택,1
27000,관광휴게시설,내사,1
27000,관광휴게시설,팔각정자,1
17000,공장,원물창고,1
,,업무시설및관람집회시설,1
18000,창고시설,수술,1
17000,공장,폐기물저장,1
17000,공장,10소방펌프동,1
01000,단독주택,교육연구및복지시시설,1
01000,단독주택,주택계량대상자,1
,,선로반원휴게실,1
04000,제2종근린생활시설,담보루공장,1
03000,제1종근린생활시설,하단2파출소,1
17000,공장,기계pm소,1
17000,공장,up,1
08000,운수시설,휴게소,1
06000,종교시설,및다가구주택제1종근린생활시설,1
18000,창고시설,볼링장,1
01000,단독주택,농산물가공제조업,1
02000,공동주택,빌라형,1
04000,제2종근린생활시설,커튼및,1
30000,자원순환관련시설,폐기물시설,1
17000,공장,실내체육관,1
02000,공동주택,소화설비실,1
02000,공동주택,비상창고,1
02000,공동주택,89대형,1
07000,판매시설,체육관,1
17000,공장,구조용판재제조업,1
27000,관광휴게시설,종합전기실,1
16000,위락시설,위락시설외1건,1
17000,공장,침구및관련제품제조,1
03000,제1종근린생활시설,새우판매,1
17000,공장,자재입출고장,1
17000,공장,edge,1
17000,공장,48,1
15000,숙박시설,전시장,1
16000,위락시설,슬라이드,1
01000,단독주택,평상,1
04000,제2종근린생활시설,사무소및동물병원,1
01000,단독주택,주택다가구,1
17000,공장,제품임시보관소,1
17000,공장,크랏샤,1
02000,공동주택,작업소,1
14000,업무시설,생활지원센터,1
21000,동물및식물관련시설,기계실및보일러실,1
Z3000,근린생활시설,야영장시설,1
11000,노유자시설,할머니집,1
18000,창고시설,영업창고,1
06000,종교시설,구해우소,1
04000,제2종근린생활시설,다가구6가구,1
02000,공동주택,노인정소,1
15000,숙박시설,지하다방,1
17000,공장,육지동물고기가공및,1
04000,제2종근린생활시설,전문음식점식품행위시설,1
17000,공장,종합보일러실,1
01000,단독주택,창고기설,1
15000,숙박시설,유스호스텔,1
04000,제2종근린생활시설,종중,1
21000,동물및식물관련시설,축산정화시설,1
04000,제2종근린생활시설,건축사무실,1
20000,자동차관련시설,자동자운전학원,1
01000,단독주택,고추장,1
18000,창고시설,축사시설,1
01000,단독주택,1800,1
17000,공장,압축기쉘타b,1
27000,관광휴게시설,물품창고,1
02000,공동주택,입주자회의설,1
12000,수련시설,전시,1
27000,관광휴게시설,간이휴게실,1
04000,제2종근린생활시설,비료보관실,1
04000,제2종근린생활시설,테이블제조장,1
,,창고및우사,1
21000,동물및식물관련시설,물품반입보관창고,1
17000,공장,철공소공장,1
23000,교정및군사시설,c,1
27000,관광휴게시설,운전자휴게라운지,1
01000,단독주택,위험물저정,1
14000,업무시설,141세대,1
18000,창고시설,정문,1
17000,공장,중앙품질관리시설,1
22000,분뇨.쓰레기처리시설,숙소및실험실,1
17000,공장,창고및공장및사무실,1
17000,공장,공무work,1
03000,제1종근린생활시설,빨래건조장,1
11000,노유자시설,잔여면적은,1
04000,제2종근린생활시설,선불장,1
01000,단독주택,허청,1
13000,운동시설,관람비가림시설,1
Z5000,문화및집회시설,문화재전시관,1
20000,자동차관련시설,방,1
04000,제2종근린생활시설,주기장,1
21000,동물및식물관련시설,소형저온저장고,1
29000,장례시설,등,1
06000,종교시설,종무실및종각,1
10000,교육연구시설,말사육실습장,1
19000,위험물저장및처리시설,위험물옥내저장조,1
03000,제1종근린생활시설,업무및교육연구,1
20000,자동차관련시설,철골조립식,1
13000,운동시설,골프장클럽하우스,1
13000,운동시설,부속사무실,1
Z3000,근린생활시설,농산시설,1
21000,동물및식물관련시설,병동검사실,1
04000,제2종근린생활시설,객화차,1
Z5000,문화및집회시설,과학관,1
02000,공동주택,하수정화시설,1
13000,운동시설,선수대기실3,1
13000,운동시설,운동시설외1건,1
Z5000,문화및집회시설,사진관,1
04000,제2종근린생활시설,28111,1
13000,운동시설,양궁합숙소,1
14000,업무시설,요양병원,1
13000,운동시설,환경창고,1
Z8000,교육연구및복지시설,교육및복지시설,1
33000,"국방,군사시설",판매시설,1
18000,창고시설,토목자재보관창고,1
21000,동물및식물관련시설,염소운동장,1
09000,의료시설,대중음식점,1
04000,제2종근린생활시설,제1ㆍ제2종근린생활시설,1
21000,동물및식물관련시설,동울관리시설,1
21000,동물및식물관련시설,퇴비생산시설,1
18000,창고시설,남자화장실,1
01000,단독주택,노인공동생활가정및경로당,1
20000,자동차관련시설,자동차수리소,1
21000,동물및식물관련시설,돈분발효분쇄처리장,1
21000,동물및식물관련시설,해태가공처리공장,1
01000,단독주택,농기구보관장,1
18000,창고시설,다시마창고,1
01000,단독주택,부속차고및창고,1
21000,동물및식물관련시설,양식업관리사,1
21000,동물및식물관련시설,산삼배양근재배사,1
01000,단독주택,단두주택,1
18000,창고시설,농업형창고및주택,1
21000,동물및식물관련시설,농작업휴게실,1
18000,창고시설,실포저장고,1
18000,창고시설,창고및농산물가공공장,1
18000,창고시설,수산물건조창고,1
02000,공동주택,2968,1
18000,창고시설,농업용시설창고,1
01000,단독주택,분양불가능,1
18000,창고시설,농기계창고시설,1
24000,방송통신시설,무선기지구,1
21000,동물및식물관련시설,농막및축사,1
Z5000,문화및집회시설,사찰및숙소,1
04000,제2종근린생활시설,멀티미디어제공업소,1
31000,야영장시설,1종근린생활시설,1
18000,창고시설,03,1
01000,단독주택,메추리사,1
21000,동물및식물관련시설,부속정화시설,1
04000,제2종근린생활시설,유독보관저장시설,1
18000,창고시설,빗물이용시설,1
18000,창고시설,저장고및창고,1
01000,단독주택,주택및매점,1
18000,창고시설,파지장,1
18000,창고시설,발전소,1
02000,공동주택,근린시설내,1
18000,창고시설,임산물건조장,1
03000,제1종근린생활시설,공장창고,1
01000,단독주택,도서관,1
01000,단독주택,화장실및목욕실,1
02000,공동주택,골프엽습장,1
18000,창고시설,컨테이너검역소,1
01000,단독주택,근린생활시설다가구주택6가구,1
17000,공장,어상자보관,1
10000,교육연구시설,양궁연습장,1
18000,창고시설,저온창고및공동작업장,1
21000,동물및식물관련시설,관리사축양장,1
01000,단독주택,재레식화장실,1
27000,관광휴게시설,전시실및서당,1
17000,공장,제조부분,1
18000,창고시설,온실창고,1
12000,수련시설,제1종,1
01000,단독주택,근생시설및단독주택,1
16000,위락시설,근린생활시설및숙박시설,1
21000,동물및식물관련시설,임실사,1
JY,,제재소,1
01000,단독주택,단독주택및창고및동물관련시설,1
03000,제1종근린생활시설,및근린생활,1
10000,교육연구시설,생태학습관,1
02000,공동주택,뷰티케어,1
19000,위험물저장및처리시설,보관시설,1
04000,제2종근린생활시설,예배장,1
04000,제2종근린생활시설,교통광장,1
21000,동물및식물관련시설,쌀사일로우,1
18000,창고시설,창고화장실,1
21000,동물및식물관련시설,동물및식물관령시설,1
03000,제1종근린생활시설,농자재판매점,1
24000,방송통신시설,간이t,1
19001,주유소,주유소,1
01000,단독주택,다가구및근,1
Z3000,근린생활시설,피아노교습소,1
17000,공장,시멘트바켓엘리베이터,1
14000,업무시설,바케트,1
01000,단독주택,다가구단독및근생,1
Z8000,교육연구및복지시설,모정,1
21000,동물및식물관련시설,채란장,1
01000,단독주택,농어촌융자주택,1
15000,숙박시설,소규모숙박시설,1
17000,공장,탄산리튬,1
03000,제1종근린생활시설,점동,1
25000,발전시설,태양광부품창고,1
15000,숙박시설,공원숙소,1
21000,동물및식물관련시설,잠종보호용빙고,1
Z6000,판매및영업시설,근린공공시설,1
Z6000,판매및영업시설,개량저장고,1
15000,숙박시설,주택여인숙,1
09000,의료시설,다용도실,1
02000,공동주택,원룸형다세대14,1
17000,공장,생활폐기물,1
12000,수련시설,관리시설,1
02000,공동주택,연립주택관리실,1
17000,공장,7호유연탄공급실,1
03000,제1종근린생활시설,탑옥,1
15000,숙박시설,야외작업실,1
03000,제1종근린생활시설,쉼터정자,1
15000,숙박시설,보안경비동,1
15000,숙박시설,무료숙박소,1
,,축분발효장,1
18000,창고시설,제품장5도,1
01000,단독주택,소매점및사무실,1
20000,자동차관련시설,발전시설,1
17000,공장,slag적치장,1
03000,제1종근린생활시설,분,1
01000,단독주택,26가구,1
25000,발전시설,수소창고,1
17000,공장,산업용가스제조,1
17000,공장,임가공도정업,1
17000,공장,후생시설및사무실,1
19000,위험물저장및처리시설,저장창고및,1
02000,공동주택,대동주택,1
16000,위락시설,의료기기판매소,1
04000,제2종근린생활시설,영유아,1
26000,묘지관련시설,복지관,1
04000,제2종근린생활시설,분실,1
04000,제2종근린생활시설,방공대피소,1
04000,제2종근린생활시설,제조업기숙사,1
09000,의료시설,운동재활센터,1
22000,분뇨.쓰레기처리시설,폐수처리시설공사,1
03000,제1종근린생활시설,의료기기,1
20000,자동차관련시설,경주용자동차,1
01000,단독주택,제품제조업,1
18000,창고시설,석재,1
15000,숙박시설,2종근생시설,1
18000,창고시설,소각장창고,1
04000,제2종근린생활시설,다가구용단독,1
02000,공동주택,에이동,1
21000,동물및식물관련시설,친어배양사육실,1
03000,제1종근린생활시설,귀인동사무소,1
01000,단독주택,우편물취급소,1
14000,업무시설,이륜차차고,1
26000,묘지관련시설,봉안관,1
03000,제1종근린생활시설,작업장샤워실,1
Z6000,판매및영업시설,가스정압기실,1
08000,운수시설,t,1
01000,단독주택,필로티주차장,1
27000,관광휴게시설,농원,1
,,자돈사,1
21000,동물및식물관련시설,잠구창고,1
03000,제1종근린생활시설,다목적생활관,1
03000,제1종근린생활시설,성진원,1
04000,제2종근린생활시설,제조업소외,1
03000,제1종근린생활시설,특작사무실,1
19000,위험물저장및처리시설,cod,1
18000,창고시설,여관,1
10000,교육연구시설,실내경기연습장,1
10000,교육연구시설,공업연구,1
Z8000,교육연구및복지시설,세미나실,1
27000,관광휴게시설,아동공원,1
04000,제2종근린생활시설,유원업의시설,1
04000,제2종근린생활시설,간이음식점잡화점대중음식점,1
01000,단독주택,밀,1
18000,창고시설,저장가공,1
17000,공장,3c,1
17000,공장,생활도자기공장,1
03000,제1종근린생활시설,가압장창고,1
04000,제2종근린생활시설,근린생활서실,1
15000,숙박시설,근린생활시설외2용도,1
17000,공장,금연자대기실,1
17000,공장,차폐막,1
17000,공장,소비조합,1
02000,공동주택,감시실홀,1
15000,숙박시설,middot,1
04000,제2종근린생활시설,공동,1
02000,공동주택,청년기업인큐베이팅사업장,1
18000,창고시설,달리,1
17000,공장,급속여과기실,1
,,잠실창고,1
17000,공장,축양장,1
03000,제1종근린생활시설,부대화장실,1
17000,공장,폐토건조동,1
Z6000,판매및영업시설,정문수위실,1
04000,제2종근린생활시설,우산봉제조장,1
03000,제1종근린생활시설,신작로,1
14000,업무시설,사무소및창고,1
17000,공장,전기차충전실,1
14000,업무시설,창고및저온저장고,1
17000,공장,발전기동,1
02000,공동주택,노인정외9,1
03000,제1종근린생활시설,주3,1
04000,제2종근린생활시설,식당휴식처,1
02000,공동주택,식당주방,1
,,문간,1
03000,제1종근린생활시설,관아,1
03000,제1종근린생활시설,간호원숙소및,1
04000,제2종근린생활시설,소화물취급사무소,1
,,해태,1
01000,단독주택,1종근생활시설,1
03000,제1종근린생활시설,석유,1
17000,공장,대기측정기실,1
04000,제2종근린생활시설,벽송당,1
14000,업무시설,생활관,1
19000,위험물저장및처리시설,제품과,1
04000,제2종근린생활시설,대중음식점및다방,1
03000,제1종근린생활시설,생활권수련시설,1
04000,제2종근린생활시설,전자제품제조,1
21000,동물및식물관련시설,배지처리실,1
21000,동물및식물관련시설,단무지절임,1
24000,방송통신시설,일반음식점,1
14000,업무시설,동헌,1
03000,제1종근린생활시설,무인교환대,1
14000,업무시설,주민공동작업장,1
02000,공동주택,컴퓨터실,1
02000,공동주택,기도원,1
14000,업무시설,대세대주택,1
Z5000,문화및집회시설,숙사,1
04000,제2종근린생활시설,104동,1
18000,창고시설,및작업장,1
04000,제2종근린생활시설,용기검사소,1
17000,공장,목재문,1
14000,업무시설,차기계실,1
14000,업무시설,분뇨폐기물처리시설,1
16000,위락시설,제2종근린생활지역,1
14000,업무시설,창고및보일러실,1
04000,제2종근린생활시설,비료창고농기구수리센터,1
11000,노유자시설,척서정,1
Z8000,교육연구및복지시설,기관및기계공장,1
02000,공동주택,오피스탤,1
02000,공동주택,드라이에어리어,1
01000,단독주택,시멘트브럭,1
03000,제1종근린생활시설,잉여슬러지,1
19000,위험물저장및처리시설,dt,1
04000,제2종근린생활시설,취급시설,1
17000,공장,mcc관리동,1
15000,숙박시설,c,1
17000,공장,질소화합물제조업,1
04000,제2종근린생활시설,천주교회사택,1
22000,분뇨.쓰레기처리시설,15동,1
17000,공장,칡가공공장,1
13000,운동시설,일반공장,1
04000,제2종근린생활시설,홍보관,1
12000,수련시설,물품보관창고,1
03000,제1종근린생활시설,교도소,1
03000,제1종근린생활시설,no2변전소,1
04000,제2종근린생활시설,중앙연구소,1
04000,제2종근린생활시설,건축법시행령별표에,1
17000,공장,23벨트콘베이어,1
14000,업무시설,지열실,1
12000,수련시설,주방,1
10000,교육연구시설,부속여자고등학교,1
Z5000,문화및집회시설,충혼각,1
13000,운동시설,김치저장고,1
17000,공장,비스켓동,1
01000,단독주택,제분업,1
03000,제1종근린생활시설,원외탕전실,1
17000,공장,rt작업장,1
04000,제2종근린생활시설,다가구주택8가구,1
05000,문화및집회시설,학예연구실,1
21000,동물및식물관련시설,우분저장고,1
02000,공동주택,스쿨스테이션b,1
Z8000,교육연구및복지시설,여자기숙사,1
18000,창고시설,저온저장고작업실,1
02000,공동주택,복지관2,1
02000,공동주택,피톤치드놀이방,1
02000,공동주택,동호인룸,1
01000,단독주택,전당포,1
17000,공장,냉각처리실,1
18000,창고시설,수방자재보관창고,1
03000,제1종근린생활시설,전유장,1
Z3000,근린생활시설,어학계학원,1
04000,제2종근린생활시설,가산사,1
04000,제2종근린생활시설,물류창고,1
17000,공장,catalist,1
10000,교육연구시설,초화포,1
13000,운동시설,매점동,1
13000,운동시설,골프장창고,1
17000,공장,제품개발실,1
02000,공동주택,파파스테이션,1
03000,제1종근린생활시설,싸롱,1
04000,제2종근린생활시설,과수저장고,1
03000,제1종근린생활시설,다가구용단독주택3가구,1
18000,창고시설,고장,1
Z5000,문화및집회시설,독곡마을회관,1
03000,제1종근린생활시설,문화재보호시설,1
01000,단독주택,양전교회,1
04000,제2종근린생활시설,문리계학원,1
02000,공동주택,학습지도실,1
01000,단독주택,단무지저장,1
17000,공장,cab,1
14000,업무시설,공제조합,1
10000,교육연구시설,농기계야외교육장,1
10000,교육연구시설,계단교실,1
10000,교육연구시설,근린생활및교육연구,1
10000,교육연구시설,양수실,1
10000,교육연구시설,멀티미디어강의동,1
02000,공동주택,기계전기펌프실,1
03000,제1종근린생활시설,미화원휴게실,1
04000,제2종근린생활시설,정수기및,1
17000,공장,수처리조정실,1
15000,숙박시설,주택및,1
03000,제1종근린생활시설,약초시장,1
24000,방송통신시설,건축물,1
01000,단독주택,용왕당,1
17000,공장,임산물가공,1
17000,공장,미역작업장,1
27000,관광휴게시설,등산휴계소,1
27000,관광휴게시설,사당,1
17000,공장,아스콘호퍼,1
11000,노유자시설,슈퍼마켓,1
02000,공동주택,우수관리실3,1
17000,공장,증기발생기,1
04000,제2종근린생활시설,수산물보관창고및,1
17000,공장,연료배합실,1
20000,자동차관련시설,지하,1
10000,교육연구시설,농장관리사,1
17000,공장,공장기타시설,1
21000,동물및식물관련시설,산란,1
17000,공장,변환기,1
06000,종교시설,종교시설및제2종근린생활시설,1
04000,제2종근린생활시설,501동,1
04000,제2종근린생활시설,농산물1차,1
23000,교정및군사시설,진지,1
05000,문화및집회시설,제승당,1
16000,위락시설,케노피,1
10000,교육연구시설,연습림,1
18000,창고시설,향여집,1
06000,종교시설,문및화집회시설,1
21001,도축장,도축장,1
18000,창고시설,농생시,1
17000,공장,정비고동,1
05000,문화및집회시설,향청,1
24000,방송통신시설,도수계실,1
10000,교육연구시설,차고및,1
02000,공동주택,지하주동출입구,1
17000,공장,폐지분리보관소,1
19000,위험물저장및처리시설,중질유,1
14000,업무시설,지역건강보험조합,1
19000,위험물저장및처리시설,nh3저장소,1
17000,공장,우수조관리층,1
18000,창고시설,농가주택및주택,1
03000,제1종근린생활시설,사통,1
18000,창고시설,근린생활시설외창고,1
01000,단독주택,군장옥,1
20000,자동차관련시설,촬영실,1
17000,공장,달리분류되지않은기타제조업,1
18000,창고시설,원마산농기계보관창고,1
18000,창고시설,농가용저장고,1
01000,단독주택,덤벙관,1
17000,공장,r505헤드타워,1
18000,창고시설,벼공동건조장,1
14000,업무시설,b동,1
01000,단독주택,무속건물,1
01000,단독주택,농사,1
01000,단독주택,식수대,1
01000,단독주택,창고및저온창고,1
04000,제2종근린생활시설,한국민속관,1
18000,창고시설,양수장관리사부품창고,1
18000,창고시설,조절제창고,1
01000,단독주택,첨포,1
01000,단독주택,주택겸사무실,1
21000,동물및식물관련시설,전북배양장,1
04000,제2종근린생활시설,농어가,1
04000,제2종근린생활시설,동광원,1
03000,제1종근린생활시설,창고다용도실,1
05000,문화및집회시설,궁도장,1
18000,창고시설,창고정미소,1
21000,동물및식물관련시설,안전관리사,1
18000,창고시설,부속세차장,1
18000,창고시설,농엽용저장창고,1
11000,노유자시설,노유자시설노,1
01000,단독주택,주택및지하창고,1
21000,동물및식물관련시설,어업관리사,1
01000,단독주택,주민편의시설,1
21000,동물및식물관련시설,농기계창고및퇴비사,1
18000,창고시설,마을공동저장시설,1
17000,공장,보일러하우스,1
18000,창고시설,회관시설,1
01000,단독주택,목욕탕및변소,1
03000,제1종근린생활시설,작물병원,1
21000,동물및식물관련시설,뱀부화장,1
09000,의료시설,의료폐기물,1
21000,동물및식물관련시설,강파이프구조,1
21000,동물및식물관련시설,재배사관리사,1
10000,교육연구시설,교수휴게실,1
18000,창고시설,다용도창고,1
01000,단독주택,농가주택자력,1
21000,동물및식물관련시설,축사분뇨저장소,1
17000,공장,기계실및물탱크실,1
01000,단독주택,주택및도정공장,1
01000,단독주택,농어촌주택개량사업주택,1
18000,창고시설,볕집창고,1
18000,창고시설,건조장및관리사,1
01000,단독주택,본체,1
17000,공장,분쇄기동,1
21000,동물및식물관련시설,양송이막사,1
09000,의료시설,일반업무,1
18000,창고시설,창고및판매시설,1
21000,동물및식물관련시설,각파이프구조,1
01000,단독주택,주택용건물,1
01000,단독주택,당용도실,1
Z3000,근린생활시설,연립주택및,1
14000,업무시설,middot,1
02000,공동주택,건겅증진시설,1
02000,공동주택,감시,1
24000,방송통신시설,직업훈련소,1
18000,창고시설,분리수거함,1
01000,단독주택,주택내부수탄창고,1
18000,창고시설,위탁영농회사창고,1
01000,단독주택,농가용저온창고,1
18000,창고시설,ㅡ,1
18000,창고시설,농산물유통센터,1
21000,동물및식물관련시설,동물및식뭉관련시설,1
21000,동물및식물관련시설,고액분리기실,1
18000,창고시설,저온저장창고부지조성,1
,,철도,1
21000,동물및식물관련시설,우축사,1
21000,동물및식물관련시설,풀창고,1
18000,창고시설,교육원교사,1
01000,단독주택,경비대,1
21000,동물및식물관련시설,귀뚜라미사육장,1
01000,단독주택,근생및다중주택6호,1
02000,공동주택,간호사,1
03000,제1종근린생활시설,봉화경찰서서벽지서,1
18000,창고시설,농가형창고및주택,1
21000,동물및식물관련시설,동물및식물관리지역,1
21000,동물및식물관련시설,축사우사,1
01000,단독주택,창고및보이러실및대피소,1
17000,공장,유류탱크펌프실,1
18000,창고시설,사과저온저장소,1
04000,제2종근린생활시설,식당및휴계실,1
17000,공장,24cdc제조설비동,1
05000,문화및집회시설,외2건,1
18000,창고시설,농축장및보온창고,1
17000,공장,분석기실7,1
21000,동물및식물관련시설,양유처리장,1
06000,종교시설,조실채,1
10000,교육연구시설,교육원본관,1
10000,교육연구시설,자연대1호관,1
20000,자동차관련시설,6,1
02000,공동주택,도시형생활주택단지형다세대15세대,1
15000,숙박시설,1종근린생활,1
Z3000,근린생활시설,새마을작업장,1
03000,제1종근린생활시설,문덕지소,1
11000,노유자시설,심신장애자재활원,1
19000,위험물저장및처리시설,가스저장소및판매소,1
19000,위험물저장및처리시설,고압가스용기보관소,1
03000,제1종근린생활시설,마을공동벼건조장,1
17000,공장,101호동,1
10000,교육연구시설,교육연구사설,1
03000,제1종근린생활시설,어린이놀이방,1
02000,공동주택,706동위치,1
17000,공장,악세사리,1
01000,단독주택,농기구제작소,1
06000,종교시설,배양장,1
10000,교육연구시설,군립공공도서관,1
10000,교육연구시설,차량소독실,1
04000,제2종근린생활시설,숙박업소,1
09000,의료시설,의료가스창고,1
10000,교육연구시설,재배온실,1
18000,창고시설,창고및정미소,1
11000,노유자시설,업무시설외,1
01000,단독주택,정호수사택,1
10000,교육연구시설,안전지킴이시설,1
17000,공장,비공해봉제업,1
10000,교육연구시설,싸이클연습장,1
03000,제1종근린생활시설,전기충전실,1
10000,교육연구시설,학생편의시설,1
08000,운수시설,광기소검수원처소,1
02000,공동주택,방제,1
10000,교육연구시설,식품창고,1
10000,교육연구시설,레스링합숙소,1
,,유기장,1
10000,교육연구시설,화학연구소,1
01000,단독주택,다가구및오피스텔,1
10000,교육연구시설,여인숙,1
Z5000,문화및집회시설,사찰음식연구소,1
10000,교육연구시설,상가시설,1
10000,교육연구시설,어린이교통교육장,1
18000,창고시설,식품냉동작업장및창고,1
10000,교육연구시설,식당및창고,1
10000,교육연구시설,민방위급수실,1
17000,공장,복수용도,1
01000,단독주택,사설예능강습소,1
23000,교정및군사시설,유화제보관소,1
05000,문화및집회시설,광석보관소,1
14000,업무시설,178호,1
05000,문화및집회시설,유물수장고,1
03000,제1종근린생활시설,회관어협구판장,1
05000,문화및집회시설,문산관,1
09000,의료시설,적출물보관창고,1
03000,제1종근린생활시설,물탱크실및계단실,1
05000,문화및집회시설,봉불,1
14000,업무시설,농협교육장,1
27000,관광휴게시설,목공체험장,1
17000,공장,새마을창고,1
17000,공장,연소처리실,1
17000,공장,장갑제조시설,1
02000,공동주택,휀룸및전기실,1
05000,문화및집회시설,판매점,1
04000,제2종근린생활시설,일반음식점0,1
09000,의료시설,관리동,1
17000,공장,조업교대활동실,1
17000,공장,thickner,1
05000,문화및집회시설,만세루,1
09000,의료시설,물치장,1
05000,문화및집회시설,종합문화예술회관,1
24000,방송통신시설,r,1
09000,의료시설,정화조실,1
06000,종교시설,육아원,1
02000,공동주택,218대,1
10000,교육연구시설,교사및강당,1
,,대형정비동,1
18000,창고시설,폐토사,1
02000,공동주택,공가,1
02000,공동주택,연습실,1
02000,공동주택,원룸형도시형생활주택6세대,1
10000,교육연구시설,노유자서설,1
03000,제1종근린생활시설,면사무실,1
19000,위험물저장및처리시설,옥내탱크,1
17000,공장,위생도기제조업,1
15000,숙박시설,피로티,1
24000,방송통신시설,방송통신시설및제1,1
05000,문화및집회시설,문화및집회시설외제2종근린생활시설,1
17000,공장,케이블창고,1
03000,제1종근린생활시설,경량철골,1
05000,문화및집회시설,서측협문,1
05000,문화및집회시설,방문자센터,1
05000,문화및집회시설,학생문화회관,1
Z3000,근린생활시설,분뇨및쓰레기처리시설,1
01000,단독주택,점방,1
03000,제1종근린생활시설,잎담배공동저장창고,1
04000,제2종근린생활시설,정비기기계실,1
22000,분뇨.쓰레기처리시설,수집,1
19000,위험물저장및처리시설,lpg충전장,1
04000,제2종근린생활시설,남동공단,1
04000,제2종근린생활시설,6호공원,1
17000,공장,mcc주조정실,1
05000,문화및집회시설,원형정자,1
Z9000,공공용시설,비상급수시설,1
02000,공동주택,소강당,1
02000,공동주택,재활용픔창고,1
17000,공장,기계실g,1
05000,문화및집회시설,이동식화장실,1
27000,관광휴게시설,관광레져타운,1
05000,문화및집회시설,유흥음식점,1
17000,공장,위험물처리및취급시설,1
17000,공장,도장설비실,1
15000,숙박시설,전망대,1
05000,문화및집회시설,오수처리장및전기실,1
04000,제2종근린생활시설,위험물저장및취급소,1
10000,교육연구시설,세미나동,1
03000,제1종근린생활시설,애견용품샵,1
18000,창고시설,도구실,1
14000,업무시설,4용도,1
17000,공장,분사기,1
17000,공장,비이동,1
18000,창고시설,농산물건조보관,1
05000,문화및집회시설,종부전담지도소,1
05000,문화및집회시설,장려관,1
18000,창고시설,함안리,1
19000,위험물저장및처리시설,위험물자장및처리시설,1
04000,제2종근린생활시설,배양실,1
17000,공장,환경집진기,1
07000,판매시설,특산품공동판매장,1
17000,공장,중합방지시설,1
21000,동물및식물관련시설,기존톱밥우사,1
11000,노유자시설,청소년복지시설,1
01000,단독주택,주택겸,1
04000,제2종근린생활시설,근종,1
20000,자동차관련시설,2동,1
22000,분뇨.쓰레기처리시설,c,1
Z8000,교육연구및복지시설,컴퓨터,1
03000,제1종근린생활시설,상가및,1
24000,방송통신시설,공용시설,1
21000,동물및식물관련시설,24,1
19000,위험물저장및처리시설,유틸리티동,1
14000,업무시설,산업용품,1
05000,문화및집회시설,대흥각,1
03000,제1종근린생활시설,전력변환장치실3,1
06000,종교시설,주1,1
17000,공장,폐자재집하장,1
17000,공장,연직동c,1
17000,공장,공기정화기실,1
15000,숙박시설,사주문2,1
03000,제1종근린생활시설,방수저장,1
21000,동물및식물관련시설,제2종근,1
18000,창고시설,정우양곡,1
13000,운동시설,조명탑,1
09000,의료시설,2종근린생,1
10000,교육연구시설,관람석지붕1,1
Z9000,공공용시설,잎담배,1
07000,판매시설,외부통로,1
02000,공동주택,개방형화장실,1
Z3000,근린생활시설,제2종근생시설,1
25000,발전시설,관람통로,1
18000,창고시설,기타곡물가공품제조업,1
20000,자동차관련시설,자동차수리점및사무실,1
04000,제2종근린생활시설,의약품보관소,1
17000,공장,가죽모피의류제조업,1
21000,동물및식물관련시설,퇴동,1
,,일반창고,1
01000,단독주택,2017년농촌개량주택,1
04000,제2종근린생활시설,주차차고,1
03000,제1종근린생활시설,슈퍼마켓및사무실,1
04000,제2종근린생활시설,공장가공,1
17000,공장,방역기계실1,1
17000,공장,제3소화기실,1
01000,단독주택,제1종근린생활시설및제2종근린생활시설,1
20000,자동차관련시설,실내세척장,1
17000,공장,1차염수정화동,1
17000,공장,간이실험실,1
06000,종교시설,국사5당,1
17000,공장,차음료가공공장,1
04000,제2종근린생활시설,보제루,1
17000,공장,계분공장,1
17000,공장,단독주택및창고시설,1
17000,공장,전기발전실,1
03000,제1종근린생활시설,새마을외구판장,1
17000,공장,지역특산물가공작업장,1
17000,공장,시멘트및콤푸실,1
17000,공장,망대1,1
17000,공장,변소및,1
17000,공장,잔여콘처리장,1
05000,문화및집회시설,숲속의집,1
30000,자원순환관련시설,제어실,1
17000,공장,안전교육대기실,1
17000,공장,식품가공시설,1
17000,공장,목재건구업,1
17000,공장,냉풍건조실,1
17000,공장,부속사무동,1
17000,공장,탈동탈비실,1
17000,공장,라텍스연구동,1
17000,공장,연결통로케노피,1
17000,공장,원자재적재장,1
17000,공장,제본소,1
15000,숙박시설,근린생횔시설,1
17000,공장,발포공장,1
17000,공장,관리본관,1
17000,공장,지하환기실,1
17000,공장,자전거보관소4,1
17000,공장,농질산공장,1
17000,공장,관리사및공장,1
17000,공장,회관및공장,1
17000,공장,전분창고,1
17000,공장,석탄에어리프트실,1
17000,공장,농산물제조공장,1
17000,공장,주차정산소,1
04000,제2종근린생활시설,1가구주택,1
17000,공장,북측경비실,1
18000,창고시설,농가주택및계사,1
17000,공장,잎담배건조공장,1
21000,동물및식물관련시설,산양사,1
17000,공장,폐수전처리시설,1
17000,공장,사무실및회의실,1
17000,공장,사열대,1
17000,공장,샤워장및화장실,1
17000,공장,전기충전기,1
01000,단독주택,야외수영장,1
17000,공장,밀실,1
17000,공장,폐수처리관리사,1
17000,공장,및부대복지시설,1
17000,공장,공정응축수처리실,1
17000,공장,관리사택,1
17000,공장,자가주유취급소,1
17000,공장,전기실동3,1
02000,공동주택,엠,1
02000,공동주택,주부카페,1
18000,창고시설,마늘건조장및농업용창고,1
01000,단독주택,주거용주방식당,1
25000,발전시설,반입파쇄동,1
17000,공장,워터펌프실,1
01000,단독주택,장례식장,1
17000,공장,제2용기창고,1
03000,제1종근린생활시설,식품소분업,1
17000,공장,무선통신방송응용장치,1
22000,분뇨.쓰레기처리시설,계분처리시설,1
17000,공장,1동피피부촉매동,1
17000,공장,실외골프연습장,1
17000,공장,호박국수공장,1
17000,공장,원료투입구동,1
17000,공장,아파트형공장및운동시설,1
17000,공장,유기장,1
17000,공장,공무작업장및사무실,1
07000,판매시설,처리장,1
17000,공장,폐수처리장스크린,1
17000,공장,인조솜제조공장,1
17000,공장,굴선박장,1
17000,공장,에어드라이어실,1
17000,공장,물품하역창고,1
12000,수련시설,직원합숙소,1
17000,공장,폐수처리하우스,1
17000,공장,혼합공장,1
17000,공장,원부자재창고,1
17000,공장,축분발효장,1
17000,공장,세차장기계실,1
17000,공장,항산화셀타,1
04000,제2종근린생활시설,생활시설및,1
04000,제2종근린생활시설,동사무실,1
04000,제2종근린생활시설,가스보관창고,1
17000,공장,철문관련제품제조업,1
19000,위험물저장및처리시설,암모니아가스저장소,1
10000,교육연구시설,사격부꿈나무실,1
03000,제1종근린생활시설,의열사,1
02000,공동주택,스마트포켓,1
02000,공동주택,재활용창고3,1
04000,제2종근린생활시설,자동차경수리점,1
30000,자원순환관련시설,적치장,1
15000,숙박시설,근린생활시설및단독주택,1
03000,제1종근린생활시설,재해구호물자보관창고,1
03000,제1종근린생활시설,오수정화시설관리동,1
02000,공동주택,관리숙소및창고,1
07000,판매시설,절단,1
03000,제1종근린생활시설,동물및,1
03000,제1종근린생활시설,근린생활시설제2종근린생활시설,1
03000,제1종근린생활시설,아파트상가,1
11000,노유자시설,상담실,1
Z8000,교육연구및복지시설,유아,1
11000,노유자시설,근근공공시설,1
,,퇴비사및,1
03000,제1종근린생활시설,효자정여,1
03000,제1종근린생활시설,특산품전시관,1
11000,노유자시설,누하양노당,1
18000,창고시설,구사료사,1
01000,단독주택,다가구8주택,1
03000,제1종근린생활시설,부속차량관리실,1
03000,제1종근린생활시설,경비휴게실,1
03000,제1종근린생활시설,청소년독서실,1
03000,제1종근린생활시설,운암분기국,1
03000,제1종근린생활시설,진서농촌지소사무실,1
03000,제1종근린생활시설,연자방아,1
14000,업무시설,관광집회,1
21000,동물및식물관련시설,한육우사,1
03000,제1종근린생활시설,도예체험장,1
18000,창고시설,통신용시설,1
03000,제1종근린생활시설,근린공공시설지서청사,1
03000,제1종근린생활시설,해녀공동목욕탕,1
03000,제1종근린생활시설,식당동,1
23000,교정및군사시설,관광숙박시설,1
01000,단독주택,생및단독,1
03000,제1종근린생활시설,자란회관,1
11000,노유자시설,이용시설,1
17000,공장,곡물조리제품제조업,1
11000,노유자시설,가정보육복지,1
03000,제1종근린생활시설,김조제판매점,1
03000,제1종근린생활시설,유아,1
03000,제1종근린생활시설,재활용품선별장,1
03000,제1종근린생활시설,투이장,1
03000,제1종근린생활시설,상엽용,1
Z3000,근린생활시설,숙영시설,1
11000,노유자시설,덕목2리,1
03000,제1종근린생활시설,염소전처리실,1
03000,제1종근린생활시설,영업용및사무실,1
03000,제1종근린생활시설,라사무실,1
03000,제1종근린생활시설,즉석판매가공제조업,1
03000,제1종근린생활시설,청경초소,1
17000,공장,ta검사실,1
17000,공장,정수처리,1
18000,창고시설,제설자재,1
03000,제1종근린생활시설,외양간,1
03000,제1종근린생활시설,운수시설및제1종근린생활시설,1
21000,동물및식물관련시설,포유실우사,1
11000,노유자시설,신흥노인정,1
03000,제1종근린생활시설,공원관리실및공중변소,1
11000,노유자시설,노인회관및마을회관,1
02000,공동주택,실내골프연습장사우나,1
03000,제1종근린생활시설,근린생활시설및업무시설및공동주택,1
02000,공동주택,원품형4세대,1
17000,공장,주출입,1
09000,의료시설,5,1
03000,제1종근린생활시설,미용실및주택,1
17000,공장,폐기물임시보관장,1
11000,노유자시설,경로원,1
03000,제1종근린생활시설,창고형소매점,1
17000,공장,계전검사팀,1
17000,공장,송풍실및조정실,1
03000,제1종근린생활시설,건어물상,1
04000,제2종근린생활시설,12종,1
03000,제1종근린생활시설,근린생활서설,1
03000,제1종근린생활시설,근린생활시설욍1용도,1
03000,제1종근린생활시설,곡물보관창고,1
03000,제1종근린생활시설,비상급수펌프장,1
17000,공장,tcm집진기전기실,1
03000,제1종근린생활시설,위락및1,1
01000,단독주택,2가구형,1
11000,노유자시설,승언노인정,1
17000,공장,씨오투실,1
03000,제1종근린생활시설,배출수처리시설,1
01000,단독주택,부추사,1
03000,제1종근린생활시설,마을복지센터,1
03000,제1종근린생활시설,수질실험실,1
03000,제1종근린생활시설,수산물저장고,1
03000,제1종근린생활시설,신촌마을회관,1
11000,노유자시설,정자및관리실,1
03000,제1종근린생활시설,대기측정소,1
03000,제1종근린생활시설,볼링장및일반음식점,1
07000,판매시설,완제품,1
17000,공장,53동,1
03000,제1종근린생활시설,보덕각,1
21000,동물및식물관련시설,슬리치돈사,1
03000,제1종근린생활시설,의약품류,1
20000,자동차관련시설,도장반,1
03000,제1종근린생활시설,제조판매시설,1
03000,제1종근린생활시설,마을공동창고시설,1
06000,종교시설,척주암,1
03000,제1종근린생활시설,소문중정자,1
04000,제2종근린생활시설,항공학원,1
03000,제1종근린생활시설,판매점및사무실,1
02000,공동주택,소셜다이닝룸,1
03000,제1종근린생활시설,순찰분소,1
14000,업무시설,기계창고,1
17000,공장,미니스크린,1
03000,제1종근린생활시설,신창펌프장,1
11000,노유자시설,병실,1
04000,제2종근린생활시설,소매점및고시원,1
03000,제1종근린생활시설,홍문,1
03000,제1종근린생활시설,명사마을회관,1
02000,공동주택,청년특화시설,1
02000,공동주택,아파트발전기실,1
17000,공장,종묘배양장,1
03000,제1종근린생활시설,취사량배전실,1
03000,제1종근린생활시설,마을회관및놀이터,1
11000,노유자시설,노인정및어린이집,1
03000,제1종근린생활시설,정보화센터,1
03000,제1종근린생활시설,제1종근생및의료시설,1
10000,교육연구시설,주차장및기계실,1
02000,공동주택,전기길,1
03000,제1종근린생활시설,소매점및공연장,1
03000,제1종근린생활시설,지도소창고,1
18000,창고시설,복문,1
17000,공장,철강보강제품제조공장,1
03000,제1종근린생활시설,농산물창고및근린생활시설,1
03000,제1종근린생활시설,마을회관택,1
,,조립공장,1
03000,제1종근린생활시설,동계보건진료소,1
16000,위락시설,기계식,1
17000,공장,콘크리트제품제조업26957,1
19000,위험물저장및처리시설,안전차산시설시,1
03000,제1종근린생활시설,농협사무소,1
17000,공장,분공장,1
03000,제1종근린생활시설,무덕관,1
03000,제1종근린생활시설,지하차고,1
13000,운동시설,대중골프장,1
03000,제1종근린생활시설,계수대,1
03000,제1종근린생활시설,동계농협,1
03000,제1종근린생활시설,분산상가,1
03000,제1종근린생활시설,부속가,1
17000,공장,탭밸브및유사장치제조,1
26000,묘지관련시설,서측회랑,1
Z5000,문화및집회시설,외1용도,1
04000,제2종근린생활시설,주택외6용도,1
04000,제2종근린생활시설,사교식당,1
04000,제2종근린생활시설,정미소부속사,1
02000,공동주택,다목적강좌실,1
22000,분뇨.쓰레기처리시설,축산폐기물건조장,1
20000,자동차관련시설,폐차작업장,1
04000,제2종근린생활시설,일반음실점,1
22000,분뇨.쓰레기처리시설,정화조펌프실,1
17000,공장,5류,1
18000,창고시설,물탱크및펌프실,1
03000,제1종근린생활시설,치기공소,1
17000,공장,제품저장고,1
11000,노유자시설,종각,1
05000,문화및집회시설,종합회의실,1
18000,창고시설,거곡마을,1
17000,공장,다목적휴게실,1
01000,단독주택,신청1가구,1
17000,공장,수위실및화장실,1
19000,위험물저장및처리시설,가스탱크기계동,1
17000,공장,80ton수처리실,1
08000,운수시설,공중,1
20000,자동차관련시설,224,1
04000,제2종근린생활시설,자동차정비업소,1
17000,공장,전통장류발효가공공장,1
20000,자동차관련시설,cng충전소기계실,1
17000,공장,냉동제조업,1
20000,자동차관련시설,관리실및주차장,1
20000,자동차관련시설,주기장부속창고,1
17000,공장,파지압착장,1
04000,제2종근린생활시설,빵제조,1
17000,공장,제5호,1
20000,자동차관련시설,매표소,1
18000,창고시설,건축자재,1
11000,노유자시설,운동,1
17000,공장,혼합싸이로변전실,1
01000,단독주택,93정주권주택,1
22000,분뇨.쓰레기처리시설,고물상사무실,1
18000,창고시설,상수관,1
22000,분뇨.쓰레기처리시설,재활용보관장,1
01000,단독주택,농촌추택,1
31000,야영장시설,등,1
17000,공장,자재창고d,1
18000,창고시설,t1공장제품창고,1
02000,공동주택,인터넷게임제공업의시설,1
22000,분뇨.쓰레기처리시설,생오니실,1
18000,창고시설,농산물가공용,1
03000,제1종근린생활시설,동읍변전소,1
10000,교육연구시설,동물사육실,1
01000,단독주택,설,1
01000,단독주택,01,1
18000,창고시설,농약고,1
02000,공동주택,주민소통공간,1
22000,분뇨.쓰레기처리시설,옥외교육장,1
02000,공동주택,부설창고,1
02000,공동주택,117대,1
03000,제1종근린생활시설,주택창고,1
13000,운동시설,체육관부속창고,1
10000,교육연구시설,화장실동,1
18000,창고시설,농어업인주택,1
,,보선분소창고,1
07000,판매시설,주상가,1
14000,업무시설,연구용시설,1
,,예배당,1
19000,위험물저장및처리시설,lp가스및고압가스저장실,1
Z3000,근린생활시설,유치원,1
03000,제1종근린생활시설,옥탑및방,1
19000,위험물저장및처리시설,수소가스충전소,1
,,옥외기계실,1
14000,업무시설,주차관리,1
Z3000,근린생활시설,음식점등,1
,,해태종합종합처리장,1
11000,노유자시설,종업원복지시설,1
07000,판매시설,백화점및쇼핑센터,1
19000,위험물저장및처리시설,사무실및석유류판매소,1
19000,위험물저장및처리시설,저유시설,1
17000,공장,cpvc,1
17000,공장,vip차고,1
,,지정문화재,1
07000,판매시설,건해물중매인점포,1
03000,제1종근린생활시설,2종근린생활서실,1
03000,제1종근린생활시설,남탕,1
,,공공시설선로처소,1
14000,업무시설,전기시설,1
25000,발전시설,탈황폐수처리건물,1
Z5000,문화및집회시설,휴게실,1
03000,제1종근린생활시설,폐백실,1
01000,단독주택,88년농촌주택개량,1
01000,단독주택,매표실,1
25000,발전시설,전기실동,1
03000,제1종근린생활시설,공동이발소,1
04000,제2종근린생활시설,의류잡화,1
01000,단독주택,여객자동차터미널,1
07000,판매시설,관리사택,1
03000,제1종근린생활시설,미술,1
19000,위험물저장및처리시설,위험물저장시설주유소,1
16000,위락시설,다과점,1
03000,제1종근린생활시설,제2종및제1종근린생활시설,1
17000,공장,차광막,1
07000,판매시설,근린생활시설및위락시설,1
17000,공장,식육제품제조가공,1
19000,위험물저장및처리시설,위험물판매취급소및화장실,1
,,가스창고,1
17000,공장,대형3종소화설비창고,1
Z7001,축사,퇴비사,1
19000,위험물저장및처리시설,제품포장실,1
Z8000,교육연구및복지시설,2용도,1
17000,공장,cpn저장고,1
04000,제2종근린생활시설,비업무용,1
03000,제1종근린생활시설,기타근린생활시설및제2종근린생활시설,1
17000,공장,mn용해공장,1
04000,제2종근린생활시설,근린생활및다가구주택,1
04000,제2종근린생활시설,철물용접,1
04000,제2종근린생활시설,석류가공시설,1
04000,제2종근린생활시설,재분소,1
02000,공동주택,차량승하차대기실,1
17000,공장,컴퓨터관련제품조립업,1
04000,제2종근린생활시설,동물위탁관리소,1
07000,판매시설,소매,1
17000,공장,프로세스분석실,1
04000,제2종근린생활시설,현송당,1
06000,종교시설,오충각,1
04000,제2종근린생활시설,직원용식당,1
17000,공장,금회증축,1
01000,단독주택,가정사,1
04000,제2종근린생활시설,농업인상담소,1
Z9000,공공용시설,마을,1
06000,종교시설,대소예배실,1
04000,제2종근린생활시설,우수저류조관리층,1
05000,문화및집회시설,문화및지회시설,1
17000,공장,송풍기실2,1
02000,공동주택,근린생활및연립주택,1
01000,단독주택,농축산가공시설,1
06000,종교시설,신령각,1
10000,교육연구시설,기능실,1
04000,제2종근린생활시설,관리인숙사,1
04000,제2종근린생활시설,궁도대기실,1
13000,운동시설,폐기물창고,1
03000,제1종근린생활시설,소성면사무소,1
06000,종교시설,안식일교회,1
04000,제2종근린생활시설,일반음식점외2용도,1
04000,제2종근린생활시설,질옥,1
04000,제2종근린생활시설,교육및의료시설군,1
04000,제2종근린생활시설,사병식당,1
02000,공동주택,원룸형주택88호,1
06000,종교시설,관리사동,1
04000,제2종근린생활시설,도자기가마실,1
06000,종교시설,무량수전,1
04000,제2종근린생활시설,제조업소및학원,1
06000,종교시설,여화장실,1
27000,관광휴게시설,변경신청에의한용도변경,1
04000,제2종근린생활시설,정미영업소,1
28000,가설건축물,변소,1
04000,제2종근린생활시설,여과지실,1
04000,제2종근린생활시설,이동전화기지국,1
17000,공장,고상,1
04000,제2종근린생활시설,친환경비료제조업소,1
13000,운동시설,티하우스3,1
04000,제2종근린생활시설,법제사부속주택,1
04000,제2종근린생활시설,단독1세대,1
01000,단독주택,5기구,1
02000,공동주택,벽돌조,1
19000,위험물저장및처리시설,세차시설및기계실,1
04000,제2종근린생활시설,육류제조업소,1
04000,제2종근린생활시설,위락및,1
10000,교육연구시설,교육공학관,1
17000,공장,원료제품창고,1
17000,공장,싸이로공장,1
19000,위험물저장및처리시설,위험물저장및러시설,1
19000,위험물저장및처리시설,물품보관창고,1
17000,공장,교육시설,1
04000,제2종근린생활시설,시멘트제품,1
,,저온저장고및주택,1
17000,공장,구내식장,1
24000,방송통신시설,문화시설,1
04000,제2종근린생활시설,2종근란생활시설,1
07000,판매시설,하나로마트,1
05000,문화및집회시설,관음선,1
10000,교육연구시설,다동,1
10000,교육연구시설,번식우사,1
04000,제2종근린생활시설,부동산중개업소및일반음식점,1
04000,제2종근린생활시설,혈액원검사실,1
23000,교정및군사시설,교보재창고,1
19000,위험물저장및처리시설,케너피,1
04000,제2종근린생활시설,직원휴게실및화장실,1
01000,단독주택,정호,1
10000,교육연구시설,기념회관,1
01000,단독주택,17가구형,1
19000,위험물저장및처리시설,위험물저장및제조시설,1
20000,자동차관련시설,제거식,1
19000,위험물저장및처리시설,분뇨및쓰레기처리시설,1
17000,공장,저온저장고및창고,1
17000,공장,y동,1
03000,제1종근린생활시설,무장3구,1
01000,단독주택,제1종및제2종근생,1
19000,위험물저장및처리시설,필로티,1
22000,분뇨.쓰레기처리시설,판매시설,1
17000,공장,hcl출하장,1
,,기타공공시설,1
06000,종교시설,산식각,1
05000,문화및집회시설,천문대,1
17000,공장,3a부두,1
17000,공장,양극재4공장,1
,,센실레지,1
01000,단독주택,주택개량사업대상,1
04000,제2종근린생활시설,및관리사,1
12000,수련시설,체험장,1
17000,공장,방재,1
19000,위험물저장및처리시설,사무실및주유탑,1
01000,단독주택,식물조직배양소,1
07000,판매시설,좌판장,1
,,그늘집,1
14000,업무시설,실,1
,,을7등단사,1
21000,동물및식물관련시설,양게장,1
21000,동물및식물관련시설,톱밥우사1,1
14000,업무시설,107호,1
02000,공동주택,이동통신전신전화국,1
19000,위험물저장및처리시설,가스저장동,1
13000,운동시설,공설운동장스텐드,1
07000,판매시설,수산물도매시장,1
19000,위험물저장및처리시설,가스판매창고,1
19000,위험물저장및처리시설,폐유드럼보관장,1
18000,창고시설,제분소,1
17000,공장,타르탱크,1
17000,공장,r엔진공장,1
05000,문화및집회시설,11,1
18000,창고시설,조업주차장,1
05000,문화및집회시설,수조,1
11000,노유자시설,신부,1
02000,공동주택,경비실1동,1
05000,문화및집회시설,문회,1
,,소방차고,1
12000,수련시설,문화의집,1
17000,공장,제품실,1
04000,제2종근린생활시설,2종근린생활시설외1건,1
22000,분뇨.쓰레기처리시설,세차및정비동,1
13000,운동시설,6,1
16000,위락시설,조적조,1
18000,창고시설,lpg저장고,1
27000,관광휴게시설,방문자안내소,1
17000,공장,유기질비료제조업소,1
10000,교육연구시설,교사용사택,1
17000,공장,염소산카리,1
20000,자동차관련시설,농가용주택,1
29000,장례시설,징례식장,1
03000,제1종근린생활시설,제빙고,1
11000,노유자시설,1종근,1
17000,공장,북,1
10000,교육연구시설,태평초등학교,1
08000,운수시설,유류저장소,1
01000,단독주택,81,1
01000,단독주택,단독주택및동,1
02000,공동주택,주민공용다목적실,1
20000,자동차관련시설,소매시장,1
15000,숙박시설,주차장정비,1
03000,제1종근린생활시설,관리인숙소및소매점,1
17000,공장,gb101압축기계실,1
20000,자동차관련시설,자동차정비및농기계센타,1
18000,창고시설,식품재료,1
20000,자동차관련시설,폐기물창고,1
04000,제2종근린생활시설,예능계미술학원,1
06000,종교시설,부속관리사,1
04000,제2종근린생활시설,감독사무실,1
22000,분뇨.쓰레기처리시설,소규모오수처리장,1
03000,제1종근린생활시설,농업기술센터,1
29000,장례시설,전문장례식장,1
03000,제1종근린생활시설,건어작업장,1
14000,업무시설,1종근린생활,1
18000,창고시설,우형기우시장,1
26000,묘지관련시설,열녀비,1
17000,공장,공장및부속,1
01000,단독주택,구분소유,1
01000,단독주택,가족단란실,1
20000,자동차관련시설,자원관리부차고,1
13000,운동시설,선수대기장,1
27000,관광휴게시설,휴게데크,1
22000,분뇨.쓰레기처리시설,소각로설치고,1
14000,업무시설,충무시설,1
22000,분뇨.쓰레기처리시설,공기압축기동,1
10000,교육연구시설,공공청사,1
22000,분뇨.쓰레기처리시설,기계,1
30000,자원순환관련시설,소각고철창고,1
19000,위험물저장및처리시설,설비기계실,1
04000,제2종근린생활시설,교육연구및복지,1
17000,공장,정미소외,1
13000,운동시설,운전사,1
03000,제1종근린생활시설,기기실,1
13000,운동시설,연습장타석,1
20000,자동차관련시설,직업훈련원,1
01000,단독주택,동물병원및약국,1
17000,공장,물품저장고,1
02000,공동주택,실주차장,1
20000,자동차관련시설,연결브릿지,1
01000,단독주택,의약품,1
05000,문화및집회시설,자동차경기시설,1
21000,동물및식물관련시설,재배실,1
04000,제2종근린생활시설,근린생할,1
16000,위락시설,2건,1
04000,제2종근린생활시설,라한정,1
03000,제1종근린생활시설,문구점,1
08000,운수시설,구역화물,1
10000,교육연구시설,점자독서실,1
04000,제2종근린생활시설,일반업무시설및주택,1
21000,동물및식물관련시설,영업용,1
22000,분뇨.쓰레기처리시설,퇴적물적치장,1
17000,공장,cnc사무실,1
22000,분뇨.쓰레기처리시설,소각재창고,1
22000,분뇨.쓰레기처리시설,견사,1
04000,제2종근린생활시설,비품실,1
17000,공장,사무실외1건,1
19000,위험물저장및처리시설,염소저장실,1
21000,동물및식물관련시설,목부사택,1
Z9000,공공용시설,철도역사,1
,,나전역,1
03000,제1종근린생활시설,철골조,1
04000,제2종근린생활시설,2종근생및관람집회시설,1
22000,분뇨.쓰레기처리시설,발효시설,1
20000,자동차관련시설,차고지및사무소,1
22000,분뇨.쓰레기처리시설,기타시설,1
01000,단독주택,영묘제,1
01000,단독주택,다가구주택18세대,1
17000,공장,트랙동창고,1
21000,동물및식물관련시설,견사127,1
03000,제1종근린생활시설,위험물처리장치처리시설,1
01000,단독주택,기타2종근생,1
22000,분뇨.쓰레기처리시설,쓰레기저장소,1
17000,공장,자전거주차장,1
04000,제2종근린생활시설,포장용판지,1
06000,종교시설,제1종근란생활시설,1
02000,공동주택,고층아파트,1
03000,제1종근린생활시설,해수저장조,1
,,점포영업,1
10000,교육연구시설,외국인학교숙소,1
03000,제1종근린생활시설,남단매점,1
04000,제2종근린생활시설,진료소,1
22000,분뇨.쓰레기처리시설,새마을공동퇴비사,1
17000,공장,화장실및탈의실,1
04000,제2종근린생활시설,개량곳간,1
03000,제1종근린생활시설,국악방송국,1
10000,교육연구시설,장애인,1
11000,노유자시설,관리노인정,1
03000,제1종근린생활시설,이발업,1
03000,제1종근린생활시설,지역자치센타,1
03000,제1종근린생활시설,상수도초소,1
03000,제1종근린생활시설,서편마을회관,1
03000,제1종근린생활시설,글린생활시설,1
11000,노유자시설,주거복지시설,1
03000,제1종근린생활시설,청북농협,1
03000,제1종근린생활시설,방류펌프실,1
17000,공장,벽돌및브럭제조업,1
01000,단독주택,환경,1
03000,제1종근린생활시설,구판장및새마을회관,1
17000,공장,자수업제조,1
03000,제1종근린생활시설,신관리경로당,1
11000,노유자시설,노인정및마을회관,1
03000,제1종근린생활시설,항공대수위실,1
13000,운동시설,보조구장,1
20000,자동차관련시설,2급차량정비,1
03000,제1종근린생활시설,소매점및농업용창고,1
03000,제1종근린생활시설,기계실및창고,1
03000,제1종근린생활시설,방류펌프장,1
17000,공장,오일탱크실,1
03000,제1종근린생활시설,객실,1
03000,제1종근린생활시설,방송국사무실,1
19000,위험물저장및처리시설,guard,1
03000,제1종근린생활시설,능현마을회관,1
19000,위험물저장및처리시설,lpg간이저장소,1
03000,제1종근린생활시설,치과의원및단독주택,1
03000,제1종근린생활시설,선감경찰초소,1
03000,제1종근린생활시설,마을공동저장고,1
17000,공장,약품보관창고,1
03000,제1종근린생활시설,민속예술관,1
04000,제2종근린생활시설,창고및공장,1
03000,제1종근린생활시설,제1종근린생할시설및,1
02000,공동주택,아파트21세대,1
18000,창고시설,ess실,1
Z3000,근린생활시설,주방,1
03000,제1종근린생활시설,제1근린생활시설외1,1
03000,제1종근린생활시설,영외출장소,1
10000,교육연구시설,주택및점포,1
03000,제1종근린생활시설,케이브이급,1
03000,제1종근린생활시설,종업원식당,1
03000,제1종근린생활시설,내연기관수리점,1
03000,제1종근린생활시설,천왕문,1
03000,제1종근린생활시설,인쇄업소,1
02000,공동주택,진입통로,1
03000,제1종근린생활시설,농민농장휴게소,1
03000,제1종근린생활시설,모포관리소,1
03000,제1종근린생활시설,전복배양장,1
,,기타전자부품제조업,1
03000,제1종근린생활시설,선별장및저온창고,1
03000,제1종근린생활시설,탈수여액농축조계단,1
04000,제2종근린생활시설,다목적회관,1
21000,동물및식물관련시설,양잠축사,1
21000,동물및식물관련시설,동식물관련신설,1
01000,단독주택,다가구및일용품소매점,1
04000,제2종근린생활시설,호랑이사,1
21000,동물및식물관련시설,세척장,1
01000,단독주택,경모루,1
18000,창고시설,농기계공동저장창고,1
21000,동물및식물관련시설,분뇨안전화처리실,1
01000,단독주택,주택및목장,1
03000,제1종근린생활시설,용수공급시설,1
17000,공장,공동사육장,1
01000,단독주택,단독주택및제조업소,1
18000,창고시설,기관차창고,1
21000,동물및식물관련시설,동물및식물시설,1
21000,동물및식물관련시설,사료저온저장고,1
18000,창고시설,분류창고,1
01000,단독주택,대피소및주택,1
18000,창고시설,소각물창고,1
04000,제2종근린생활시설,가,1
21000,동물및식물관련시설,친환경간이퇴비사,1
01000,단독주택,우소옥,1
21000,동물및식물관련시설,버섯사열처리시설,1
18000,창고시설,다시마냉동저장고,1
18000,창고시설,동물관련시설외,1
01000,단독주택,근린생활시설및단독택8가구용,1
Z3000,근린생활시설,관리동,1
21000,동물및식물관련시설,계사및주택,1
21000,동물및식물관련시설,염소축사및퇴비사,1
18000,창고시설,창고및공동주택,1
18000,창고시설,부속기계실,1
01000,단독주택,주택및점포외1,1
04000,제2종근린생활시설,전시시설및,1
21000,동물및식물관련시설,육묘출아실,1
18000,창고시설,슬라브,1
18000,창고시설,농축산물집하장,1
21000,동물및식물관련시설,가축방목장,1
18000,창고시설,농산물가공처리시설,1
01000,단독주택,주택기숙사,1
01000,단독주택,점포주택사무실창고,1
21000,동물및식물관련시설,모돈장,1
01000,단독주택,검문소관사,1
18000,창고시설,물품제조공장,1
01000,단독주택,주택및부속건물,1
18000,창고시설,농가보관시설,1
06000,종교시설,저수조,1
18000,창고시설,샤워실및창고,1
06000,종교시설,기사대기실,1
18000,창고시설,기타제2종근린생활시설,1
18000,창고시설,건조공실,1
01000,단독주택,관리자숙소,1
01000,단독주택,제1종근린생활시설및다중주택,1
18000,창고시설,예비건조장,1
01000,단독주택,근린생활시설및주택5가구용,1
10000,교육연구시설,제2근린생활시설,1
04000,제2종근린생활시설,재활용생활폐기물보관시설,1
01000,단독주택,난실,1
21000,동물및식물관련시설,몰탱크실,1
17000,공장,수산물해태공장,1
01000,단독주택,어업인용주택,1
21000,동물및식물관련시설,오일탱크저장고,1
17000,공장,소화물탱크펌프실,1
21000,동물및식물관련시설,문화및집회설,1
17000,공장,약품공급동,1
01000,단독주택,노인복지주택,1
01000,단독주택,행랑주택,1
01000,단독주택,농어가주택농업생산시설,1
21000,동물및식물관련시설,배지생산시설,1
21000,동물및식물관련시설,사무실및관리사,1
01000,단독주택,농가용주택및소매점,1
01000,단독주택,근린생황,1
04000,제2종근린생활시설,자재사무실,1
18000,창고시설,원료저온창고,1
18000,창고시설,창ㄱ,1
21000,동물및식물관련시설,블루베리,1
04000,제2종근린생활시설,근리생활시설및주택,1
17000,공장,응접실,1
20000,자동차관련시설,주차장및제2종근린생활시설,1
18000,창고시설,절인무저장창고,1
01000,단독주택,국유림관리막사,1
01000,단독주택,주택및제실,1
18000,창고시설,농업저온창고,1
17000,공장,폐류저장장,1
01000,단독주택,철근콘크리트구조및다가구주택,1
18000,창고시설,위험물저장차고,1
07000,판매시설,숙직관리실,1
26000,묘지관련시설,분향실,1
21000,동물및식물관련시설,양어장부속사,1
02000,공동주택,노무자휴게실,1
18000,창고시설,농용창고및농가주택,1
18000,창고시설,부서창고,1
07000,판매시설,유흥,1
18000,창고시설,용기보관창고,1
01000,단독주택,목양,1
17000,공장,소방호스저장소3,1
18000,창고시설,맥주맥보관창고,1
01000,단독주택,북속창고,1
01000,단독주택,1종근린생활시설및다구주택,1
21000,동물및식물관련시설,잠실관리사,1
,,상수도관리실,1
18000,창고시설,농산물건조저장창고,1
21000,동물및식물관련시설,샤위실,1
01000,단독주택,원,1
01000,단독주택,관사아파트,1
18000,창고시설,퇴사및건창고,1
21000,동물및식물관련시설,동물관련시설및퇴비사,1
04000,제2종근린생활시설,기계식주차기,1
10000,교육연구시설,천체관측장비,1
18000,창고시설,창고회관,1
01000,단독주택,주택간,1
01000,단독주택,욕탕및변소,1
01000,단독주택,농촌주택및부속사,1
18000,창고시설,식품저장소,1
01000,단독주택,독신자합숙소,1
21000,동물및식물관련시설,임업용관리사,1
11000,노유자시설,중증장애요양원,1
17000,공장,new,1
18000,창고시설,창고및온풍기창고,1
04000,제2종근린생활시설,곶감가공시설,1
18000,창고시설,농수산물저장및관리관련창고,1
18000,창고시설,제2종근린생황시설,1
21000,동물및식물관련시설,느타리버섯재배,1
21000,동물및식물관련시설,기도원,1
03000,제1종근린생활시설,가축연구소,1
10000,교육연구시설,지하대피소,1
01000,단독주택,주택단독,1
17000,공장,후문흡연장,1
21000,동물및식물관련시설,농업용저온창고,1
21000,동물및식물관련시설,시험번식우사,1
27000,관광휴게시설,안내센터,1
01000,단독주택,단독주택및학원,1
21000,동물및식물관련시설,차량방역기,1
18000,창고시설,전자제품보관창고,1
11000,노유자시설,내,1
02000,공동주택,스텝라운지,1
03000,제1종근린생활시설,제2종근린생활시설위락시설,1
21000,동물및식물관련시설,김채묘장및숙성실,1
01000,단독주택,독수정,1
01000,단독주택,주택다중3세대,1
01000,단독주택,부속사주택,1
17000,공장,복,1
18000,창고시설,농막관리사,1
01000,단독주택,우사및방,1
18000,창고시설,어망창고,1
04000,제2종근린생활시설,단독1가구,1
01000,단독주택,주택및금속장치물재조업,1
21000,동물및식물관련시설,주택및동물및식물관련시설,1
01000,단독주택,단족주택및,1
27000,관광휴게시설,레미콘제조업,1
01000,단독주택,부안상수도사택,1
01000,단독주택,원불교법당주택,1
21000,동물및식물관련시설,농촌주택우사및창고,1
18000,창고시설,대웅전,1
01000,단독주택,주택자재제조장,1
01000,단독주택,배창고및주택,1
01000,단독주택,6가구다가구주택,1
21000,동물및식물관련시설,공동사육장,1
18000,창고시설,농가저장고,1
21000,동물및식물관련시설,관리사및약품보관창고,1
18000,창고시설,장고시설,1
18000,창고시설,농산물저온냉장창고,1
18000,창고시설,생산시설창고,1
21000,동물및식물관련시설,난방사,1
18000,창고시설,관리사및저장고,1
17000,공장,디젤발전기실,1
01000,단독주택,산독주택,1
18000,창고시설,제설자재보관창고,1
18000,창고시설,농수산물유통창고,1
01000,단독주택,주택및선박수리점,1
18000,창고시설,공중화장실,1
17000,공장,lld1생산공장,1
21000,동물및식물관련시설,출하장및창고,1
18000,창고시설,농가건창고,1
18000,창고시설,창고및샤워실,1
04000,제2종근린생활시설,위험물저정처리시설,1
01000,단독주택,프라스틱편조업,1
21000,동물및식물관련시설,축산폐수저장조,1
18000,창고시설,보안부스,1
01000,단독주택,분청관,1
17000,공장,pma,1
21000,동물및식물관련시설,주택외1,1
03000,제1종근린생활시설,근린체육시설,1
17000,공장,화장지공장,1
18000,창고시설,과수원용,1
17000,공장,관리사무동,1
01000,단독주택,연도보건지소,1
17000,공장,감귤창고,1
17000,공장,삼베가공공장,1
17000,공장,자재보관창고2,1
03000,제1종근린생활시설,전화시설,1
17000,공장,에이사택,1
17000,공장,1지구광산부식당,1
17000,공장,제품적재장캐노피,1
17000,공장,작업장및저온저장창고,1
17000,공장,목공기계수리,1
17000,공장,농산물가공건조장,1
01000,단독주택,원정,1
01000,단독주택,식당및매점,1
17000,공장,후문초소,1
11000,노유자시설,부속실,1
17000,공장,출하소,1
02000,공동주택,및1종근생시설,1
17000,공장,폐수처리조정실,1
17000,공장,기계가공동,1
17000,공장,페인트작업장,1
17000,공장,처리실,1
03000,제1종근린생활시설,사입실,1
17000,공장,그주변기기제조업,1
18000,창고시설,일반보관,1
17000,공장,모래사공장,1
17000,공장,에어필터실,1
17000,공장,공장frp조선소,1
17000,공장,차량대기장,1
17000,공장,애탄올저장소,1
Z8000,교육연구및복지시설,교육연구시설및축사,1
17000,공장,상주실,1
04000,제2종근린생활시설,방호경비실,1
17000,공장,하조동,1
17000,공장,제지4부,1
01000,단독주택,작업실및창고,1
14000,업무시설,498실,1
11000,노유자시설,다중주택,1
01000,단독주택,근생및주차장,1
30000,자원순환관련시설,동물및식물관련시설,1
17000,공장,청결미,1
10000,교육연구시설,pit,1
14000,업무시설,현장관리사무소,1
14000,업무시설,중앙공급실,1
01000,단독주택,변색벽돌,1
30000,자원순환관련시설,골재창고,1
14000,업무시설,미생물배양시설,1
18000,창고시설,13평3홉8작,1
Z3000,근린생활시설,제2종근린생시설,1
14000,업무시설,피난통로,1
13000,운동시설,b,1
01000,단독주택,2종근생및자동차관련시설,1
01000,단독주택,다가구주택화장실,1
22000,분뇨.쓰레기처리시설,분배조상옥,1
14000,업무시설,업,1
01000,단독주택,내의편조업,1
17000,공장,15호,1
18000,창고시설,자연권수련시설,1
06000,종교시설,농업용,1
11000,노유자시설,물놀이장,1
17000,공장,비금속재생재료제조업,1
11000,노유자시설,휴계실,1
07000,판매시설,의료시설외,1
02000,공동주택,고용센터,1
02000,공동주택,22개소,1
23000,교정및군사시설,종합방재실,1
02000,공동주택,w,1
03000,제1종근린생활시설,전기공급,1
14000,업무시설,기숙사및사무실,1
02000,공동주택,지상층,1
04000,제2종근린생활시설,민속관,1
04000,제2종근린생활시설,냉장고보관창고,1
05000,문화및집회시설,엄흥도비각,1
14000,업무시설,부화동,1
02000,공동주택,e택,1
17000,공장,사점,1
02000,공동주택,기계동력반실,1
,,도정업,1
14000,업무시설,슬러지처리장동,1
14000,업무시설,화물취급소,1
10000,교육연구시설,자재보관창고,1
Z3000,근린생활시설,2종근,1
01000,단독주택,피로리,1
17000,공장,단조공장,1
17000,공장,쿨링타워실,1
16000,위락시설,농기구수리점,1
03000,제1종근린생활시설,전화국무인분기국사,1
21000,동물및식물관련시설,돈사및계류사,1
14000,업무시설,서부분소사무실,1
01000,단독주택,동물및싯물관련시설,1
04000,제2종근린생활시설,관광시설,1
19000,위험물저장및처리시설,제위험물저장및처리시1,1
02000,공동주택,제1종소매점,1
01000,단독주택,노인의집,1
15000,숙박시설,30객실,1
25000,발전시설,전기공급설비,1
03000,제1종근린생활시설,칫과,1
15000,숙박시설,백연장여관,1
03000,제1종근린생활시설,배출수지계단실,1
17000,공장,유류취급소,1
14000,업무시설,농협구판장,1
02000,공동주택,중앙공급동1,1
02000,공동주택,uz까페,1
04000,제2종근린생활시설,전시시시설,1
27000,관광휴게시설,위험물,1
04000,제2종근린생활시설,부대식당,1
17000,공장,경비동5,1
24000,방송통신시설,판매소,1
04000,제2종근린생활시설,양주공장,1
17000,공장,식용빙과류,1
17000,공장,터널,1
29000,장례시설,관리실,1
02000,공동주택,지하주차장b동,1
17000,공장,연구실및창고,1
27000,관광휴게시설,천문대,1
03000,제1종근린생활시설,장의업,1
04000,제2종근린생활시설,및종교시설,1
21000,동물및식물관련시설,패류종묘배양장,1
17000,공장,초순수수지공장,1
11000,노유자시설,자립작업장,1
17000,공장,식숙사,1
17000,공장,기관차정비차고,1
21000,동물및식물관련시설,마사부속,1
04000,제2종근린생활시설,냉동실,1
17000,공장,스테인레스자,1
27000,관광휴게시설,대형휴게소,1
03000,제1종근린생활시설,활어위판장,1
05000,문화및집회시설,영화전시실등,1
16000,위락시설,동물병원,1
01000,단독주택,딘독주책,1
08000,운수시설,시멘트저장소,1
04000,제2종근린생활시설,서,1
17000,공장,산회수본건물,1
14000,업무시설,고가수조,1
,,공공근린시설,1
04000,제2종근린생활시설,수영장탈의실,1
13000,운동시설,구매시설,1
16000,위락시설,댄스홀,1
07000,판매시설,지역자치센터,1
02000,공동주택,아파트129세대,1
11000,노유자시설,에너지저장장치실,1
14000,업무시설,입주자회의실,1
06000,종교시설,기본실,1
17000,공장,농산물전시장,1
02000,공동주택,연수원,1
08000,운수시설,택시주차장,1
17000,공장,유자산지가공공장,1
03000,제1종근린생활시설,단도주택,1
17000,공장,ssp공장,1
04000,제2종근린생활시설,수산물제조가공,1
11000,노유자시설,놀이터,1
04000,제2종근린생활시설,다중주택9호,1
22000,분뇨.쓰레기처리시설,슬러지자원화,1
17000,공장,실험공장,1
01000,단독주택,소아외의,1
03000,제1종근린생활시설,지하철대합실,1
21000,동물및식물관련시설,컴퓨터실,1
17000,공장,스라그처리장,1
13000,운동시설,제2종근린샐활시설,1
10000,교육연구시설,계단,1
17000,공장,a압축기동,1
,,물치,1
19000,위험물저장및처리시설,액화석유가스청전소,1
21000,동물및식물관련시설,창고및건조장,1
Z5000,문화및집회시설,펌프장,1
18000,창고시설,창고형,1
10000,교육연구시설,유류,1
18000,창고시설,예비군창고,1
21000,동물및식물관련시설,축사형톱밥발효돈사,1
21000,동물및식물관련시설,통풍형톱밥발효돈사,1
21000,동물및식물관련시설,점포및근린생활시설,1
,,카센타,1
14000,업무시설,우수기계실,1
19000,위험물저장및처리시설,부생유,1
03000,제1종근린생활시설,제조업체,1
27000,관광휴게시설,리프트운전실,1
17000,공장,폐수처리탈수기동,1
Z8000,교육연구및복지시설,아동연구소,1
02000,공동주택,제공동주택,1
17000,공장,오공장,1
07000,판매시설,생시설,1
16000,위락시설,오무장,1
01000,단독주택,농촌주택개량사업대상자,1
17000,공장,페인트저장실,1
04000,제2종근린생활시설,경운기,1
33000,"국방,군사시설",작지내무반,1
30000,자원순환관련시설,급식실,1
16000,위락시설,싸롱,1
17000,공장,한의원부설시설,1
Z6000,판매및영업시설,부락공동시설,1
02000,공동주택,원룸형7,1
17000,공장,13벨트콘베이어,1
17000,공장,적치장및세척장,1
04000,제2종근린생활시설,의복관련,1
14000,업무시설,28실,1
04000,제2종근린생활시설,건자재전시및판매장,1
10000,교육연구시설,탑옥,1
17000,공장,stk저장소,1
01000,단독주택,의복제조공장,1
10000,교육연구시설,생활수련원,1
13000,운동시설,기술계학원,1
17000,공장,고가초소n03,1
17000,공장,기체여과청정기,1
03000,제1종근린생활시설,근린생활시설창고,1
27000,관광휴게시설,고속도휴게소,1
20000,자동차관련시설,일반주차장,1
03000,제1종근린생활시설,영어학원,1
19000,위험물저장및처리시설,콤푸레샤실,1
25000,발전시설,파고라2,1
12000,수련시설,도예공방,1
03000,제1종근린생활시설,종합강당,1
01000,단독주택,금속장치물제조,1
04000,제2종근린생활시설,사무용,1
04000,제2종근린생활시설,무량수전,1
27000,관광휴게시설,공공용시설,1
27000,관광휴게시설,자연휴양림부대시설,1
04000,제2종근린생활시설,체신부,1
04000,제2종근린생활시설,산림조합사무소,1
27000,관광휴게시설,판매점,1
02000,공동주택,다세대주택18세대,1
01000,단독주택,종교시설관리사,1
18000,창고시설,음식점부,1
14000,업무시설,약품탱크실,1
17000,공장,35,1
18000,창고시설,과일저장고및선별장,1
11000,노유자시설,장기요양기관,1
03000,제1종근린생활시설,영업용및제1종근린생활시설,1
20000,자동차관련시설,다목적창고,1
01000,단독주택,제2종근린생활지구,1
10000,교육연구시설,복지시설외1,1
01000,단독주택,장화사,1
,,충전실,1
14000,업무시설,농기계세차장,1
21000,동물및식물관련시설,초소,1
17000,공장,온라인분석기실,1
09000,의료시설,lpg저장소,1
18000,창고시설,계근장,1
02000,공동주택,주차장8,1
17000,공장,분해조립실,1
17000,공장,환경보호시설,1
01000,단독주택,유가공제조업,1
24000,방송통신시설,통신시설및업무시설,1
21000,동물및식물관련시설,감정실,1
21000,동물및식물관련시설,축사및농기계보관창고,1
04000,제2종근린생활시설,야구장,1
03000,제1종근린생활시설,배수지기관실,1
11000,노유자시설,부속작업장,1
18000,창고시설,저옹저장고,1
03000,제1종근린생활시설,제빙실,1
04000,제2종근린생활시설,수영장및,1
14000,업무시설,국수출장소,1
10000,교육연구시설,교육및연구실,1
,,보관실,1
19000,위험물저장및처리시설,lpg기계실,1
02000,공동주택,방재실mdf실,1
24000,방송통신시설,승강장,1
,,컴퓨터실,1
02000,공동주택,97세대,1
18000,창고시설,부품보관,1
02000,공동주택,진료실,1
14000,업무시설,근린생활시설및주차장,1
Z6000,판매및영업시설,병원,1
02000,공동주택,경비미화원,1
17000,공장,낙화물,1
17000,공장,도료혼합실,1
Z3000,근린생활시설,구매소,1
24000,방송통신시설,방향탐지,1
15000,숙박시설,션,1
09000,의료시설,감시실,1
,,중앙조절실,1
21000,동물및식물관련시설,주택및관리사,1
Z3000,근린생활시설,제사,1
10000,교육연구시설,특수용접실,1
17000,공장,유자병조림가공공장,1
Z3000,근린생활시설,근생및점포,1
03000,제1종근린생활시설,경정비업소,1
03000,제1종근린생활시설,연구,1
03000,제1종근린생활시설,체험창고,1
02000,공동주택,소화수조관리층,1
Z3000,근린생활시설,창고및사무실,1
23000,교정및군사시설,화포통신일반공장,1
17000,공장,차량도크,1
06000,종교시설,수양관동,1
04000,제2종근린생활시설,근린생활시설점포및다방,1
17000,공장,근로자휴게실,1
15000,숙박시설,숙박시설생활형,1
17000,공장,o동,1
19000,위험물저장및처리시설,도시가스정압,1
17000,공장,원료적치장,1
Z3000,근린생활시설,진료소,1
17000,공장,과일통조림제조,1
JY,,소매점,1
30000,자원순환관련시설,콤프레셔실,1
15000,숙박시설,구천동여관,1
05000,문화및집회시설,소회의실,1
04000,제2종근린생활시설,가공실습장,1
18000,창고시설,축용,1
04000,제2종근린생활시설,근린생활시설6,1
21000,동물및식물관련시설,위생식품용기제조,1
17000,공장,대장간,1
14000,업무시설,보국정,1
17000,공장,아민실,1
14000,업무시설,동조사,1
16000,위락시설,객실,1
04000,제2종근린생활시설,유기장및위락시설,1
03000,제1종근린생활시설,사무소및,1
21000,동물및식물관련시설,가축용사료간이처리및보관,1
17000,공장,비닐가공,1
01000,단독주택,자동차관련,1
04000,제2종근린생활시설,2종근린생활시설및유흥주점,1
17000,공장,제조시설및창고,1
Z8000,교육연구및복지시설,기계관리,1
Z8000,교육연구및복지시설,유산반도실,1
02000,공동주택,라커룸,1
04000,제2종근린생활시설,김치제조시설,1
Z3000,근린생활시설,공장및창고,1
01000,단독주택,주거및창고시설,1
01000,단독주택,농기계보관용창고,1
17000,공장,김치체험장,1
01000,단독주택,창고시설및동물관련시설,1
,,역본체,1
23000,교정및군사시설,입주자회의실,1
,,병원,1
04000,제2종근린생활시설,유사제품,1
17000,공장,상가,1
02000,공동주택,곤리실,1
01000,단독주택,다가구10가구용,1
,,연습실,1
03000,제1종근린생활시설,갹체,1
01000,단독주택,메주제조장,1
17000,공장,대기소,1
,,가구,1
10000,교육연구시설,고사정,1
17000,공장,물탱크계단실,1
17000,공장,탄산가스제거실,1
17000,공장,4b,1
03000,제1종근린생활시설,국가지하수,1
01000,단독주택,1940,1
02000,공동주택,제1종근린생활수설,1
03000,제1종근린생활시설,양수관리장,1
11000,노유자시설,간이목욕탕,1
17000,공장,bp실,1
01003,다가구주택,2,1
17000,공장,알콜류저장소,1
01000,단독주택,삼신각,1
03000,제1종근린생활시설,제1종및제종근린생활시설,1
02000,공동주택,제2종근린생활시시설,1
21000,동물및식물관련시설,조랑말,1
Z3000,근린생활시설,농기계,1
03000,제1종근린생활시설,단층,1
01000,단독주택,숙박시시설,1
17000,공장,단조정압기실,1
17000,공장,우드칩생산,1
01000,단독주택,저온저정고,1
04000,제2종근린생활시설,일반음식점창고,1
19000,위험물저장및처리시설,회관고,1
17000,공장,수산물산자가공공장,1
18000,창고시설,임산물건조,1
04000,제2종근린생활시설,부분정비소,1
03000,제1종근린생활시설,경노당및구판장,1
Z6000,판매및영업시설,석유판매소,1
19000,위험물저장및처리시설,일반음식점및,1
33000,"국방,군사시설",급수펌프장,1
13000,운동시설,다방,1
31000,야영장시설,관정,1
07000,판매시설,공동변소,1
01000,단독주택,보온저장창고,1
17000,공장,통합분해장,1
17000,공장,운동장화장실,1
11000,노유자시설,아동복리시설,1
10000,교육연구시설,사택1,1
17000,공장,로드밀,1
19000,위험물저장및처리시설,액화석유취급소,1
01000,단독주택,축사관리실,1
21000,동물및식물관련시설,액비반출실,1
20000,자동차관련시설,정비공장펌프실,1
17000,공장,직원운동실,1
21000,동물및식물관련시설,기타창고,1
04000,제2종근린생활시설,당류제조공장,1
,,수변전실,1
18000,창고시설,광물류보관창고,1
17000,공장,뱃차플랜트,1
03000,제1종근린생활시설,사무소전실,1
07000,판매시설,시장공관본건물,1
17000,공장,해사업무시설,1
,,리회관,1
21000,동물및식물관련시설,양돈대사,1
03000,제1종근린생활시설,가스저장소,1
21000,동물및식물관련시설,시설원예,1
17000,공장,전기모터보관창고,1
,,산업시설군,1
10000,교육연구시설,v실,1
03000,제1종근린생활시설,인터넷게임시설제공업,1
10000,교육연구시설,학생쉼터,1
12000,수련시설,음악당,1
,,간이샤워장,1
19000,위험물저장및처리시설,깨스집합실,1
17000,공장,금속압형제조업,1
21000,동물및식물관련시설,월동사육사,1
01000,단독주택,96주거환경개선사업대상,1
,,탑,1
17000,공장,콘크리트조립구조및기타토목공사용콘크리트제품,1
14000,업무시설,전화자동계기,1
03000,제1종근린생활시설,영림창고,1
03000,제1종근린생활시설,폐수처리기계실,1
10000,교육연구시설,창,1
01000,단독주택,보일러실및주방,1
05000,문화및집회시설,수복실,1
02000,공동주택,계단2,1
24000,방송통신시설,무선중계소,1
17000,공장,가압펌프동,1
01000,단독주택,지하주차장및창고,1
03000,제1종근린생활시설,민원실동,1
04000,제2종근린생활시설,기타유원시설,1
16000,위락시설,치과의원,1
10000,교육연구시설,탈의장,1
17000,공장,수생동물냉동품제조업,1
01000,단독주택,신문사,1
04000,제2종근린생활시설,돈판매장,1
21000,동물및식물관련시설,22동,1
04000,제2종근린생활시설,북부,1
19000,위험물저장및처리시설,주유소및종업원숙직실,1
02000,공동주택,회의,1
17000,공장,소방안전실,1
03000,제1종근린생활시설,옥상초소,1
11000,노유자시설,간호사실,1
21000,동물및식물관련시설,축사및우사,1
03000,제1종근린생활시설,곤충판매,1
04000,제2종근린생활시설,액화가스창고,1
03000,제1종근린생활시설,전의왕의물시장,1
27000,관광휴게시설,쓰레기분리수거장,1
05000,문화및집회시설,역사문화관,1
14000,업무시설,은행본점,1
Z3000,근린생활시설,점포및사무실및교육연구시설,1
17000,공장,폐자재처리장,1
17000,공장,9벨트콘베이어,1
17000,공장,밸브및사여과실,1
22000,분뇨.쓰레기처리시설,하수종말,1
17000,공장,ultrason빌딩,1
18000,창고시설,도양리,1
05000,문화및집회시설,국립공원사무실,1
06000,종교시설,멧돌보호각,1
04000,제2종근린생활시설,금융업소및근린생활시설,1
01000,단독주택,다가구7세대,1
Z5000,문화및집회시설,성운교회사택,1
21000,동물및식물관련시설,농축산물소독검사실,1
18000,창고시설,f동,1
01000,단독주택,자취장,1
17000,공장,zn,1
05000,문화및집회시설,채플실,1
06000,종교시설,교역자사무실,1
02000,공동주택,문화정보,1
03000,제1종근린생활시설,어민편의시설,1
19000,위험물저장및처리시설,주유소및근생,1
03000,제1종근린생활시설,변전실가압펌프실,1
02000,공동주택,제2종근생린생활시설,1
17000,공장,커뮤니티시설,1
02000,공동주택,통합경시실,1
11000,노유자시설,경노당구판장,1
01000,단독주택,소방펌프실,1
03000,제1종근린생활시설,전처리,1
10000,교육연구시설,이발관,1
03000,제1종근린생활시설,제2종근생및,1
19000,위험물저장및처리시설,medium,1
05000,문화및집회시설,문화제,1
03000,제1종근린생활시설,합제등,1
17000,공장,1호조쇄실,1
03000,제1종근린생활시설,2종근생활시설및단독주택,1
01000,단독주택,계량곡간,1
04000,제2종근린생활시설,부속샤워실,1
17000,공장,순수발생설비실,1
Z9000,공공용시설,침전지,1
03000,제1종근린생활시설,주택및부대시설,1
17000,공장,탈취시설,1
18000,창고시설,주택근생,1
05000,문화및집회시설,집회시설및창고,1
02000,공동주택,중간열교환실,1
05000,문화및집회시설,유형문화재,1
Z8000,교육연구및복지시설,연구,1
17000,공장,tms실,1
04000,제2종근린생활시설,철도청,1
17000,공장,물탱크실및,1
04000,제2종근린생활시설,강도실,1
17000,공장,레미콘제조업공장,1
05000,문화및집회시설,에너지저장시설,1
18000,창고시설,비낼팩창고,1
05000,문화및집회시설,문화및집회시설및주택,1
19000,위험물저장및처리시설,60동,1
05000,문화및집회시설,드림랜드놀이시설,1
05000,문화및집회시설,법계서실,1
04000,제2종근린생활시설,버스터미널,1
09000,의료시설,인공투석실,1
05000,문화및집회시설,응급센터,1
18000,창고시설,개함소및,1
05000,문화및집회시설,우사,1
18000,창고시설,위험물저장및처리시설외,1
05000,문화및집회시설,협문6,1
17000,공장,기계수리반,1
17000,공장,씽크제조시설,1
18000,창고시설,직원훈련소,1
11000,노유자시설,노인영구임대복지주택,1
03000,제1종근린생활시설,임산물유통판매시설,1
14000,업무시설,層,1
02000,공동주택,관리사무실및,1
21000,동물및식물관련시설,조사실,1
05000,문화및집회시설,종부소,1
27000,관광휴게시설,돈사,1
21000,동물및식물관련시설,사료배합사,1
03000,제1종근린생활시설,함양경찰서,1
05000,문화및집회시설,동양관,1
05000,문화및집회시설,피난계단실,1
18000,창고시설,가축사,1
03000,제1종근린생활시설,압축기실,1
05000,문화및집회시설,부속차고,1
17000,공장,질금공장,1
17000,공장,환자식당,1
07000,판매시설,업무시설및근린생활시설,1
17000,공장,전기판넬보관,1
02000,공동주택,1층홀,1
02000,공동주택,음악교실,1
04000,제2종근린생활시설,농자재사무소,1
05000,문화및집회시설,파고라,1
03000,제1종근린생활시설,무인통신기계실,1
04000,제2종근린생활시설,흑염소임가공,1
19000,위험물저장및처리시설,저수조,1
16000,위락시설,1용도,1
17000,공장,수동식식품가공기기및금속주방용기제조업,1
17000,공장,전자부품공장및후생복리시설,1
10000,교육연구시설,가2동,1
20000,자동차관련시설,제1종및,1
01000,단독주택,상담실,1
05000,문화및집회시설,숙직실및창고,1
18000,창고시설,포착미생물생산시설,1
23000,교정및군사시설,유류탱크,1
03000,제1종근린생활시설,지방상수도,1
22000,분뇨.쓰레기처리시설,소각실,1
18000,창고시설,농가주택부지,1
21000,동물및식물관련시설,115,1
17000,공장,5504,1
05000,문화및집회시설,관람집회시설외1,1
02000,공동주택,63,1
17000,공장,소방펌프고,1
04000,제2종근린생활시설,가버나움,1
17000,공장,석재성형가공제품제조업,1
04000,제2종근린생활시설,강학당,1
17000,공장,콘베아실및골재파쇄장,1
17000,공장,재료투입실,1
17000,공장,벨트콘베아,1
04000,제2종근린생활시설,퇴적장,1
01000,단독주택,부속창고및헛간,1
17000,공장,열펌프압축기실,1
17000,공장,테라스,1
17000,공장,2가외인사택,1
21000,동물및식물관련시설,한우고급육생산시험우사,1
17000,공장,원료송풍기실,1
17000,공장,석회석호퍼,1
17000,공장,조스티렌세척장치실,1
,,대기소,1
17000,공장,칩보관실,1
17000,공장,면장갑공장,1
30000,자원순환관련시설,가스저장소,1
15000,숙박시설,사주문4,1
17000,공장,골재싸이로,1
02000,공동주택,개실,1
17000,공장,안정제보관함,1
17000,공장,위험물제조소1동,1
19000,위험물저장및처리시설,위험물정장소,1
20000,자동차관련시설,자동차부속품,1
17000,공장,홍보판매장,1
18000,창고시설,페럿사육장,1
17000,공장,정수관리실,1
04000,제2종근린생활시설,선박수리철공소,1
05000,문화및집회시설,경주권,1
17000,공장,3지구광산휴게실,1
02000,공동주택,보일러전기실,1
07000,판매시설,수산물경매장,1
04000,제2종근린생활시설,양복점,1
17000,공장,칩세척장,1
17000,공장,공장제면소,1
17000,공장,원유수급동,1
17000,공장,계분제조공장,1
17000,공장,사료관,1
25000,발전시설,안전교육장,1
02000,공동주택,92,1
13000,운동시설,작은도서관,1
17000,공장,목재적재장,1
17000,공장,원당입고대기실,1
17000,공장,장치,1
17000,공장,배소황산공장,1
17000,공장,종합공장,1
17000,공장,직영기사대기실,1
17000,공장,스위치실,1
17000,공장,파이프설비동2,1
17000,공장,후숙장,1
04000,제2종근린생활시설,전자실,1
24000,방송통신시설,개인,1
02000,공동주택,의례식장,1
05000,문화및집회시설,외1용도,1
17000,공장,후처리공장,1
17000,공장,철근가공장,1
17000,공장,저온냉동기실,1
04000,제2종근린생활시설,도시락제조점,1
17000,공장,염소액화동,1
17000,공장,칼라키친탱크실,1
17000,공장,화공약품실,1
17000,공장,공무작업실,1
17000,공장,촉매투입장,1
17000,공장,해태가공공장부속실,1
17000,공장,고철보관창고,1
Z8000,교육연구및복지시설,종교집회장,1
02000,공동주택,2종근린생활시설외1,1
Z3000,근린생활시설,약국,1
02000,공동주택,친환경자원,1
17000,공장,유해화학물보관창고,1
17000,공장,자동조정및제조장치,1
17000,공장,5동공장,1
17000,공장,골재개량호퍼,1
18000,창고시설,제2종린생활시설및주택,1
17000,공장,약품창고동,1
17000,공장,주원료사이로,1
04000,제2종근린생활시설,품질,1
17000,공장,자동차검차장,1
17000,공장,해동시설,1
18000,창고시설,97농기계공동창고보조지원사업대상,1
17000,공장,분해실,1
17000,공장,콘크리트실험실,1
03000,제1종근린생활시설,동중가호,1
04000,제2종근린생활시설,농기계제작,1
04000,제2종근린생활시설,문간체,1
20000,자동차관련시설,강사휴게실,1
17000,공장,분쇄기및질소콤프레셔실,1
17000,공장,밧데리충전소,1
04000,제2종근린생활시설,문화재보관실,1
17000,공장,소성실내화장실,1
17000,공장,보이라운전대기실,1
17000,공장,자재창고및식당,1
17000,공장,전기축전기실,1
17000,공장,수전정류소,1
21000,동물및식물관련시설,오존처리실,1
17000,공장,멸치건조공장,1
17000,공장,인쇄장,1
09000,의료시설,야외휴게실,1
01000,단독주택,공동취사실,1
17000,공장,제2철공장,1
17000,공장,황산셀터,1
17000,공장,탁,1
17000,공장,양주,1
22000,분뇨.쓰레기처리시설,하수처리,1
17000,공장,오페수처리시설,1
01000,단독주택,별장b,1
01000,단독주택,12다가구주택,1
10000,교육연구시설,식당및체육관,1
03000,제1종근린생활시설,1계열여과지동,1
18000,창고시설,미곡rpc보관창고,1
10000,교육연구시설,창고및,1
03000,제1종근린생활시설,시무소,1
17000,공장,c507헤드타워,1
17000,공장,2근린생활시설,1
17000,공장,트리에틸알루미늄,1
19000,위험물저장및처리시설,기사대기실,1
03000,제1종근린생활시설,숙직실및부엌,1
,,제2종근린생활시설및단독주택,1
19000,위험물저장및처리시설,용기충전공장,1
07000,판매시설,농산물직판장및관리사,1
14000,업무시설,정비공장,1
04000,제2종근린생활시설,복지지설,1
17000,공장,그외식료품제조업,1
17000,공장,식초가공공장,1
17000,공장,tibal창고,1
07000,판매시설,경비실1,1
19000,위험물저장및처리시설,충전대,1
17000,공장,탈의및샤워실,1
19000,위험물저장및처리시설,고압가스저장실및사무실,1
19000,위험물저장및처리시설,기계식세차설비창고,1
,,군용청사,1
01000,단독주택,점포및차고,1
10000,교육연구시설,주택및주차장,1
07000,판매시설,판매시설지하주차장,1
02000,공동주택,163세대,1
07000,판매시설,재활용품,1
15000,숙박시설,공용주차장,1
19000,위험물저장및처리시설,충전소3,1
04000,제2종근린생활시설,석제품,1
07000,판매시설,판매시설및자동차관련시설,1
,,양식장,1
18000,창고시설,농업인창고및화장실,1
07000,판매시설,차량소독조,1
02000,공동주택,빗물저류조폄프실,1
17000,공장,refrigerator,1
22000,분뇨.쓰레기처리시설,폐기물적환소,1
17000,공장,제어반,1
14000,업무시설,별어곡역본체,1
30000,자원순환관련시설,주민편익시설,1
,,목재가구공장,1
,,기원,1
04000,제2종근린생활시설,산부인과,1
14000,업무시설,관리층,1
03000,제1종근린생활시설,근린생활시설및소매점,1
17000,공장,부창고,1
04000,제2종근린생활시설,음식점등,1
18000,창고시설,양수기보관창고,1
19000,위험물저장및처리시설,액화가스보관실,1
21000,동물및식물관련시설,목장주택,1
04000,제2종근린생활시설,노인복지지설,1
19000,위험물저장및처리시설,위험시설물저장실,1
10000,교육연구시설,사대,1
04000,제2종근린생활시설,케너피,1
,,청사,1
25000,발전시설,탄약고,1
05000,문화및집회시설,생가방앗간,1
17000,공장,donor,1
22000,분뇨.쓰레기처리시설,쓰레기매립장내,1
14000,업무시설,행,1
17000,공장,협력사shop,1
19000,위험물저장및처리시설,방사성폐기물저장고,1
18000,창고시설,단순,1
15000,숙박시설,28실,1
04000,제2종근린생활시설,관리사동,1
17000,공장,물품하치장,1
,,북면지서,1
19000,위험물저장및처리시설,위험물저장처리장소,1
17000,공장,다이캐스팅,1
03000,제1종근린생활시설,우편물보관소,1
19000,위험물저장및처리시설,상수도기계실,1
03000,제1종근린생활시설,마을작업소,1
17000,공장,컴퓨터프로그램매체제조,1
17000,공장,콤프레샤실외,1
,,벽돌조,1
27000,관광휴게시설,요트계류장,1
20000,자동차관련시설,도장건조실,1
20000,자동차관련시설,수위실및차고,1
17000,공장,특산품생산공장,1
01000,단독주택,염전,1
30000,자원순환관련시설,운전실,1
04000,제2종근린생활시설,2종근린생활시설외3,1
03000,제1종근린생활시설,여자,1
03000,제1종근린생활시설,기능실,1
01000,단독주택,평주,1
17000,공장,전동지게차,1
04000,제2종근린생활시설,전열제품,1
17000,공장,rotary,1
10000,교육연구시설,고교,1
21000,동물및식물관련시설,죽사,1
Z3000,근린생활시설,식품제조업,1
17000,공장,22동,1
17000,공장,피피분석실,1
13000,운동시설,위험물판매취급소,1
21000,동물및식물관련시설,검란장,1
03000,제1종근린생활시설,17가구,1
31000,야영장시설,회의실,1
19000,위험물저장및처리시설,목욕탕및주방,1
03000,제1종근린생활시설,관광상품판매실,1
10000,교육연구시설,직원실,1
27000,관광휴게시설,안보교육전시장,1
20000,자동차관련시설,및자동차관련시설,1
05000,문화및집회시설,시사문화촌,1
17000,공장,위생,1
05000,문화및집회시설,수루,1
31000,야영장시설,야영장시실,1
01000,단독주택,디자인사무소,1
18000,창고시설,간이농기구창고,1
04000,제2종근린생활시설,다가주주택,1
02000,공동주택,복시시설,1
21000,동물및식물관련시설,차량,1
11000,노유자시설,교습소,1
17000,공장,89016,1
24000,방송통신시설,옥탑,1
27000,관광휴게시설,부속된,1
02000,공동주택,lounge9,1
04000,제2종근린생활시설,유류판매장,1
17000,공장,트럭로딩쉘터,1
02000,공동주택,기계실525,1
24000,방송통신시설,전화용기계실,1
Z3000,근린생활시설,기사대기실,1
10000,교육연구시설,테니스부,1
06000,종교시설,수련원및,1
04000,제2종근린생활시설,목제가구제조업,1
01000,단독주택,농촌주택융자금,1
10000,교육연구시설,구기장,1
19000,위험물저장및처리시설,충전소동,1
01000,단독주택,경정비작업장,1
21000,동물및식물관련시설,32,1
17000,공장,트레일러룸,1
17000,공장,미역가공처리장,1
01000,단독주택,삼천당,1
04000,제2종근린생활시설,석재성형가공품제조업,1
18000,창고시설,과일선별작업장,1
17000,공장,장실,1
30000,자원순환관련시설,박물관,1
04000,제2종근린생활시설,근린생화시설및,1
24000,방송통신시설,지하주차장,1
17000,공장,블럭제조,1
24000,방송통신시설,경비동,1
17000,공장,machinery,1
17000,공장,포장용파지상자및관련품제조,1
04000,제2종근린생활시설,공구실창고,1
01000,단독주택,축사용,1
01000,단독주택,물품보관용,1
02000,공동주택,lpg가스저장고,1
02000,공동주택,아파트123세대,1
03000,제1종근린생활시설,단지형,1
03000,제1종근린생활시설,수영장,1
03000,제1종근린생활시설,방음터널관리사무소,1
04000,제2종근린생활시설,다류가공,1
,,93농촌주택개량융자건물,1
21000,동물및식물관련시설,식물관련시설및단독주택,1
Z3000,근린생활시설,배수장관리사,1
24000,방송통신시설,주차장,1
Z3000,근린생활시설,다용도실,1
01000,단독주택,유창고,1
01000,단독주택,위험물취급차량차고,1
05000,문화및집회시설,면적포함,1
24000,방송통신시설,항만교통정보시스템통신시설,1
17000,공장,크링카홉바,1
18000,창고시설,저장고시설,1
10000,교육연구시설,제어실,1
17000,공장,전기수리공장,1
19000,위험물저장및처리시설,20동,1
22000,분뇨.쓰레기처리시설,최종침전지유출분배조,1
17000,공장,7a전기판넬셀타,1
20000,자동차관련시설,자동차전기공급시설,1
18000,창고시설,창고변소,1
04000,제2종근린생활시설,주차창,1
04000,제2종근린생활시설,40실,1
Z8000,교육연구및복지시설,해양훈련원,1
17000,공장,스프공장,1
Z5000,문화및집회시설,식물온실,1
02000,공동주택,기계식주차,1
17000,공장,정밀공장,1
10000,교육연구시설,벌크가스,1
17000,공장,용기저장실,1
17000,공장,전광투입설비,1
17000,공장,2단계,1
Z5000,문화및집회시설,종중제실,1
15000,숙박시설,동물관련시설,1
03000,제1종근린생활시설,농자재판매장,1
17000,공장,달리분류되지않는가구,1
10000,교육연구시설,연구시설및,1
22000,분뇨.쓰레기처리시설,임시가설건축물,1
Z3000,근린생활시설,농아재활원,1
Z3000,근린생활시설,숙박업소,1
20000,자동차관련시설,기압펌프장,1
04000,제2종근린생활시설,임항사무실,1
17000,공장,2차,1
22000,분뇨.쓰레기처리시설,전기실및발전실,1
22000,분뇨.쓰레기처리시설,콤프실,1
02000,공동주택,유아체육시설,1
17000,공장,페기물적치창고,1
07000,판매시설,피난안전구역,1
27000,관광휴게시설,수유실,1
01000,단독주택,보일러실및대피실,1
18000,창고시설,건조탑,1
14000,업무시설,게이트볼장,1
01000,단독주택,재면소,1
09000,의료시설,제1종린생활시설,1
,,인테이트,1
,,초소,1
03000,제1종근린생활시설,습염식제설작업장,1
17000,공장,분말세제공장,1
10000,교육연구시설,14,1
25000,발전시설,자건거보관소,1
11000,노유자시설,요양실,1
05000,문화및집회시설,관련시설,1
17000,공장,시수조,1
,,세면장,1
14000,업무시설,새마을연수원,1
04000,제2종근린생활시설,세재,1
13000,운동시설,직원숙소2동,1
17000,공장,재입고검사실,1
04000,제2종근린생활시설,기름,1
02000,공동주택,근린시설및,1
17000,공장,목재가구공장,1
08000,운수시설,보안검문소,1
09000,의료시설,병원식당,1
09000,의료시설,실험실습교육실,1
04000,제2종근린생활시설,스쿼시장,1
14000,업무시설,싸이로,1
21000,동물및식물관련시설,창고b,1
04000,제2종근린생활시설,관광객이용시설,1
02000,공동주택,다세대및근린생활,1
15000,숙박시설,정화조계단실,1
03000,제1종근린생활시설,식품접객업,1
15000,숙박시설,숙박주택,1
18000,창고시설,자원재활용시설,1
02000,공동주택,i주민공동시설,1
23000,교정및군사시설,저장고2,1
05000,문화및집회시설,및주택,1
18000,창고시설,임산물저온저장창고,1
21000,동물및식물관련시설,우사창고,1
18000,창고시설,임시적치장,1
14000,업무시설,1종근린생활시설및업무시설,1
17000,공장,반제품창고,1
09000,의료시설,노인전문요양병원,1
18000,창고시설,제2종근린샐활시설,1
17000,공장,42번동,1
10000,교육연구시설,농업도서관,1
11000,노유자시설,환경미화원휴게실,1
15000,숙박시설,호텔및근린생활시설,1
18000,창고시설,일반폐기물,1
18000,창고시설,폐지,1
Z6000,판매및영업시설,폐수처리장,1
10000,교육연구시설,교수연구,1
04000,제2종근린생활시설,내의,1
10000,교육연구시설,창고및선수합숙소,1
,,잎담배저장창고,1
15000,숙박시설,일반음식점및여관,1
10000,교육연구시설,식생활관휴게실,1
10000,교육연구시설,벽돌공장,1
Z3000,근린생활시설,위험물저장시설,1
17000,공장,해태처리장외,1
03000,제1종근린생활시설,부동산사무소,1
17000,공장,5호,1
04000,제2종근린생활시설,제2종근린생활시설및목욕탕,1
25000,발전시설,엘리베이터타워,1
Z3000,근린생활시설,주용도,1
17000,공장,석회제조업,1
15000,숙박시설,내빈숙소,1
01000,단독주택,철판,1
04000,제2종근린생활시설,메주발효시설,1
20000,자동차관련시설,버스정류장,1
01000,단독주택,90,1
04000,제2종근린생활시설,사무실및방송실,1
02000,공동주택,음식물발효기,1
15000,숙박시설,체력단련장,1
15000,숙박시설,여관및식당,1
07000,판매시설,2근린생활시설,1
10000,교육연구시설,풍동터널설비,1
21000,동물및식물관련시설,동룸,1
17000,공장,잎담배저장창고,1
,,관리사외,1
17000,공장,기숙사및주방,1
Z9000,공공용시설,전시시설,1
14000,업무시설,식당및보일러실,1
05000,문화및집회시설,나,1
11000,노유자시설,장애자자립작업장,1
04020,노래연습장,노래연습장,1
19000,위험물저장및처리시설,g개스충전소,1
03000,제1종근린생활시설,정수장사택및기계실,1
25000,발전시설,도로부속시설물,1
17000,공장,연수설비동,1
11000,노유자시설,정신요양시설,1
03000,제1종근린생활시설,도로경비초소,1
03000,제1종근린생활시설,농산물공동판매장,1
22000,분뇨.쓰레기처리시설,폐기물감량시설,1
03000,제1종근린생활시설,상수도센터,1
03000,제1종근린생활시설,시립박물관,1
03000,제1종근린생활시설,표지시설,1
03000,제1종근린생활시설,홍수경보기,1
15000,숙박시설,관광호텔75호,1
03000,제1종근린생활시설,근린공공시설복합관리동,1
03000,제1종근린생활시설,측정소,1
17000,공장,비철금속재생재료가공처리,1
04000,제2종근린생활시설,반려동물지원센터,1
22000,분뇨.쓰레기처리시설,분장,1
02000,공동주택,교육연구시설용,1
01000,단독주택,4세대가구용,1
04000,제2종근린생활시설,업무시설등,1
18000,창고시설,농산물수급창고,1
24000,방송통신시설,tvr종합시설,1
01000,단독주택,95농촌주거환경개선사업,1
17000,공장,flow,1
21000,동물및식물관련시설,생시설,1
01000,단독주택,주택및가게,1
04000,제2종근린생활시설,창고및보일러,1
01000,단독주택,주유기실,1
06000,종교시설,비보호각,1
17000,공장,출하사무동,1
10000,교육연구시설,다목적실동,1
11000,노유자시설,농업인편익,1
02000,공동주택,점포및사무실,1
18000,창고시설,욕탕및창고,1
27000,관광휴게시설,장비실,1
Z3000,근린생활시설,자동차수리점,1
04000,제2종근린생활시설,눈썰매장,1
17000,공장,제품건조동,1
14000,업무시설,옥내주차장,1
01000,단독주택,도자기,1
03000,제1종근린생활시설,농기구수리쎈타,1
18000,창고시설,미곡처리장,1
17000,공장,제1고로,1
03000,제1종근린생활시설,14호,1
17000,공장,주변기기제조업,1
17000,공장,금속탱크제조공장,1
01000,단독주택,카페,1
03000,제1종근린생활시설,기념관,1
04000,제2종근린생활시설,사무실공동구판장,1
17000,공장,로재공장,1
01000,단독주택,다가구주택3세대,1
04000,제2종근린생활시설,원통전,1
17000,공장,제품상하차장,1
Z5000,문화및집회시설,협문,1
04000,제2종근린생활시설,어민회관,1
17000,공장,목형실,1
,,돈식우사,1
30000,자원순환관련시설,홍보실,1
10000,교육연구시설,검사고,1
17000,공장,브로와룸,1
11000,노유자시설,주민자치센터,1
14000,업무시설,농민상담소,1
14000,업무시설,금융업소사무실,1
17000,공장,3판넬실,1
14000,업무시설,변전소본관,1
15000,숙박시설,장애인용,1
13000,운동시설,마장,1
06000,종교시설,종교용,1
17000,공장,위험물저장및처리설,1
05000,문화및집회시설,나비생태학습관,1
06000,종교시설,청년부실,1
21000,동물및식물관련시설,상가,1
02000,공동주택,샤워락커,1
02000,공동주택,오,1
14000,업무시설,데이터센터,1
17000,공장,및창고시설,1
17000,공장,lpg창고,1
02000,공동주택,202동1층,1
14000,업무시설,외부계단실,1
07000,판매시설,판매시설및운동시설,1
02000,공동주택,141대,1
02000,공동주택,공중화장실및창고,1
18000,창고시설,폐유저장,1
12000,수련시설,분임연구실,1
02000,공동주택,학교시설,1
04000,제2종근린생활시설,주택공장,1
17000,공장,rpf보일러,1
04000,제2종근린생활시설,제1종근생활시설,1
04000,제2종근린생활시설,보관시설,1
03000,제1종근린생활시설,라내작업장,1
03000,제1종근린생활시설,폐기물수집소,1
03000,제1종근린생활시설,본당,1
03000,제1종근린생활시설,마을경로회관,1
21000,동물및식물관련시설,종균저장고,1
04000,제2종근린생활시설,고객대기실,1
03000,제1종근린생활시설,부속냉동창고,1
03000,제1종근린생활시설,여과지차단시설,1
03000,제1종근린생활시설,음료제조시설,1
17000,공장,밀가루,1
03000,제1종근린생활시설,이용학원,1
02000,공동주택,빗물저류조점검실,1
04000,제2종근린생활시설,재2종근린시설,1
04000,제2종근린생활시설,유리제재소,1
04000,제2종근린생활시설,교회및사무소,1
04000,제2종근린생활시설,근린생활시설및주택및창고,1
06000,종교시설,소림실,1
04000,제2종근린생활시설,상토제조업소,1
04000,제2종근린생활시설,서울대공원시설,1
17000,공장,수전및실험실,1
17000,공장,호프시설,1
20000,자동차관련시설,탕비실,1
17000,공장,소각로투입동,1
18000,창고시설,lng설비,1
04000,제2종근린생활시설,인터넷컴퓨터게임제공업의,1
18000,창고시설,시음1리공동,1
17000,공장,슬러지관찰실,1
03000,제1종근린생활시설,춘향전시장,1
17000,공장,직조,1
27000,관광휴게시설,조망루,1
23000,교정및군사시설,해상시험소,1
03000,제1종근린생활시설,교정,1
21000,동물및식물관련시설,전포,1
17000,공장,적재품,1
10000,교육연구시설,다목적실2동,1
23000,교정및군사시설,병사복지시설,1
02000,공동주택,출입홀,1
10000,교육연구시설,음식점,1
17000,공장,식수처리동,1
17000,공장,에널라이져,1
18000,창고시설,하역전실,1
20000,자동차관련시설,포교소,1
10000,교육연구시설,교회교육관,1
21000,동물및식물관련시설,탈수실,1
03000,제1종근린생활시설,1호기,1
01000,단독주택,기타전시장,1
23000,교정및군사시설,건조장,1
26000,묘지관련시설,공원관리사무소,1
02000,공동주택,apt19세대,1
02000,공동주택,멀티미디어,1
04000,제2종근린생활시설,수리점화장실,1
03000,제1종근린생활시설,직물제조,1
03000,제1종근린생활시설,다목적화장실,1
26000,묘지관련시설,출입문,1
02000,공동주택,사회복지관사무실,1
04000,제2종근린생활시설,창틀작업장,1
05000,문화및집회시설,향교유림회관,1
17000,공장,배관공장,1
20000,자동차관련시설,자치단체청사,1
17000,공장,자수기공장,1
15000,숙박시설,타워주차장,1
17000,공장,혼합silo,1
18000,창고시설,부동산중개사무실,1
23000,교정및군사시설,유류하화장,1
01000,단독주택,12세대다가구,1
17000,공장,직원대기실,1
20000,자동차관련시설,기타학교,1
14000,업무시설,6실,1
04000,제2종근린생활시설,대성당,1
10000,교육연구시설,동광초교사,1
24000,방송통신시설,관측소,1
01000,단독주택,헬스클럽,1
02000,공동주택,창의센터b,1
18000,창고시설,종업원숙소,1
17000,공장,플라스틱일반성성형제품제조업,1
30000,자원순환관련시설,세차시설,1
17000,공장,운수지원시설,1
17000,공장,유화저장소,1
05000,문화및집회시설,문화재전시관,1
13000,운동시설,스넥코너,1
09000,의료시설,안치실,1
10000,교육연구시설,수상장비창고,1
13000,운동시설,독서실,1
08000,운수시설,광기소차륜전삭고,1
10000,교육연구시설,실내투수연습교실,1
21000,동물및식물관련시설,급이장통로,1
08000,운수시설,오천역,1
01000,단독주택,곡물건조,1
17000,공장,믹서기실,1
01000,단독주택,2004,1
30000,자원순환관련시설,부숙토창고,1
17000,공장,39번동,1
10000,교육연구시설,지킴이집,1
10000,교육연구시설,전기차충전소,1
10000,교육연구시설,역사관및도서관,1
05000,문화및집회시설,운영부스,1
03000,제1종근린생활시설,내4호,1
17000,공장,연뿌리,1
03000,제1종근린생활시설,금형및관련제품제조,1
04000,제2종근린생활시설,나동1층,1
06000,종교시설,보본단,1
10000,교육연구시설,공기압축기보관소,1
17000,공장,김저장창고,1
14000,업무시설,구급법교육실,1
18000,창고시설,집섬저장고,1
17000,공장,wcf원료하역장,1
10000,교육연구시설,팬룸,1
17000,공장,탈의함,1
,,도자기공장,1
10000,교육연구시설,자료보관실,1
17000,공장,세면업,1
10000,교육연구시설,평생교육원,1
17000,공장,박스제조,1
17000,공장,열교환기세척및안전변시험동,1
03000,제1종근린생활시설,중리여과조절실,1
30000,자원순환관련시설,각종저장매체,1
01000,단독주택,체육장,1
10000,교육연구시설,교육연구시설캐노피,1
08000,운수시설,철도시설관리반처소,1
03000,제1종근린생활시설,식품제조공장,1
08000,운수시설,각계역사,1
03000,제1종근린생활시설,도시형원룸,1
03000,제1종근린생활시설,apt,1
02000,공동주택,지역가스정압실,1
08000,운수시설,갈촌역사,1
10000,교육연구시설,방앗간,1
17000,공장,공가,1
Z9000,공공용시설,사택,1
17000,공장,콤퓨레샤,1
03000,제1종근린생활시설,육모실,1
10000,교육연구시설,농업기계화연구소,1
03000,제1종근린생활시설,치장벽돌,1
10000,교육연구시설,근린생활시설및주택및노유자시설,1
10000,교육연구시설,옥외승강기,1
22000,분뇨.쓰레기처리시설,제조업소,1
10000,교육연구시설,농기계수납실,1
04000,제2종근린생활시설,검사원,1
,,중산,1
06000,종교시설,시청각실,1
21000,동물및식물관련시설,양목장,1
04000,제2종근린생활시설,부식창고,1
18000,창고시설,실내축구장,1
08000,운수시설,영림처소,1
10000,교육연구시설,교실外,1
02000,공동주택,복도및홀,1
19000,위험물저장및처리시설,value,1
02000,공동주택,테이블테니스룸,1
19000,위험물저장및처리시설,공항유류저장시설,1
18000,창고시설,내루노인정,1
21000,동물및식물관련시설,128,1
13000,운동시설,취사장,1
17000,공장,양압설비실,1
01000,단독주택,취수펌프실,1
Z8000,교육연구및복지시설,초소씨형,1
17000,공장,연결장,1
18000,창고시설,농기계서비스센타,1
02000,공동주택,농가주택및,1
04000,제2종근린생활시설,사무소및독서실,1
17000,공장,씽크목재,1
03000,제1종근린생활시설,소방파견소,1
01000,단독주택,주산,1
02000,공동주택,키즈헬스센터,1
04000,제2종근린생활시설,어업기계수리점,1
26000,묘지관련시설,묘당,1
21000,동물및식물관련시설,주1동,1
14000,업무시설,75세대,1
14000,업무시설,도시형생활주택원롬형,1
14000,업무시설,문화재,1
13000,운동시설,화장실a,1
21000,동물및식물관련시설,소계류장,1
13000,운동시설,풋살경기장사무실,1
02000,공동주택,다목적여성화장실,1
12000,수련시설,단체활동실,1
11000,노유자시설,주민건강지원센터,1
b7990,,식물관련시설,1
01000,단독주택,주맥및,1
03000,제1종근린생활시설,경호용,1
02000,공동주택,단지형다세대7세대,1
Z8000,교육연구및복지시설,교육연구시설외,1
13000,운동시설,연결통로,1
27000,관광휴게시설,귀신존,1
13000,운동시설,야외게이트볼장비가림시설,1
02000,공동주택,전압기,1
18000,창고시설,곡물수납,1
02000,공동주택,공원관리동,1
30000,자원순환관련시설,자원순한관련시설,1
27000,관광휴게시설,식물관련시설,1
02000,공동주택,5206동,1
02000,공동주택,파티홀1,1
02000,공동주택,생태학습실,1
02000,공동주택,아파트및창고,1
02000,공동주택,전기발전실,1
17000,공장,안전경비동,1
17000,공장,선풍기제조업,1
02000,공동주택,주차정산소,1
02000,공동주택,제1종근린생활시설외2,1
03000,제1종근린생활시설,일반유흥주점,1
01000,단독주택,단독주외1,1
Z9000,공공용시설,공동시설,1
22000,분뇨.쓰레기처리시설,물탱크,1
02000,공동주택,오렌지라운지,1
17000,공장,교육연구,1
10000,교육연구시설,재활용폐기물처리장,1
30000,자원순환관련시설,자연환순환관련시설,1
02000,공동주택,관리실및점포,1
13000,운동시설,인명구조연습풀장,1
10000,교육연구시설,풍광초등학교,1
01000,단독주택,위험저장및,1
02000,공동주택,평생교육센터,1
02000,공동주택,도시형생활주택및단독주택,1
Z3000,근린생활시설,사,1
30000,자원순환관련시설,자원순환관시설,1
01000,단독주택,취사용가스판매장,1
17000,공장,육류,1
28000,가설건축물,사무실,1
04000,제2종근린생활시설,도자기체험장,1
18000,창고시설,구매시설,1
02000,공동주택,기숙사보일러실,1
18000,창고시설,톱밥우사,1
03000,제1종근린생활시설,화훼생산시설,1
18000,창고시설,절,1
17000,공장,농기계수리공장외,1
04000,제2종근린생활시설,염소중탕시설,1
13000,운동시설,축구장본부석,1
14000,업무시설,외5용도,1
03000,제1종근린생활시설,가곡리,1
21000,동물및식물관련시설,농작물경작시설,1
17000,공장,eg출하장,1
24000,방송통신시설,창고축전실,1
22000,분뇨.쓰레기처리시설,메탄올펌프동,1
19000,위험물저장및처리시설,위헌물저장시설,1
02000,공동주택,학습돌봄,1
01000,단독주택,바닥면적,1
04000,제2종근린생활시설,사찰건립,1
21000,동물및식물관련시설,곰사,1
10000,교육연구시설,유육가공실험실,1
04000,제2종근린생활시설,철구조물,1
22000,분뇨.쓰레기처리시설,반송슬러지,1
04000,제2종근린생활시설,한식음식점,1
01000,단독주택,자력분,1
05000,문화및집회시설,원릉정자각,1
17000,공장,hv,1
21000,동물및식물관련시설,화훼저온저장고,1
04000,제2종근린생활시설,공원편익시설,1
04000,제2종근린생활시설,육가공공장,1
03000,제1종근린생활시설,일용잡화,1
Z5000,문화및집회시설,임씨제소,1
21000,동물및식물관련시설,탕의실,1
15000,숙박시설,유락시설,1
09000,의료시설,영화관,1
04000,제2종근린생활시설,비즈센터,1
02000,공동주택,셀프건강검진실,1
10000,교육연구시설,흥학제,1
17000,공장,항공기우주선부품,1
21000,동물및식물관련시설,균긁기실,1
01000,단독주택,염소,1
03000,제1종근린생활시설,면사무소다목적회관,1
13000,운동시설,컨베이어,1
17000,공장,배관shop장,1
17000,공장,hg보일러실,1
10000,교육연구시설,농업용창고,1
Z8000,교육연구및복지시설,내삼문,1
05000,문화및집회시설,영릉,1
21000,동물및식물관련시설,돈계류장2,1
04000,제2종근린생활시설,도서열람실,1
02000,공동주택,좌측계단실,1
19000,위험물저장및처리시설,점검,1
06000,종교시설,대불기도장,1
22000,분뇨.쓰레기처리시설,분묘,1
05000,문화및집회시설,문화및집회사설,1
14000,업무시설,사무소2호,1
17000,공장,출고사무소가스충전소,1
02000,공동주택,2322동하부,1
19000,위험물저장및처리시설,노유자시설,1
,,상가동,1
01000,단독주택,하사관주택개량,1
04000,제2종근린생활시설,예능학계학원,1
31000,야영장시설,캠핑장,1
04000,제2종근린생활시설,총포판매소,1
03000,제1종근린생활시설,마을공동민박a동,1
13000,운동시설,화장실1,1
01000,단독주택,개,1
14000,업무시설,33호,1
03000,제1종근린생활시설,하동마을회,1
06000,종교시설,유나실,1
17000,공장,피이촉매준비동,1
Z8000,교육연구및복지시설,양수실,1
01000,단독주택,1995,1
01000,단독주택,경사지붕,1
04000,제2종근린생활시설,일만음식점,1
10000,교육연구시설,숙소및,1
17000,공장,기타나무및,1
21000,동물및식물관련시설,폐사축처리장,1
10000,교육연구시설,도예연구실,1
03000,제1종근린생활시설,유류창고,1
05000,문화및집회시설,養士齋,1
08000,운수시설,검사장2,1
27000,관광휴게시설,v,1
27000,관광휴게시설,편의점,1
09000,의료시설,장기입원병동,1
10000,교육연구시설,다목적생활관,1
10000,교육연구시설,관악실,1
10000,교육연구시설,대기측정소,1
10000,교육연구시설,방역장,1
09000,의료시설,쓰레기수거장,1
17000,공장,재활용쓰레기창고,1
17000,공장,농가용저온저장및,1
10000,교육연구시설,태권도전용체육관,1
08000,운수시설,정차장,1
04000,제2종근린생활시설,식품위생사,1
17000,공장,민예품,1
10000,교육연구시설,관사외,1
01000,단독주택,2종근린생활시서,1
03000,제1종근린생활시설,고시학원,1
01000,단독주택,1가구단독주택,1
08000,운수시설,버스정류소,1
12000,수련시설,급수가압장,1
10000,교육연구시설,축구부화장실,1
01000,단독주택,정류소,1
27000,관광휴게시설,관망대,1
02000,공동주택,맘스룸2,1
21000,동물및식물관련시설,냉장,1
08000,운수시설,자가주유소,1
10000,교육연구시설,교육및연구소,1
21000,동물및식물관련시설,양식어사료세조실,1
10000,교육연구시설,복지지원시설,1
10000,교육연구시설,급식소및사택,1
01000,단독주택,위험물판메취급소,1
17000,공장,식당휴게실,1
21000,동물및식물관련시설,기계탑,1
03000,제1종근린생활시설,비가림,1
10000,교육연구시설,예체능실,1
10000,교육연구시설,야외강의장,1
09000,의료시설,지역공공시설,1
08000,운수시설,모노레일탑승장,1
10000,교육연구시설,승강구,1
14000,업무시설,건자재상,1
18000,창고시설,도축장,1
10000,교육연구시설,교육용유류저장소,1
04000,제2종근린생활시설,보관소및사무실,1
03000,제1종근린생활시설,청소년용전자유기장,1
10000,교육연구시설,유도체육장,1
19000,위험물저장및처리시설,경비실초소,1
18000,창고시설,곤충사육사,1
10000,교육연구시설,학훈단,1
10000,교육연구시설,도예문화연구소,1
21000,동물및식물관련시설,35,1
18000,창고시설,하역장캐노피,1
04000,제2종근린생활시설,전기제어반,1
15000,숙박시설,고가수조,1
02000,공동주택,평생교육실,1
10000,교육연구시설,자연대본관,1
11000,노유자시설,주민편의시설,1
01000,단독주택,복층1가구,1
17000,공장,믹싱플랜트,1
27000,관광휴게시설,달궁야영장,1
Z3000,근린생활시설,간이저장고,1
12000,수련시설,수련시설및제1종근린생활시설,1
17000,공장,학용품제조,1
12000,수련시설,관리본부동,1
04000,제2종근린생활시설,주치장,1
18000,창고시설,공동퇴비장,1
03000,제1종근린생활시설,현장원,1
14000,업무시설,부속주차장,1
02000,공동주택,각,1
02000,공동주택,방재센타등,1
07000,판매시설,소화펌프실,1
10000,교육연구시설,제2종근린생활시설외1건,1
12000,수련시설,점검,1
10000,교육연구시설,교수영빈관,1
05000,문화및집회시설,석실분,1
10000,교육연구시설,공해공장,1
11000,노유자시설,농업인,1
08000,운수시설,공공,1
17000,공장,원피야적고,1
01000,단독주택,목재건구제조장,1
22000,분뇨.쓰레기처리시설,퇴비장저장고,1
10000,교육연구시설,특별교실및식당,1
03000,제1종근린생활시설,배출수처리동,1
10000,교육연구시설,민방위급수시설,1
18000,창고시설,수학원,1
10000,교육연구시설,생활권수련시설,1
03000,제1종근린생활시설,간이수리소,1
21000,동물및식물관련시설,및단독주택,1
05000,문화및집회시설,팔각정자,1
10000,교육연구시설,에코하우스,1
04000,제2종근린생활시설,염전체험학습장,1
Z9000,공공용시설,숙사,1
21000,동물및식물관련시설,이유돈사,1
04000,제2종근린생활시설,메주가공장,1
07000,판매시설,집배송시설,1
10000,교육연구시설,관리동사무소,1
21000,동물및식물관련시설,유기질발효사,1
01000,단독주택,컴퓨터게임장,1
18000,창고시설,방열창고,1
10000,교육연구시설,교사3호동,1
03000,제1종근린생활시설,편리,1
04000,제2종근린생활시설,생시설및주택,1
10000,교육연구시설,깨스저장실,1
09000,의료시설,병원및근린생활시설,1
04000,제2종근린생활시설,양사재,1
21000,동물및식물관련시설,분뇨저장,1
10000,교육연구시설,종합연구소,1
09000,의료시설,옥외화장실,1
19000,위험물저장및처리시설,간이휴계실,1
21000,동물및식물관련시설,퇴비저장,1
10000,교육연구시설,임산화학실험실,1
04000,제2종근린생활시설,마창대교,1
21000,동물및식물관련시설,약초,1
10000,교육연구시설,가압장,1
17000,공장,고압가스충전소,1
08000,운수시설,영월보안분소,1
26000,묘지관련시설,토사적치장,1
26000,묘지관련시설,묘지관련시설외1,1
03000,제1종근린생활시설,제2종일반음식점,1
10000,교육연구시설,전기관,1
18000,창고시설,패각보관용,1
21000,동물및식물관련시설,간이농기계수리센타,1
17000,공장,유리제조공장,1
04000,제2종근린생활시설,교회및화장실,1
20000,자동차관련시설,고,1
17000,공장,에이동,1
02000,공동주택,원룸형a,1
17000,공장,정문출하경비실,1
04000,제2종근린생활시설,28993,1
04000,제2종근린생활시설,헬스글럽,1
,,충전케노피,1
21000,동물및식물관련시설,누각,1
17000,공장,냉각기탑,1
14000,업무시설,금융업소외,1
01000,단독주택,석유취급소,1
JY,,다세대주택,1
04000,제2종근린생활시설,k텔레콤무인통신국사,1
03000,제1종근린생활시설,청소년수련실,1
23000,교정및군사시설,ups실,1
04000,제2종근린생활시설,다목적구장,1
04000,제2종근린생활시설,표면처리제조,1
07000,판매시설,보육시설,1
01000,단독주택,발효식품제조업,1
03000,제1종근린생활시설,목정,1
21000,동물및식물관련시설,064,1
17000,공장,건조시설및공장,1
17000,공장,에어컨실,1
17000,공장,1차철강제조,1
17000,공장,5톤보일러실,1
17000,공장,친환경유기질비로,1
04000,제2종근린생활시설,2종작업장,1
17000,공장,고압가스제조실,1
17000,공장,산업용비경화제품제조업,1
21000,동물및식물관련시설,잠특교실,1
17000,공장,팀사무실,1
17000,공장,inhibitor,1
17000,공장,일반공장및화장실,1
17000,공장,유티리티엠002,1
01000,단독주택,관리용건축물,1
17000,공장,의약용과수충진장,1
17000,공장,미역공장및선별장,1
17000,공장,폐기물저장실,1
17000,공장,타이어창고,1
18000,창고시설,수위실및화장실,1
17000,공장,안내실동,1
17000,공장,세멘트포장출하작업장,1
17000,공장,보조경비실,1
17000,공장,내빈용화장실,1
17000,공장,카파엔진공장,1
17000,공장,카드뮴공장,1
18000,창고시설,선별공장,1
05000,문화및집회시설,근린시설,1
17000,공장,연결건가,1
17000,공장,중기정비,1
01000,단독주택,농가주택융자지원대상,1
17000,공장,4호전기집진실,1
17000,공장,용품,1
17000,공장,서중설비실,1
04000,제2종근린생활시설,사설교습소,1
17000,공장,설비보전작업실,1
17000,공장,화학약품주입소,1
18000,창고시설,금번신축버섯재배사,1
17000,공장,전용공업지역,1
18000,창고시설,사료저온창고,1
05000,문화및집회시설,구민회관,1
17000,공장,식품제조가공업공장,1
17000,공장,동력수전반,1
17000,공장,판넬보호쉘터,1
17000,공장,민예품공장및점포,1
10000,교육연구시설,도낭하,1
17000,공장,유해화학물질보관소,1
17000,공장,에이디티닥터룸,1
18000,창고시설,사장실,1
17000,공장,봄베실,1
17000,공장,포장시설동,1
17000,공장,세척및건조실,1
17000,공장,배쳐플랜트,1
06000,종교시설,유아원교육관,1
17000,공장,외부창고,1
17000,공장,휴게쉼터,1
21000,동물및식물관련시설,계사실험실,1
17000,공장,곡물세척실,1
18000,창고시설,건조공장,1
20000,자동차관련시설,소형정비고,1
17000,공장,자가압축기실,1
17000,공장,2공장문,1
17000,공장,서편캐노피,1
17000,공장,스포츠문화센터,1
,,콤프레샤실,1
17000,공장,작업장및저온창고,1
17000,공장,운전및출하실,1
17000,공장,다시마가공공장,1
17000,공장,고가초소3,1
17000,공장,가스감시실,1
18000,창고시설,고금,1
22000,분뇨.쓰레기처리시설,유압펌프실동,1
17000,공장,마을공동도정공장,1
17000,공장,분쇄소제투입설비실,1
17000,공장,아스팔트제조소,1
17000,공장,웨이스트설비,1
17000,공장,제4연결건물,1
17000,공장,융해실,1
18000,창고시설,약초시장및전시판매장,1
22000,분뇨.쓰레기처리시설,소화조기계실,1
17000,공장,화물계량실,1
03000,제1종근린생활시설,북부시장,1
17000,공장,수산물가공공장및육류가공공장,1
17000,공장,일반제제업,1
04000,제2종근린생활시설,다세대주택및,1
19000,위험물저장및처리시설,4고로,1
17000,공장,제트펌프실,1
17000,공장,제1지구,1
17000,공장,콤푸레샤실3,1
17000,공장,몰드보관장,1
02000,공동주택,135,1
17000,공장,선별처리장및저온저장고,1
17000,공장,기타복리시설,1
17000,공장,폐유리분리장,1
17000,공장,수처리동1,1
17000,공장,벌크시멘트적하장,1
18000,창고시설,중앙제어실,1
01000,단독주택,협동,1
22000,분뇨.쓰레기처리시설,고속도로휴게소부설,1
17000,공장,외자보세창고,1
17000,공장,32변전실,1
17000,공장,기술센타보이라실,1
17000,공장,명촌입문보완실,1
03000,제1종근린생활시설,강양회관,1
14000,업무시설,다과점,1
17000,공장,소방펌프실및조정실,1
17000,공장,보전창고,1
17000,공장,윤활기유실,1
17000,공장,식당대기실,1
17000,공장,염수처리공장,1
13000,운동시설,관리사3,1
17000,공장,생기보안실,1
18000,창고시설,건조기보관,1
17000,공장,스레트공장,1
06000,종교시설,국사단,1
10000,교육연구시설,종교,1
17000,공장,seoa생산설비,1
17000,공장,식자재창고,1
17000,공장,상황실,1
15000,숙박시설,카운터,1
18000,창고시설,물품저장고,1
17000,공장,실험기자재창고,1
14000,업무시설,등기국,1
17000,공장,철가공,1
17000,공장,검신장,1
07000,판매시설,은행,1
02000,공동주택,경비실및주민공동시설,1
17000,공장,사무실및속소,1
20000,자동차관련시설,주차장관리사및매점,1
17000,공장,소각창고,1
17000,공장,하수종말처리장,1
17000,공장,달리분류되지않은플라스틱및일반성형제품제조업,1
17000,공장,기계및차량정비고,1
17000,공장,기계설계실,1
03000,제1종근린생활시설,동향파출소,1
04000,제2종근린생활시설,펌프및압축기,1
17000,공장,제3분석기실,1
17000,공장,공작기계연구실,1
01000,단독주택,특정건축물,1
01000,단독주택,지하부속창고,1
17000,공장,자재창고및펌프실,1
17000,공장,골판지제조공장,1
17000,공장,목재가공공장및사무실,1
20000,자동차관련시설,한의원,1
20000,자동차관련시설,근린새활시설,1
09000,의료시설,오폐수처리장,1
05000,문화및집회시설,c회랑,1
18000,창고시설,버섯재배상,1
17000,공장,쇼트프라스트공장,1
17000,공장,공장운차,1
04000,제2종근린생활시설,나한전,1
17000,공장,메인에어브로어셀타,1
17000,공장,테프제조,1
17000,공장,엔진실험실,1
04000,제2종근린생활시설,차양시설,1
17000,공장,사출동,1
,,기계실및,1
05000,문화및집회시설,숭릉정자각,1
17000,공장,부품저장고,1
10000,교육연구시설,차량통제실,1
07000,판매시설,6,1
10000,교육연구시설,실습실동,1
21000,동물및식물관련시설,건축축사,1
08000,운수시설,매암선로반처소,1
09000,의료시설,세탁장,1
08000,운수시설,검수원휴게실,1
15000,숙박시설,32호,1
01000,단독주택,해태창고,1
10000,교육연구시설,유치원교사실,1
18000,창고시설,임대사업소,1
11000,노유자시설,외부휴게실,1
10000,교육연구시설,기혼자숙소,1
10000,교육연구시설,연수원화장실,1
17000,공장,저온실,1
17000,공장,트렌드엑설공장,1
26000,묘지관련시설,제실부속가,1
17000,공장,공장및제2종근,1
18000,창고시설,원예시설물보관창고,1
17000,공장,farm,1
09000,의료시설,동물수위실,1
18000,창고시설,교육시설,1
10000,교육연구시설,교육연구시설및복지지설,1
04000,제2종근린생활시설,골프연습장사무실,1
10000,교육연구시설,창고시설및샤워장,1
18000,창고시설,물탱크보호용,1
10000,교육연구시설,인풍분교장,1
10000,교육연구시설,후문경비실,1
10000,교육연구시설,개별학습실,1
10000,교육연구시설,집회실,1
01000,단독주택,주택계단실,1
17000,공장,원수조실,1
10000,교육연구시설,특별교실및시청각실,1
17000,공장,sulfur,1
17000,공장,사무및회화용품제조,1
26000,묘지관련시설,영릉비각,1
10000,교육연구시설,동물실험실,1
17000,공장,밥상건조실,1
02000,공동주택,배수펌프,1
02000,공동주택,육아방,1
02000,공동주택,다목적실등,1
07000,판매시설,지원시설,1
10000,교육연구시설,커뮤니티,1
17000,공장,경기용및일반특수신발제조업,1
23000,교정및군사시설,직업훈련과,1
02000,공동주택,93대형,1
02000,공동주택,18실,1
10000,교육연구시설,임업연수원,1
12000,수련시설,임간수련장부대시설숙소,1
17000,공장,mg,1
10000,교육연구시설,교문,1
08000,운수시설,철도보선분소,1
10000,교육연구시설,농업교육정보관,1
01000,단독주택,소형집하장,1
10000,교육연구시설,투수연습실,1
12000,수련시설,비품창고,1
10000,교육연구시설,양궁장창고,1
,,법회실,1
,,방,1
15000,숙박시설,mdf실,1
27000,관광휴게시설,문화,1
17000,공장,제7분석기실,1
04000,제2종근린생활시설,조립식,1
06000,종교시설,12호,1
03000,제1종근린생활시설,강우관측,1
27000,관광휴게시설,관강휴게시설,1
27000,관광휴게시설,농업공원관리사,1
04000,제2종근린생활시설,수련장,1
27000,관광휴게시설,삼림체험대기실,1
17000,공장,공장및창고및휴게실,1
Z8000,교육연구및복지시설,교리실,1
03000,제1종근린생활시설,근린생활관,1
03000,제1종근린생활시설,근린생활시설소매점,1
10000,교육연구시설,미성년자학원,1
03000,제1종근린생활시설,용수공급실,1
01000,단독주택,소분업,1
03000,제1종근린생활시설,교육복지시설,1
03000,제1종근린생활시설,지하대피실,1
21000,동물및식물관련시설,굼뱅이사육,1
03000,제1종근린생활시설,의원시설,1
13000,운동시설,따른,1
03000,제1종근린생활시설,관리사무실및공중변소,1
03000,제1종근린생활시설,대가용리마을회관,1
03000,제1종근린생활시설,군관청,1
19000,위험물저장및처리시설,장,1
11000,노유자시설,장애인지역사회재활센터,1
18000,창고시설,한약재,1
03000,제1종근린생활시설,축양장내기계실,1
21000,동물및식물관련시설,우분처리장,1
03000,제1종근린생활시설,생활자원보관소,1
06000,종교시설,현관,1
03000,제1종근린생활시설,농월정공동화장실,1
03000,제1종근린생활시설,거대보건진료소,1
11000,노유자시설,장애인편의시설,1
06000,종교시설,寺,1
02000,공동주택,도시형생활주택단지형다세대12대,1
17000,공장,공장기타건축용품제조업,1
03000,제1종근린생활시설,장신구및시계잡화도소매업,1
06000,종교시설,교회화장실,1
Z3000,근린생활시설,영유아보육시설,1
,,검탄실,1
03000,제1종근린생활시설,공동욕실,1
10000,교육연구시설,본관부속비품창고,1
03000,제1종근린생활시설,시민새마을금고,1
14200,일반업무시설,금융업소,1
11000,노유자시설,노인복지원,1
17000,공장,유증기회수시설,1
17000,공장,달리분류되지않는기타나무및,1
03000,제1종근린생활시설,이동식공중화장실,1
02000,공동주택,8실,1
11000,노유자시설,엠마우스복지관,1
03000,제1종근린생활시설,복지및근린생활시설,1
27000,관광휴게시설,근린,1
04000,제2종근린생활시설,발효조,1
17000,공장,달리분류되지않는육지동물고기가공,1
03000,제1종근린생활시설,자동전화기보관실,1
03000,제1종근린생활시설,근린생활및위험물저장및처리시설,1
10000,교육연구시설,체육기자재실,1
17000,공장,금속관,1
03000,제1종근린생활시설,마을창고및관리실,1
03000,제1종근린생활시설,화장실및주차장,1
03000,제1종근린생활시설,노화읍소방소,1
03000,제1종근린생활시설,마을회관경로당,1
03000,제1종근린생활시설,지소,1
Z5000,문화및집회시설,관람집회,1
04000,제2종근린생활시설,양식당,1
21000,동물및식물관련시설,와가,1
01000,단독주택,지하기계실,1
03000,제1종근린생활시설,후생매점,1
10000,교육연구시설,지붕,1
10000,교육연구시설,대학본부동,1
03000,제1종근린생활시설,치동서원,1
03000,제1종근린생활시설,농업용부속창고,1
11000,노유자시설,노인정및관리사,1
27000,관광휴게시설,휴계시설,1
03000,제1종근린생활시설,평소,1
11000,노유자시설,노유자시설및공동주택,1
03000,제1종근린생활시설,달천동사무소,1
14000,업무시설,중유창고,1
03000,제1종근린생활시설,제1종근린생활시설소,1
03000,제1종근린생활시설,저탄장경비실,1
02000,공동주택,주차장옥외계단,1
11000,노유자시설,갱생원,1
03000,제1종근린생활시설,알용품소매점,1
03000,제1종근린생활시설,마을공동체헙장,1
03000,제1종근린생활시설,해안경비초소,1
17000,공장,남자화장실,1
03000,제1종근린생활시설,근랜생활시설및화장실,1
Z3000,근린생활시설,근린생활시설및교육연구시설,1
18000,창고시설,곡물건조장및,1
03000,제1종근린생활시설,건널목초소,1
03000,제1종근린생활시설,도원동사무실,1
03000,제1종근린생활시설,리민관,1
03000,제1종근린생활시설,캠핑장,1
03000,제1종근린생활시설,근생및숙박시설,1
11000,노유자시설,강의실,1
27000,관광휴게시설,열대식물,1
03000,제1종근린생활시설,주택및부속사,1
01000,단독주택,액화석유가스충전소,1
11000,노유자시설,노인회관및근린생활시설,1
03000,제1종근린생활시설,주택및근린생활시설및점포,1
01000,단독주택,위험물지하저장소,1
03000,제1종근린생활시설,근린생활시설및제2종근린생활시설,1
07000,판매시설,판미새설,1
02000,공동주택,체력실,1
02000,공동주택,다함게돌봄센터,1
14000,업무시설,99실,1
03000,제1종근린생활시설,경찰파출소관사,1
03000,제1종근린생활시설,사회복지회관,1
17000,공장,제조작업장,1
31000,야영장시설,보령교육가족체험장,1
03000,제1종근린생활시설,휴게음식점창고,1
03000,제1종근린생활시설,미용실및부속창고,1
17000,공장,도자기재료공장,1
03000,제1종근린생활시설,선과장및관리사,1
03000,제1종근린생활시설,소매점이용원,1
03000,제1종근린생활시설,보안관리초소,1
19000,위험물저장및처리시설,저온pr저장소,1
17000,공장,cabin,1
14000,업무시설,주유시설,1
03000,제1종근린생활시설,주택겸점포,1
JY,,경비실,1
31000,야영장시설,홍보실,1
03000,제1종근린생활시설,고속도로경비초소,1
03000,제1종근린생활시설,감만2파출소,1
09000,의료시설,증축,1
03000,제1종근린생활시설,축산단미사료공장,1
03000,제1종근린생활시설,비견경찰출장소,1
03000,제1종근린생활시설,기타제1종근생활시설,1
03000,제1종근린생활시설,황성동사무소,1
03000,제1종근린생활시설,상수도물탱크,1
03000,제1종근린생활시설,점포및치과의원,1
27000,관광휴게시설,승,1
03000,제1종근린생활시설,33호,1
17000,공장,부품보관용,1
04000,제2종근린생활시설,정육판매점,1
01000,단독주택,브럭,1
03000,제1종근린생활시설,특산품원료창고,1
03000,제1종근린생활시설,사무실및유아실,1
03000,제1종근린생활시설,상대온천공중화장실,1
01000,단독주택,사무ㅗ,1
08000,운수시설,갑현역신호장밑체,1
10000,교육연구시설,조각실,1
03000,제1종근린생활시설,주분초,1
20000,자동차관련시설,자동차정비업및,1
,,피아노학원,1
03000,제1종근린생활시설,부두포장실,1
,,제분소,1
03000,제1종근린생활시설,전화자동교환장치,1
03000,제1종근린생활시설,의원및제1종근린생활시설,1
03000,제1종근린생활시설,농조양수장,1
03000,제1종근린생활시설,경천보건지소,1
11000,노유자시설,주택및어린이집,1
11000,노유자시설,단독주택외1,1
03000,제1종근린생활시설,탁구실,1
03000,제1종근린생활시설,마을공동농촌체험실,1
01000,단독주택,한옥체험업,1
17000,공장,leaching,1
03000,제1종근린생활시설,교육시설및점포,1
17000,공장,냉각탑실,1
03000,제1종근린생활시설,농산물하역장,1
03000,제1종근린생활시설,낙농체험관,1
03000,제1종근린생활시설,한옥문학관,1
11000,노유자시설,교육연구및복지시설외1건,1
03000,제1종근린생활시설,싸이로,1
03000,제1종근린생활시설,단독주택외2용도,1
03000,제1종근린생활시설,환경미화원대기실,1
04000,제2종근린생활시설,2종근린생활시설및업무시설,1
03000,제1종근린생활시설,게이트볼경기장,1
11000,노유자시설,향노당,1
03000,제1종근린생활시설,동력수전실,1
18000,창고시설,집수장,1
04000,제2종근린생활시설,가추,1
03000,제1종근린생활시설,유류탱크,1
19000,위험물저장및처리시설,자가난방용,1
10000,교육연구시설,농기계간이격납고,1
01000,단독주택,근린생활시설다가구용주택,1
11000,노유자시설,농산물간이집하장,1
03000,제1종근린생활시설,정자문,1
11000,노유자시설,장춘노인회관,1
03000,제1종근린생활시설,화물취급소,1
01000,단독주택,다가구3주택,1
04000,제2종근린생활시설,세탁장,1
08000,운수시설,시외버스,1
08000,운수시설,직행터미널,1
17000,공장,취수장,1
22000,분뇨.쓰레기처리시설,쓰레기보관실,1
17000,공장,필터프레스실,1
07000,판매시설,동물사육장,1
17000,공장,폐수기계실동,1
06000,종교시설,노인회관,1
01000,단독주택,주거지역,1
03000,제1종근린생활시설,옥내주차장,1
13000,운동시설,야구회관,1
18000,창고시설,곡물및저온,1
19000,위험물저장및처리시설,tank관리실,1
04000,제2종근린생활시설,제리제조,1
18000,창고시설,임원실,1
02000,공동주택,키즈맘스라운지,1
17000,공장,프라스틱필름,1
13000,운동시설,스탠드및창고,1
Z5000,문화및집회시설,공연장,1
21000,동물및식물관련시설,조사료,1
Z8000,교육연구및복지시설,게이트볼장,1
04000,제2종근린생활시설,두량농공단지,1
17000,공장,가죽갑피신발제조업,1
Z8000,교육연구및복지시설,실험분석실,1
13000,운동시설,밸리,1
13000,운동시설,연수원,1
17000,공장,ta공구창고,1
31000,야영장시설,화장실및샤워장등,1
01000,단독주택,2류,1
10000,교육연구시설,경노당,1
13000,운동시설,교육시설,1
02000,공동주택,농기구창고,1
10000,교육연구시설,삼문,1
Z5000,문화및집회시설,기도장,1
01000,단독주택,lpg판매사업소,1
04000,제2종근린생활시설,티하우스b,1
06000,종교시설,불이문,1
30000,자원순환관련시설,쓰레기하역장,1
03000,제1종근린생활시설,목공예전시장,1
Z5000,문화및집회시설,도서관,1
17000,공장,장식용품제조,1
Z5000,문화및집회시설,효자각,1
20000,자동차관련시설,버스세차기,1
04000,제2종근린생활시설,포대제조공장,1
06000,종교시설,환경위생시설,1
02000,공동주택,도시형생활주택단지형다세대8세대,1
13000,운동시설,운동경기관람장,1
01000,단독주택,근린생시설및다가구용단독주택,1
01000,단독주택,헛간및화장실,1
03000,제1종근린생활시설,달리분류되지아니한기타제조업,1
02000,공동주택,공동주택183세대,1
14000,업무시설,케노피,1
,,유물관,1
04000,제2종근린생활시설,감말랭이,1
17000,공장,진공실,1
17000,공장,성형가공석재및석재품제조업,1
18000,창고시설,및저온저장고,1
27000,관광휴게시설,창고및휴게실,1
21000,동물및식물관련시설,43,1
21000,동물및식물관련시설,47,1
03000,제1종근린생활시설,송풍기,1
03000,제1종근린생활시설,방류펌프,1
18000,창고시설,집하선별창고,1
02000,공동주택,센타,1
01000,단독주택,가축사료제조실,1
04000,제2종근린생활시설,금속파스너,1
17000,공장,주조4공장,1
10000,교육연구시설,제1공학관,1
Z5000,문화및집회시설,부속용도,1
01000,단독주택,샌드위치판넬,1
15000,숙박시설,5가구,1
21000,동물및식물관련시설,농산물가공창고,1
17000,공장,lpg봄베하우스,1
10000,교육연구시설,단독,1
03000,제1종근린생활시설,주상복합,1
10000,교육연구시설,인문관c,1
04000,제2종근린생활시설,수변전시설,1
19000,위험물저장및처리시설,위험물처리시설및저장실,1
02000,공동주택,교육전용복리시설,1
03000,제1종근린생활시설,정수장창고,1
11000,노유자시설,가정보육시설,1
02000,공동주택,간이배드민턴장,1
27000,관광휴게시설,종합관광안내소,1
01000,단독주택,2세대용,1
21000,동물및식물관련시설,시물관리시설,1
01000,단독주택,주택및유흥음식점,1
04000,제2종근린생활시설,그외기타가구제조업,1
17000,공장,dnt,1
04000,제2종근린생활시설,필터제조공장,1
13000,운동시설,게이트하우스,1
08000,운수시설,사무동,1
20000,자동차관련시설,자동찬관련시설,1
17000,공장,완료창고,1
02000,공동주택,재활지원센터,1
01000,단독주택,다가구주택2세대,1
22000,분뇨.쓰레기처리시설,재활용품선별작업장,1
01000,단독주택,주택및농기계보관,1
03000,제1종근린생활시설,2종근린생활지역,1
19000,위험물저장및처리시설,액화가스판매및고압가스판매소,1
13000,운동시설,66타석,1
22000,분뇨.쓰레기처리시설,복리후생관,1
02000,공동주택,엄마빵집,1
04000,제2종근린생활시설,간판,1
04000,제2종근린생활시설,광고물제조업,1
05000,문화및집회시설,광주원호회관,1
17000,공장,gas창고,1
04000,제2종근린생활시설,서원강당,1
11000,노유자시설,아동양육시설,1
06000,종교시설,대중선방,1
08000,운수시설,위판장,1
05000,문화및집회시설,곤충관,1
02000,공동주택,계,1
04000,제2종근린생활시설,양어시설,1
04000,제2종근린생활시설,화장품제조업,1
17000,공장,공무작업소,1
Z3000,근린생활시설,환경위생시설,1
01000,단독주택,단독주택축사,1
02000,공동주택,125세대,1
21000,동물및식물관련시설,과수,1
26000,묘지관련시설,제사,1
06000,종교시설,예배관,1
05000,문화및집회시설,마을공회당,1
01000,단독주택,47가구,1
03000,제1종근린생활시설,가축시설,1
17000,공장,조제동물사료제조,1
17000,공장,유선통신인터폰,1
01000,단독주택,점포미용원,1
13000,운동시설,전자유기장,1
17000,공장,목제가공제조업,1
18000,창고시설,퇴비사및,1
18000,창고시설,화예,1
05000,문화및집회시설,시집전시실,1
10000,교육연구시설,구수의학관,1
05000,문화및집회시설,봉평문화관,1
21000,동물및식물관련시설,농작물,1
05000,문화및집회시설,서고,1
05000,문화및집회시설,종교교육관,1
07000,판매시설,어린이도서관,1
Z6000,판매및영업시설,외3건,1
21000,동물및식물관련시설,쓰레기분료처리시설,1
09000,의료시설,동문정산소,1
16000,위락시설,2종근생시설,1
23000,교정및군사시설,c지구,1
01000,단독주택,축산물직판장및주택,1
01000,단독주택,미륵법당,1
01000,단독주택,근린새활시설및,1
04000,제2종근린생활시설,비디오물소극장,1
27000,관광휴게시설,유원지편의시설,1
05000,문화및집회시설,식물막사,1
17000,공장,지관,1
10000,교육연구시설,마을회관,1
05000,문화및집회시설,진덕재,1
09000,의료시설,집단프로그램실,1
19000,위험물저장및처리시설,액화석유가스충전소사무실,1
17000,공장,금속탱크및보일러,1
22000,분뇨.쓰레기처리시설,소치마을간이휴게실,1
19000,위험물저장및처리시설,충전소발전기실,1
05000,문화및집회시설,운수시설,1
19000,위험물저장및처리시설,lpg가스저장창고,1
04000,제2종근린생활시설,농산물식품가공,1
14000,업무시설,나이트크럽,1
10000,교육연구시설,폐수장관리동,1
17000,공장,감식초,1
17000,공장,실쉘타,1
Z3000,근린생활시설,화실및,1
18000,창고시설,폐윤활유보관창고,1
05000,문화및집회시설,상설공연장,1
,,건축용,1
22000,분뇨.쓰레기처리시설,분리,1
21000,동물및식물관련시설,농사창고,1
Z3000,근린생활시설,간이공장,1
06000,종교시설,수전실,1
14000,업무시설,지함제조장,1
14000,업무시설,153호,1
03000,제1종근린생활시설,마을청년회관,1
03000,제1종근린생활시설,석유창고,1
04000,제2종근린생활시설,중기정비실,1
11000,노유자시설,인터넷컴퓨터게임시설제공업소,1
Z5000,문화및집회시설,농산물보관창고,1
03000,제1종근린생활시설,기계보관창고,1
05000,문화및집회시설,작품전시관및작품보관창고,1
Z3000,근린생활시설,1가구용,1
17000,공장,독신숙사,1
17000,공장,utility전기실동,1
17000,공장,액화가스취급소,1
33000,"국방,군사시설",발사통제실,1
17000,공장,유해화학물질저장소,1
04000,제2종근린생활시설,일반목재제재업,1
04000,제2종근린생활시설,단독주택및종교집회장,1
10000,교육연구시설,및생활편의시설,1
17000,공장,주강조형,1
05000,문화및집회시설,충의문,1
01000,단독주택,근단독주택,1
17000,공장,페인트보관장,1
01000,단독주택,94정주권사업,1
17000,공장,출하과,1
04000,제2종근린생활시설,기타건축용목제품제조,1
02000,공동주택,단지형다세대18세대,1
04000,제2종근린생활시설,겸천사,1
Z5000,문화및집회시설,시설,1
14000,업무시설,노래방,1
02000,공동주택,에코카페,1
02000,공동주택,여성작업장,1
05000,문화및집회시설,종합상황실,1
05000,문화및집회시설,곤충체험학습장,1
24000,방송통신시설,k텔레콤무인통신국사,1
04000,제2종근린생활시설,상업인쇄업,1
05000,문화및집회시설,종친회의실,1
05000,문화및집회시설,문화밎집회시설,1
03000,제1종근린생활시설,재실부속가,1
05000,문화및집회시설,목공예체험관,1
01000,단독주택,94농어촌주택개량대상건축물,1
05000,문화및집회시설,장비창고,1
04000,제2종근린생활시설,청용암,1
19000,위험물저장및처리시설,및제2종근린생활시설,1
04000,제2종근린생활시설,사무실및소매점,1
26000,묘지관련시설,샤워장,1
06000,종교시설,원통당,1
14000,업무시설,제1종근린생활리설,1
04000,제2종근린생활시설,28호,1
18000,창고시설,승무원숙사,1
03000,제1종근린생활시설,구매시설및의료시설,1
18000,창고시설,미역작업장,1
15000,숙박시설,47호,1
21000,동물및식물관련시설,육상패류양식장,1
03000,제1종근린생활시설,류,1
16000,위락시설,주택및,1
02000,공동주택,주민공동시설b,1
Z3000,근린생활시설,직원사택,1
17000,공장,80ton집진전기실,1
Z3000,근린생활시설,물레방아간,1
18000,창고시설,기숙사외,1
,,2층1가구,1
01000,단독주택,열락당,1
17000,공장,expander,1
24000,방송통신시설,무인통신중계소,1
17000,공장,소방밸프실,1
24000,방송통신시설,통신시설외2용도,1
04000,제2종근린생활시설,기타제조업,1
03000,제1종근린생활시설,수처리,1
10000,교육연구시설,야외,1
24000,방송통신시설,공중통신시설,1
17000,공장,gc분석계기실,1
30000,자원순환관련시설,회의실,1
26000,묘지관련시설,묘지시설,1
13000,운동시설,테니스장관리동,1
04000,제2종근린생활시설,불교연수원,1
21000,동물및식물관련시설,양송이종균시험실,1
18000,창고시설,기술현장창고,1
03000,제1종근린생활시설,취수장및펌프실,1
18000,창고시설,벌꿀농축장,1
01000,단독주택,3다가구주택,1
17000,공장,왕겨탱크,1
24000,방송통신시설,본청사,1
10000,교육연구시설,창고및양호실,1
11000,노유자시설,영아실,1
17000,공장,진동시험실,1
Z3000,근린생활시설,근린샐활시설,1
14000,업무시설,장비차고,1
19000,위험물저장및처리시설,lpg저장시설,1
01000,단독주택,96년농촌주거환경개선사업주택개량융자대상,1
Z3000,근린생활시설,예냉시설,1
14000,업무시설,의약품판매소,1
20000,자동차관련시설,관제탑,1
17000,공장,소방호스,1
01000,단독주택,94년농촌주거환경개선사업지원주택,1
04000,제2종근린생활시설,제1종근린생활시,1
20000,자동차관련시설,차량수리,1
03000,제1종근린생활시설,농어민다목적회관,1
01000,단독주택,지번변경,1
02000,공동주택,경비실5동,1
03000,제1종근린생활시설,농기계주차장,1
17000,공장,금속파스러및나사제품제조업,1
18000,창고시설,창고및방앗간,1
21000,동물및식물관련시설,파종실,1
21000,동물및식물관련시설,우렁이선별작업장,1
18000,창고시설,전기창고,1
18000,창고시설,잠실창고,1
19000,위험물저장및처리시설,경비막사,1
03000,제1종근린생활시설,숙소동,1
01000,단독주택,브퇴비사,1
18000,창고시설,건초저장창고,1
21000,동물및식물관련시설,임업관리사,1
04000,제2종근린생활시설,체육활동,1
04000,제2종근린생활시설,보조시설,1
01000,단독주택,기존주택,1
21000,동물및식물관련시설,동물관련사및,1
21000,동물및식물관련시설,가축방역사무실,1
18000,창고시설,동원창고,1
18000,창고시설,저은저장창고,1
01000,단독주택,동물관련시설및창고시설,1
18000,창고시설,주택의부속창고,1
18000,창고시설,냉각실,1
21000,동물및식물관련시설,우사및퇴퇴비사,1
21000,동물및식물관련시설,농기계수리점,1
01000,단독주택,제1종린생활시설및다가구주택,1
21000,동물및식물관련시설,제3저장소,1
04000,제2종근린생활시설,전력조정실,1
15000,숙박시설,일반및생활형,1
18000,창고시설,냉장창고및농가주택,1
21000,동물및식물관련시설,가축분뇨저장조,1
03000,제1종근린생활시설,신이문2빗물펌프장,1
22000,분뇨.쓰레기처리시설,목욕탕,1
18000,창고시설,공동선과장및저온저장고,1
Z5000,문화및집회시설,4가구,1
14000,업무시설,연구,1
03000,제1종근린생활시설,동촌1리,1
20000,자동차관련시설,부대건물,1
19000,위험물저장및처리시설,공중변소,1
21000,동물및식물관련시설,분만대기실,1
04000,제2종근린생활시설,공양당,1
04000,제2종근린생활시설,자동차관련시설및사무실,1
,,창고및주택,1
18000,창고시설,세탁소및주택,1
02000,공동주택,eps,1
18000,창고시설,시설물,1
,,산란계사,1
01000,단독주택,점포및휴게실,1
20000,자동차관련시설,유개정비고,1
04000,제2종근린생활시설,분장실,1
01000,단독주택,의복제조소,1
03000,제1종근린생활시설,방류펌프장계단실,1
04000,제2종근린생활시설,효소발효장,1
18000,창고시설,농기게보관,1
21000,동물및식물관련시설,93농촌주택개량융자대상,1
10000,교육연구시설,여고화장실,1
17000,공장,목재절목상자제조업,1
15000,숙박시설,기타일반숙시설,1
02000,공동주택,복지관1,1
27000,관광휴게시설,조영남동상,1
23000,교정및군사시설,발전기,1
02000,공동주택,복지회,1
16000,위락시설,금융업소및위락시설,1
02000,공동주택,발전기실및펌프실,1
27000,관광휴게시설,별도봉정수장관리사,1
27000,관광휴게시설,낙전정,1
21000,동물및식물관련시설,축사사,1
21000,동물및식물관련시설,시굴관련시설,1
01000,단독주택,농사형창고,1
17000,공장,의료기,1
04000,제2종근린생활시설,버섯재배,1
18000,창고시설,감귤창고및관리실,1
02000,공동주택,302동,1
17000,공장,포장용판지상자및관련제품제조업,1
02000,공동주택,아웃도어라운지,1
07000,판매시설,영육아보육시설,1
03000,제1종근린생활시설,과적차량단속검문소,1
12000,수련시설,교육연구시설및,1
05000,문화및집회시설,체조경기장,1
01000,단독주택,유류석유취급소,1
27000,관광휴게시설,노점매장,1
06000,종교시설,대웅전봉향각,1
17000,공장,모직물직조업,1
02000,공동주택,근린샌활,1
27000,관광휴게시설,전망및휴게소,1
16000,위락시설,성인용유기장,1
21000,동물및식물관련시설,축산시설및관리사,1
27000,관광휴게시설,승마체험장,1
27000,관광휴게시설,부식냉동창고,1
03000,제1종근린생활시설,보일러실및대피소,1
30000,자원순환관련시설,호이스트,1
18000,창고시설,제1종근린생할시설,1
17000,공장,hoppper,1
17000,공장,배차프랜트실,1
31000,야영장시설,취사및대피,1
17000,공장,엘피지저장고,1
20000,자동차관련시설,제2종근린,1
20000,자동차관련시설,경정비소,1
01000,단독주택,젖가락가공소,1
Z8000,교육연구및복지시설,샤워실,1
17000,공장,농축제어실,1
21000,동물및식물관련시설,농작물재배온실,1
04000,제2종근린생활시설,옵실교회,1
20000,자동차관련시설,실내크리닉,1
01000,단독주택,방공호,1
17000,공장,제4공구실,1
04000,제2종근린생활시설,조립실,1
04000,제2종근린생활시설,간이정비시설,1
03000,제1종근린생활시설,주문초,1
18000,창고시설,장비보,1
01000,단독주택,보일러수리,1
13000,운동시설,아메리칸트랩,1
04000,제2종근린생활시설,2종근린생시설,1
03000,제1종근린생활시설,농산물경매식,1
14000,업무시설,국세청,1
22000,분뇨.쓰레기처리시설,최초침전지전기실,1
03000,제1종근린생활시설,조동,1
11000,노유자시설,쓰레기분리장,1
04000,제2종근린생활시설,수산물제조시설,1
06000,종교시설,7가구,1
03000,제1종근린생활시설,시립도서관,1
07000,판매시설,제2종근리생활시설,1
17000,공장,침적관파쇄장,1
05000,문화및집회시설,얼룩말,1
03000,제1종근린생활시설,1주택,1
10000,교육연구시설,백합관,1
19000,위험물저장및처리시설,g실,1
01000,단독주택,1997년,1
02000,공동주택,공중변소0,1
01000,단독주택,경쟁력,1
01000,단독주택,재고,1
18000,창고시설,비이,1
13000,운동시설,양궁장본부석,1
13000,운동시설,궁도회정자,1
12000,수련시설,간이리부이알중계소,1
05000,문화및집회시설,시장초입민가,1
Z8000,교육연구및복지시설,학교수양관,1
17000,공장,활성탄및여과설비실,1
33000,"국방,군사시설",군사시실,1
08000,운수시설,수리장,1
18000,창고시설,무선중계기및보관함,1
Z8000,교육연구및복지시설,사내직업훈련원,1
10000,교육연구시설,낙생초등학교,1
17000,공장,3열연유압실,1
17000,공장,cd,1
04000,제2종근린생활시설,농기구보관실,1
03000,제1종근린생활시설,주택및작업장,1
04000,제2종근린생활시설,김가공제조업소,1
01000,단독주택,벼저장고,1
17000,공장,pdi인수인계장,1
Z8000,교육연구및복지시설,공동실험관,1
04000,제2종근린생활시설,산평각,1
18000,창고시설,밀감저온저장고,1
01000,단독주택,식품판매점,1
17000,공장,q동,1
11000,노유자시설,노인복지시설요양원,1
01000,단독주택,조경시설,1
10000,교육연구시설,교통사고응급처치교육장,1
02000,공동주택,06,1
17000,공장,sd,1
13000,운동시설,실내족구장,1
26000,묘지관련시설,행랑채,1
02000,공동주택,및부대시설,1
02000,공동주택,주택복합건축물,1
02000,공동주택,우수점검층,1
02000,공동주택,도시형주택생활주택,1
24000,방송통신시설,통신관련건물,1
04000,제2종근린생활시설,역조초소,1
19000,위험물저장및처리시설,알콜저장소,1
15000,숙박시설,물창고,1
,,약품실,1
21000,동물및식물관련시설,60m2,1
13000,운동시설,장애인경사로,1
Z5000,문화및집회시설,교회생활관,1
13000,운동시설,수영장내기계실,1
06000,종교시설,물레방아간,1
06000,종교시설,사찰관리사무소,1
Z8000,교육연구및복지시설,무도장,1
01000,단독주택,국수틀,1
15000,숙박시설,점포및창고,1
04000,제2종근린생활시설,관리용주택,1
Z8000,교육연구및복지시설,조리실,1
13000,운동시설,복합체육시설,1
04000,제2종근린생활시설,차고및주택,1
13000,운동시설,공도장,1
13000,운동시설,궁도시설,1
19000,위험물저장및처리시설,위험물저장및처리시실,1
01000,단독주택,교환실,1
17000,공장,기설유연탄치장,1
13000,운동시설,경기과실,1
Z5000,문화및집회시설,선원,1
02000,공동주택,p5,1
03000,제1종근린생활시설,주민복리시설,1
14000,업무시설,휴게소,1
19000,위험물저장및처리시설,hydrogen,1
08000,운수시설,관광숙박시설,1
27000,관광휴게시설,국궁정,1
13000,운동시설,관림집회시설,1
Z8000,교육연구및복지시설,물탱크,1
18000,창고시설,경비설,1
Z5000,문화및집회시설,종교및관람집회시설,1
18000,창고시설,오폐수병합처리시설,1
03000,제1종근린생활시설,게임제공업소pc방,1
03000,제1종근린생활시설,간이집하장시설,1
08000,운수시설,1종근린생활시설,1
17000,공장,국수및유사식품제조업,1
17000,공장,사택및식당,1
03000,제1종근린생활시설,종자생산작업장,1
03000,제1종근린생활시설,고암서원,1
03000,제1종근린생활시설,탑옥및저수탱크,1
02000,공동주택,펌프및,1
18000,창고시설,마늘건조대,1
03000,제1종근린생활시설,원두막형방갈로,1
17000,공장,톱밥발효실,1
11000,노유자시설,노인편익시설,1
03000,제1종근린생활시설,단무지절임시설,1
15000,숙박시설,민박실,1
03000,제1종근린생활시설,활성탄여과지,1
11000,노유자시설,비상급수시설,1
03000,제1종근린생활시설,안전관리대,1
21000,동물및식물관련시설,연목장,1
17000,공장,따른인쇄업,1
11000,노유자시설,원효탁아소,1
17000,공장,93소성실,1
03000,제1종근린생활시설,창고및소매점,1
03000,제1종근린생활시설,소방소사무실,1
03000,제1종근린생활시설,365자동화코너,1
03000,제1종근린생활시설,덕암노인회관,1
10000,교육연구시설,초등학교체육관,1
03000,제1종근린생활시설,제연팬룸,1
04001,일반음식점,사무소,1
03000,제1종근린생활시설,구사,1
18000,창고시설,해초류보관창고,1
03000,제1종근린생활시설,지상물탱크실,1
03000,제1종근린생활시설,기념품점,1
03000,제1종근린생활시설,영림관리사,1
17000,공장,석재공장용,1
03000,제1종근린생활시설,수위관측,1
17000,공장,코코아,1
17000,공장,동력deluge,1
03000,제1종근린생활시설,무인기계실,1
03000,제1종근린생활시설,밸브조작실,1
14000,업무시설,화원,1
03000,제1종근린생활시설,간이상수도양수장,1
03000,제1종근린생활시설,운동장매점,1
11000,노유자시설,성인복지원,1
15000,숙박시설,42호,1
17000,공장,목기건조장,1
24000,방송통신시설,기계동,1
10000,교육연구시설,약품투입실,1
02000,공동주택,임시택배보관함,1
03000,제1종근린생활시설,12가구,1
06000,종교시설,종교집회장종교시설,1
23000,교정및군사시설,동원훈련숙소,1
17000,공장,7c변전실,1
04000,제2종근린생활시설,백작소,1
21000,동물및식물관련시설,온실창고,1
02000,공동주택,지하층휀룸,1
01000,단독주택,94주택융자,1
17000,공장,crf비료생산공장,1
18000,창고시설,조류사,1
23000,교정및군사시설,세차시설,1
17000,공장,씨오투,1
17000,공장,제2공장동,1
18000,창고시설,절임식품,1
10000,교육연구시설,시설관리사,1
04000,제2종근린생활시설,즉석판매가공시설,1
03000,제1종근린생활시설,국악관,1
04200,종교집회장,제1종,1
10000,교육연구시설,탑층,1
26000,묘지관련시설,상녀집,1
23000,교정및군사시설,종교집회장,1
07000,판매시설,제1종제2종근린생활시설,1
Z8000,교육연구및복지시설,집회시설,1
21000,동물및식물관련시설,가축감시사,1
21000,동물및식물관련시설,축산업,1
02000,공동주택,511,1
26000,묘지관련시설,문화및집회시설외1,1
18000,창고시설,제2종근린생활시시설,1
09000,의료시설,류마티스센타,1
11000,노유자시설,동반자,1
10000,교육연구시설,학생실,1
02000,공동주택,물놀이시설용,1
17000,공장,용제ta,1
23000,교정및군사시설,지하방음사격장,1
04000,제2종근린생활시설,창고시설및,1
05000,문화및집회시설,교육숙박동,1
08000,운수시설,내판역사,1
17000,공장,소방센터,1
26000,묘지관련시설,정자동,1
17000,공장,실내골프연습장,1
18000,창고시설,집하,1
04000,제2종근린생활시설,수산물제조장,1
03000,제1종근린생활시설,마을회관부속화장실,1
21000,동물및식물관련시설,진주배양장,1
26000,묘지관련시설,유영봉안소,1
01000,단독주택,변소및목욕탕,1
23000,교정및군사시설,전천후강의장,1
27000,관광휴게시설,민속박물관,1
14000,업무시설,f,1
17000,공장,가죽제품제조,1
03000,제1종근린생활시설,슬러지,1
03000,제1종근린생활시설,상림진료소,1
17000,공장,빌딩,1
04000,제2종근린생활시설,침구및관련제조업,1
19000,위험물저장및처리시설,주유취급소사무실,1
03000,제1종근린생활시설,지도원실,1
17000,공장,변소및사무실,1
11000,노유자시설,7,1
17000,공장,볼링장,1
01000,단독주택,주택작업장,1
17000,공장,이산화탄소실,1
07000,판매시설,철물도매업,1
01000,단독주택,부복사,1
17000,공장,지게차,1
17000,공장,조화및유사제품제조업,1
18000,창고시설,농구부휴계실,1
01000,단독주택,재1종,1
17000,공장,성형제품제조업,1
03000,제1종근린생활시설,우물보호각,1
01000,단독주택,다용동실,1
23000,교정및군사시설,비상출동차량보관소,1
27000,관광휴게시설,저장및,1
04000,제2종근린생활시설,식당휴계실,1
20000,자동차관련시설,제1종근린생활시설및소매점,1
17000,공장,집진설비조정실,1
17000,공장,n01,1
17000,공장,벨트콘베어대,1
04000,제2종근린생활시설,당사,1
01000,단독주택,o,1
01000,단독주택,q,1
04000,제2종근린생활시설,단위농협,1
05000,문화및집회시설,하천홍보시설,1
21000,동물및식물관련시설,단감선별장,1
04000,제2종근린생활시설,제2종근린생활시설및종업원숙소,1
17000,공장,벨트콘베이어대,1
06000,종교시설,대중전,1
04000,제2종근린생활시설,점포및사무실및창고및근린생활시설,1
03000,제1종근린생활시설,사주문,1
04000,제2종근린생활시설,기름집,1
17000,공장,시멘트제분,1
04000,제2종근린생활시설,일반음식점외2건,1
06000,종교시설,택,1
04000,제2종근린생활시설,농기계수리점및창고,1
04000,제2종근린생활시설,제2종근린생활및일반음식점,1
03000,제1종근린생활시설,공관관사,1
04000,제2종근린생활시설,과수원관리사,1
06000,종교시설,사당터,1
04000,제2종근린생활시설,군북게이트볼장,1
17000,공장,소결광,1
11000,노유자시설,오수정화조,1
02000,공동주택,제연휀룸실,1
06000,종교시설,법당친교실,1
04000,제2종근린생활시설,물놀이시설,1
04000,제2종근린생활시설,공회실,1
17000,공장,조괴공장,1
16000,위락시설,근린생활시절,1
04000,제2종근린생활시설,교육관련시설,1
04000,제2종근린생활시설,교회소,1
10000,교육연구시설,농기계수리창고,1
04000,제2종근린생활시설,교회주택창고,1
04000,제2종근린생활시설,본관동,1
04000,제2종근린생활시설,오락장,1
04000,제2종근린생활시설,근린생활시설및연구시설,1
04000,제2종근린생활시설,3세대인거형,1
06000,종교시설,사물전,1
04000,제2종근린생활시설,오수정화조계단실,1
04000,제2종근린생활시설,자동차관련시설및주택,1
04000,제2종근린생활시설,기도체,1
17000,공장,아날라이져쉘터,1
17000,공장,제1실험공장,1
01000,단독주택,주택개량사업대상자,1
17000,공장,골재선별기실,1
04000,제2종근린생활시설,발효제조업소,1
04000,제2종근린생활시설,다중생활시설및독서실,1
06000,종교시설,문화및집회지설,1
21000,동물및식물관련시설,창고및주택,1
27000,관광휴게시설,사정,1
21000,동물및식물관련시설,계사외,1
10000,교육연구시설,운동실,1
14000,업무시설,기타용도,1
17000,공장,식품건조실,1
03000,제1종근린생활시설,신축,1
01000,단독주택,농산물가공제조장,1
04000,제2종근린생활시설,소각장,1
04000,제2종근린생활시설,송덕암,1
10000,교육연구시설,소화전,1
04000,제2종근린생활시설,사무실및저장소,1
18000,창고시설,침구,1
04000,제2종근린생활시설,안등각,1
18000,창고시설,고밀도,1
21000,동물및식물관련시설,94보조사업,1
06000,종교시설,영업주택,1
04000,제2종근린생활시설,단치장,1
02000,공동주택,산영각,1
23000,교정및군사시설,군,1
03000,제1종근린생활시설,빈사,1
,,대신위생처리장,1
04000,제2종근린생활시설,농기구수리시설,1
04000,제2종근린생활시설,교육연구시설외3용도,1
04000,제2종근린생활시설,우수저류조,1
18000,창고시설,제1종근린생홀시설,1
04000,제2종근린생활시설,업무시설및관람집회시설및교육연구시설,1
04000,제2종근린생활시설,근생시설및업무시설,1
04000,제2종근린생활시설,우수관리실,1
02000,공동주택,101동지하층출입구,1
12000,수련시설,집단급식실,1
10000,교육연구시설,휴게음식점등,1
04000,제2종근린생활시설,휴게음기점,1
06000,종교시설,기도사,1
20000,자동차관련시설,제2종근린생활시시설,1
02000,공동주택,북카페형,1
04000,제2종근린생활시설,수문연락사무실,1
04000,제2종근린생활시설,제화장실,1
17000,공장,재면업제조,1
02000,공동주택,학교기숙사,1
18000,창고시설,대한통운,1
18000,창고시설,호이스트작업장,1
04000,제2종근린생활시설,교회본당,1
04000,제2종근린생활시설,주산속셈학원,1
04000,제2종근린생활시설,월계사,1
04000,제2종근린생활시설,근린생활시설및대피소,1
04000,제2종근린생활시설,제조동,1
04000,제2종근린생활시설,g주유소,1
03000,제1종근린생활시설,창고포함,1
04000,제2종근린생활시설,테니스관람장,1
04000,제2종근린생활시설,용궁각,1
09000,의료시설,탑옥창고,1
07000,판매시설,저온저장창고,1
Z3000,근린생활시설,2종근생및위락시설,1
,,축사시설,1
03000,제1종근린생활시설,기기보존실,1
04000,제2종근린생활시설,2근린생활시설외1용도,1
10000,교육연구시설,미술대학,1
04000,제2종근린생활시설,조청,1
04000,제2종근린생활시설,제2종근린생활시설ㆍ단독주택,1
04000,제2종근린생활시설,지열기계실,1
04000,제2종근린생활시설,문화유적,1
18000,창고시설,운휴설비보관소2,1
01000,단독주택,8다가구,1
04000,제2종근린생활시설,작업장및관리사,1
17000,공장,부적합보관장,1
04000,제2종근린생활시설,애당장로교회,1
04000,제2종근린생활시설,육계처리장,1
08000,운수시설,엘리베이터실,1
04000,제2종근린생활시설,13호,1
03000,제1종근린생활시설,정수장약품투입및,1
04000,제2종근린생활시설,세조실,1
17000,공장,03,1
04000,제2종근린생활시설,동물위탁훈련소,1
04000,제2종근린생활시설,도정소,1
04000,제2종근린생활시설,오비생맥주,1
17000,공장,위험물원료창고,1
27000,관광휴게시설,lpg충전소사무실,1
,,고무및프라스틱성형신발제조및목재도구및기구제조업,1
04000,제2종근린생활시설,점포및숙박시설,1
10000,교육연구시설,집회,1
04000,제2종근린생활시설,태교사,1
14000,업무시설,주거,1
04000,제2종근린생활시설,소문,1
17000,공장,기숙사시설,1
10000,교육연구시설,문화재관리용건축물,1
17000,공장,진공펌프실,1
17000,공장,공장제빙업,1
04000,제2종근린생활시설,와룡암관리사,1
17000,공장,1열연창고,1
04000,제2종근린생활시설,대중음식점및일용품소매점,1
04000,제2종근린생활시설,협의회사무실,1
,,상월감리교회,1
04000,제2종근린생활시설,급수펌프실,1
04000,제2종근린생활시설,농촌지소사무실,1
04000,제2종근린생활시설,주택및휴게음식점,1
05000,문화및집회시설,녕릉,1
04000,제2종근린생활시설,친교실,1
04000,제2종근린생활시설,일반음식점및숙소,1
04000,제2종근린생활시설,주택외3,1
04000,제2종근린생활시설,근린및노유자시설,1
04000,제2종근린생활시설,주택및간이주점,1
10000,교육연구시설,동산초등학교,1
03000,제1종근린생활시설,2종근린생횔시설,1
10000,교육연구시설,남고숙직실,1
30000,자원순환관련시설,농축기실,1
10000,교육연구시설,스텐드차양막,1
17000,공장,예비군무기고,1
19000,위험물저장및처리시설,유류저장조,1
20000,자동차관련시설,자동차정비검차장,1
02000,공동주택,입주민,1
03000,제1종근린생활시설,농산물보관저온창고,1
06000,종교시설,저온저장실,1
04000,제2종근린생활시설,생및농가주택,1
17000,공장,변소및샤워실,1
13000,운동시설,탈의실등,1
05000,문화및집회시설,청학루,1
03000,제1종근린생활시설,분기주사,1
21000,동물및식물관련시설,비육,1
10000,교육연구시설,근린생활시설및단독주택,1
,,전시장및창고,1
23000,교정및군사시설,기타,1
19000,위험물저장및처리시설,석유판매취급소사무실,1
03000,제1종근린생활시설,기차문화관,1
17000,공장,공동편의시설,1
03000,제1종근린생활시설,전시홍보관,1
,,저온저장창고,1
,,배쳐플랜트,1
20000,자동차관련시설,자동차관련시설세차장,1
17000,공장,안고양리,1
09000,의료시설,1호정,1
03000,제1종근린생활시설,농약판매시설,1
02000,공동주택,커뮤니티1,1
04000,제2종근린생활시설,부속출입문,1
17000,공장,숙소등,1
06000,종교시설,근린생활시설문화및,1
02000,공동주택,공원독신료,1
31000,야영장시설,제1종근생,1
08000,운수시설,지하철,1
20000,자동차관련시설,따른,1
19000,위험물저장및처리시설,충전소1,1
,,상포,1
27000,관광휴게시설,괴도정유장,1
17000,공장,공해방지실,1
21000,동물및식물관련시설,달팽이사육사,1
07000,판매시설,쓰레기중간처리장,1
04000,제2종근린생활시설,일성농원,1
30000,자원순환관련시설,오니탈수기동약품투입실,1
03000,제1종근린생활시설,의원병실,1
03000,제1종근린생활시설,건축자재야적장,1
18000,창고시설,마을공동간이집하장,1
07000,판매시설,건해물위판장,1
03000,제1종근린생활시설,온수탱크실,1
04000,제2종근린생활시설,농기구수리점포,1
14000,업무시설,저장탱크,1
17000,공장,정방실,1
19000,위험물저장및처리시설,점포및위험물취급소,1
02000,공동주택,주민카페테리아등,1
07000,판매시설,휴게시설,1
17000,공장,현관홀,1
22000,분뇨.쓰레기처리시설,관련,1
01000,단독주택,1994주거환경개선사업융자주택,1
04000,제2종근린생활시설,암벽등반시설,1
,,토산품판매점,1
,,해태처리장,1
10000,교육연구시설,5실험동,1
10000,교육연구시설,부37동,1
,,동력동,1
17000,공장,폐석고기계실,1
23000,교정및군사시설,주거,1
17000,공장,절삭유저장고,1
09000,의료시설,유류판매소,1
19000,위험물저장및처리시설,위험물제품창고,1
19000,위험물저장및처리시설,지하수펌프실,1
08000,운수시설,방열저장창고,1
,,산업용창고,1
21000,동물및식물관련시설,왕겨발효계사,1
,,월현2,1
04000,제2종근린생활시설,금융업소점포다과점,1
11000,노유자시설,북구,1
19000,위험물저장및처리시설,용기보관저장소,1
17000,공장,농수산물가공포장공장,1
07000,판매시설,관제실,1
04000,제2종근린생활시설,일반음식잠,1
07000,판매시설,매점동,1
01000,단독주택,화자실,1
19000,위험물저장및처리시설,중화실,1
03000,제1종근린생활시설,다과실,1
13000,운동시설,장애인체육센터,1
11000,노유자시설,근리생활시설,1
,,단감선별장,1
05000,문화및집회시설,학습장,1
30000,자원순환관련시설,인처리실,1
18000,창고시설,농산물가공처리업소,1
17000,공장,24299,1
02000,공동주택,공중변소3,1
17000,공장,프로젝트창고,1
03000,제1종근린생활시설,부억,1
17000,공장,적산계기,1
02000,공동주택,아파트및체육시설,1
02000,공동주택,주차장12,1
02000,공동주택,페기물보관시설,1
02000,공동주택,연립주택단지부속상가,1
30000,자원순환관련시설,집하시설,1
02000,공동주택,피트,1
02000,공동주택,주차장및입주자회의실,1
02000,공동주택,다함께돌봄활동실,1
17000,공장,분석기실10,1
17000,공장,생산연구동,1
17000,공장,세척조,1
15000,숙박시설,2건,1
10000,교육연구시설,자동차관리실습장,1
21000,동물및식물관련시설,출하사무소,1
02000,공동주택,보육시설2,1
02000,공동주택,주민자율공동시설,1
02000,공동주택,관리사무소및주차장,1
02000,공동주택,시장점포아파트,1
19000,위험물저장및처리시설,자동차부속상,1
04000,제2종근린생활시설,염소가공소,1
02000,공동주택,회의실겸경노당,1
05000,문화및집회시설,건원릉정자각,1
14000,업무시설,주차장관련시설,1
02000,공동주택,커뮤니티팜,1
02000,공동주택,맘스테이션2,1
14000,업무시설,장난감제조업,1
02000,공동주택,다세대주택제1종근린생활시설,1
02000,공동주택,해주그린아파트,1
10000,교육연구시설,제3교육관,1
18000,창고시설,연면적,1
02000,공동주택,코디네이터실,1
30000,자원순환관련시설,게이트볼장,1
30000,자원순환관련시설,유수분리처리시설,1
02000,공동주택,공구대여소,1
18000,창고시설,유기물관리사,1
17000,공장,wcf실,1
18000,창고시설,농산물유통,1
17000,공장,육상및어린이놀이터용장비제조업,1
02000,공동주택,연립주택지하실,1
02000,공동주택,점포및연립주택,1
05000,문화및집회시설,향제,1
04000,제2종근린생활시설,장의사차고지,1
04000,제2종근린생활시설,가정용전열기기제조업,1
Z3000,근린생활시설,천천지서,1
22000,분뇨.쓰레기처리시설,선별장휴게시설,1
04000,제2종근린생활시설,특산물,1
15000,숙박시설,23실,1
02000,공동주택,부대시설및복리시설,1
21000,동물및식물관련시설,종자계량실,1
02000,공동주택,분기숙사,1
01000,단독주택,감자저장고및보일러실,1
19000,위험물저장및처리시설,터널세차장,1
19000,위험물저장및처리시설,주유장,1
03000,제1종근린생활시설,공공용사무소,1
04000,제2종근린생활시설,주택점포사무실,1
02000,공동주택,환경감시단차고,1
17000,공장,tpv제조공장,1
11000,노유자시설,사회복지서설,1
18000,창고시설,임대용,1
03000,제1종근린생활시설,새마을학교합숙소,1
02000,공동주택,지하소각장,1
02000,공동주택,제1종근린생활시설및공동주택및업무시설,1
02000,공동주택,방화지구,1
02000,공동주택,주차장5,1
02000,공동주택,공동주택및노유자시설,1
02000,공동주택,생활활편익시설,1
02000,공동주택,복지시설동,1
02000,공동주택,커뮤니티실2,1
07000,판매시설,농기계수리점,1
17000,공장,오뎅제조,1
02000,공동주택,목욕실,1
02000,공동주택,1m2,1
18000,창고시설,육류저장고,1
02000,공동주택,쉐어커뮤니티룸,1
21000,동물및식물관련시설,비글사육실,1
17000,공장,동력조정실,1
02000,공동주택,폐기물보관장지붕,1
04000,제2종근린생활시설,부동산중개및,1
17000,공장,수분계실,1
18000,창고시설,근린공동시설,1
03000,제1종근린생활시설,운동기구비가림,1
30000,자원순환관련시설,자연환경순환시설,1
03000,제1종근린생활시설,수색동,1
02000,공동주택,경로당펌프실,1
01000,단독주택,된장,1
21000,동물및식물관련시설,화훼예냉시설,1
02000,공동주택,맘스스테이션2,1
20000,자동차관련시설,소매장,1
12000,수련시설,강의,1
15000,숙박시설,122호,1
17000,공장,절단기실,1
18000,창고시설,분소,1
17000,공장,송품실,1
02000,공동주택,휘트니스쎈터,1
02000,공동주택,외국인기숙사,1
17000,공장,제13분석기실,1
02000,공동주택,다세대주택및근린시설,1
20000,자동차관련시설,종합건설기계정비업,1
02000,공동주택,무인택배하우스2,1
01000,단독주택,단주,1
02000,공동주택,근린시설및주택,1
17000,공장,주입실,1
30000,자원순환관련시설,탈수케익장,1
04000,제2종근린생활시설,고입계학원,1
21000,동물및식물관련시설,산실,1
30000,자원순환관련시설,옥외저장소,1
27000,관광휴게시설,잡화부스,1
10000,교육연구시설,세면장및,1
30000,자원순환관련시설,휴게시설동,1
06000,종교시설,안심당,1
17000,공장,표준가스실,1
01000,단독주택,58,1
20000,자동차관련시설,자동차관련시,1
04000,제2종근린생활시설,유람선관리사,1
24000,방송통신시설,방송송신시설,1
01000,단독주택,슁글,1
,,휴게음식점,1
03000,제1종근린생활시설,비철금속류,1
17000,공장,벨트컨베이어2,1
03000,제1종근린생활시설,수산물판매시설,1
16000,위락시설,1종,1
21000,동물및식물관련시설,사란,1
Z8000,교육연구및복지시설,3동,1
17000,공장,소방교육장,1
04000,제2종근린생활시설,축산물가공업,1
01000,단독주택,방송실,1
17000,공장,3호,1
03000,제1종근린생활시설,외부계단,1
13000,운동시설,도계실내체육관,1
18000,창고시설,수예실,1
19000,위험물저장및처리시설,주유래,1
01000,단독주택,대왕절,1
03000,제1종근린생활시설,제3,1
01000,단독주택,판매업소,1
01000,단독주택,건조물,1
17000,공장,석재가동,1
06000,종교시설,신선각,1
Z3000,근린생활시설,r,1
21000,동물및식물관련시설,방역실및액상급이실,1
04000,제2종근린생활시설,방송,1
02000,공동주택,705동위치,1
04000,제2종근린생활시설,첨단산업공장,1
01000,단독주택,생활편익시설,1
04000,제2종근린생활시설,노인시설,1
07000,판매시설,전자제품판매점,1
19000,위험물저장및처리시설,주유소취급사무실,1
17000,공장,봉제제조,1
19000,위험물저장및처리시설,가스봄베실,1
01000,단독주택,95정부생활권융자대상,1
21000,동물및식물관련시설,17,1
,,설래마을회관,1
,,안전등실,1
17000,공장,안전시설물,1
06000,종교시설,준비실,1
19000,위험물저장및처리시설,위엄물처리시설,1
18000,창고시설,미등기,1
21000,동물및식물관련시설,콩나물재배장,1
,,상수도취수장,1
17000,공장,알파곡분처리장,1
03000,제1종근린생활시설,오니탈수,1
19000,위험물저장및처리시설,기계실동,1
19000,위험물저장및처리시설,가스저장및처리시설,1
15000,숙박시설,부속보일러실,1
04000,제2종근린생활시설,콩나물,1
26000,묘지관련시설,납골실,1
01000,단독주택,노유자시설및제2종근린생활시설,1
03000,제1종근린생활시설,관광호텔부대시설,1
17000,공장,약품보관장,1
02000,공동주택,스포츠샵,1
18000,창고시설,잡유보관,1
11000,노유자시설,교육연구빛복지시설,1
17000,공장,고장,1
21000,동물및식물관련시설,간이취사장,1
22000,분뇨.쓰레기처리시설,광산폐수정수처리보호실,1
21000,동물및식물관련시설,난재배,1
10000,교육연구시설,제1존근린생활시설,1
21000,동물및식물관련시설,축분발효퇴비처리장,1
18000,창고시설,도시형제조업,1
20000,자동차관련시설,사육사,1
22000,분뇨.쓰레기처리시설,가축분뇨재활용시설,1
14000,업무시설,시멘트싸이로,1
17000,공장,스라그냉각장,1
03000,제1종근린생활시설,용운,1
01000,단독주택,단독평다가구,1
17000,공장,배합창고,1
22000,분뇨.쓰레기처리시설,혼합파쇄선별처리동,1
27000,관광휴게시설,온천장,1
21000,동물및식물관련시설,사과저장고,1
17000,공장,스래그창고,1
07000,판매시설,농산물유통센터,1
21000,동물및식물관련시설,저온창고및탈병장,1
03000,제1종근린생활시설,당진상수도,1
19000,위험물저장및처리시설,액화가스석유판매소,1
18000,창고시설,쎈타,1
04000,제2종근린생활시설,45실,1
20000,자동차관련시설,자동차수리센타,1
17000,공장,gas저장실,1
22000,분뇨.쓰레기처리시설,창고및폐수처리장,1
17000,공장,c1801a,1
20000,자동차관련시설,자동차판매점,1
22000,분뇨.쓰레기처리시설,관리시설동,1
17000,공장,5소방밸브실,1
22000,분뇨.쓰레기처리시설,폐유리병중간처리시설,1
01000,단독주택,민박주택,1
22000,분뇨.쓰레기처리시설,폐기물처리탱크실,1
10000,교육연구시설,교육지원시설,1
02000,공동주택,원룸형다세대주택16세대,1
02000,공동주택,kid,1
27000,관광휴게시설,남한산성종각,1
10000,교육연구시설,경비실및생활폐기물보관소,1
02000,공동주택,연립주택공동변소,1
22000,분뇨.쓰레기처리시설,도장폐수및원수처리장,1
02000,공동주택,pcs실,1
22000,분뇨.쓰레기처리시설,여과조,1
03000,제1종근린생활시설,2세대다가구,1
07000,판매시설,온실,1
01000,단독주택,영업소부,1
04200,종교집회장,유치원,1
17000,공장,믹사실,1
19000,위험물저장및처리시설,heat,1
02000,공동주택,마을공판장,1
17000,공장,에어콤프레서쉘타,1
18000,창고시설,농촌주거환경개선사업,1
17000,공장,후생복리설,1
03000,제1종근린생활시설,조립,1
24000,방송통신시설,대형,1
02000,공동주택,교수회관,1
21000,동물및식물관련시설,분뇨집하장,1
02000,공동주택,도민회사무실,1
21000,동물및식물관련시설,제3겨사,1
10000,교육연구시설,학술연구용,1
03000,제1종근린생활시설,야외교육장,1
21000,동물및식물관련시설,표준설계도이용,1
05000,문화및집회시설,방앗간채,1
01000,단독주택,1호건물주택,1
10000,교육연구시설,설비동,1
21000,동물및식물관련시설,우사장비보관,1
04000,제2종근린생활시설,숙박시설및,1
09000,의료시설,의교시설,1
03000,제1종근린생활시설,응용장치제조업,1
03000,제1종근린생활시설,가설점포,1
14000,업무시설,66실,1
17000,공장,gis실,1
20000,자동차관련시설,자동차매매시설,1
22000,분뇨.쓰레기처리시설,오수펌프장관리사,1
21000,동물및식물관련시설,종묘배양작업장,1
17000,공장,부대시시설,1
28000,가설건축물,경비동,1
20000,자동차관련시설,차량계근실,1
18000,창고시설,단무지공장,1
04000,제2종근린생활시설,관리실및근린생활시설,1
22000,분뇨.쓰레기처리시설,고도처리시설,1
05000,문화및집회시설,직원숙소,1
15000,숙박시설,42실,1
19000,위험물저장및처리시설,수처리시설,1
17000,공장,시설재창고,1
11000,노유자시설,예능계학원,1
22000,분뇨.쓰레기처리시설,고체폐기물창고,1
,,분만사,1
10000,교육연구시설,지하주차장동,1
10000,교육연구시설,농대둔산,1
22000,분뇨.쓰레기처리시설,대기분뇨차량동,1
07000,판매시설,제2종근린생활시설외,1
17000,공장,유틸리티룸,1
01000,단독주택,동물미용실,1
18000,창고시설,365코너,1
18000,창고시설,cab,1
17000,공장,기술개발실,1
14000,업무시설,수리공장,1
05000,문화및집회시설,심씨종중,1
22000,분뇨.쓰레기처리시설,수처리동상옥,1
04000,제2종근린생활시설,해사관련업무시설,1
17000,공장,유량,1
20000,자동차관련시설,주차차양대,1
01000,단독주택,융자분,1
05000,문화및집회시설,좌익랑,1
Z5000,문화및집회시설,재당,1
06000,종교시설,아동관련,1
20000,자동차관련시설,밧자타워,1
01000,단독주택,창고등,1
02000,공동주택,마을흔적,1
02000,공동주택,빗물저류저,1
02000,공동주택,조산소,1
19000,위험물저장및처리시설,독극물창고,1
17000,공장,골드빈,1
10000,교육연구시설,제2학생회관,1
17000,공장,파레트세척실,1
,,후생복리시설,1
02000,공동주택,현관로비,1
02000,공동주택,통합감시실,1
03000,제1종근린생활시설,다목적회의실,1
18000,창고시설,분류되지않는,1
23000,교정및군사시설,56,1
22000,분뇨.쓰레기처리시설,퇴비발효장,1
02000,공동주택,4실,1
02000,공동주택,복합커뮤니티룸,1
17000,공장,활성탄투입실,1
17000,공장,엔진공장남측캐노피3,1
11000,노유자시설,노인복지서설,1
01000,단독주택,식물관련,1
06000,종교시설,방장실,1
22000,분뇨.쓰레기처리시설,화장실및창고,1
03000,제1종근린생활시설,고가수조,1
03000,제1종근린생활시설,상수도주택,1
11000,노유자시설,장애인보호작업장식당,1
15000,숙박시설,14호,1
03000,제1종근린생활시설,자동차관련시설및근린생활시설,1
03000,제1종근린생활시설,농업용간이급수장,1
03000,제1종근린생활시설,마을회관구판장,1
03000,제1종근린생활시설,수질측정실,1
21000,동물및식물관련시설,돈분야적장,1
05000,문화및집회시설,생가안채,1
04000,제2종근린생활시설,기계공작소,1
03000,제1종근린생활시설,농가용회관,1
03000,제1종근린생활시설,1종그린생활시설,1
03000,제1종근린생활시설,농민편익시설,1
11000,노유자시설,부락회관,1
03000,제1종근린생활시설,지역특산물가공판매장,1
,,임검초소,1
01000,단독주택,화물용리프트,1
17000,공장,콘크리트제품제조업,1
19000,위험물저장및처리시설,위험,1
03000,제1종근린생활시설,읍파,1
03000,제1종근린생활시설,낙도경찰관숙소,1
06000,종교시설,기방,1
17000,공장,183번,1
02000,공동주택,지하부대복리시설,1
04000,제2종근린생활시설,자동교환정리,1
03000,제1종근린생활시설,부속실제2호,1
11000,노유자시설,쓰레기분리수거장,1
03000,제1종근린생활시설,영업소외1건,1
04000,제2종근린생활시설,기타연구시설,1
03000,제1종근린생활시설,점포및의원사무실,1
03000,제1종근린생활시설,과일선별장,1
07000,판매시설,일반공장,1
03000,제1종근린생활시설,착유실,1
03000,제1종근린생활시설,경로당건강관리실,1
03000,제1종근린생활시설,민원인화장실,1
03000,제1종근린생활시설,디딜방아,1
17000,공장,30391,1
03000,제1종근린생활시설,저유조,1
03000,제1종근린생활시설,용일파출소,1
03000,제1종근린생활시설,공동농업생산시설,1
11000,노유자시설,택배보관함,1
03000,제1종근린생활시설,석유판매시설,1
17000,공장,우레탄저장소,1
01000,단독주택,기타제1종근린생활시설,1
04000,제2종근린생활시설,석재가공,1
03000,제1종근린생활시설,레카사무실,1
21000,동물및식물관련시설,관리시,1
01000,단독주택,시설및주택,1
03000,제1종근린생활시설,수질계측기실,1
21000,동물및식물관련시설,기자재보관창고,1
11000,노유자시설,청소원샤워장,1
03000,제1종근린생활시설,해태위판장,1
04000,제2종근린생활시설,저한당,1
03000,제1종근린생활시설,우형실,1
03000,제1종근린생활시설,철근콘크리트구조,1
11000,노유자시설,교육연구및복지지시설,1
02000,공동주택,제2종근린생화시설,1
09000,의료시설,교육원,1
11000,노유자시설,수양관,1
03000,제1종근린생활시설,제2종근린생활시설및창고시설,1
03000,제1종근린생활시설,파출수,1
04000,제2종근린생활시설,은곡사우,1
01000,단독주택,산선각,1
01000,단독주택,양묘사,1
03000,제1종근린생활시설,이씨제각,1
03000,제1종근린생활시설,제1종일반근린생활시설,1
03000,제1종근린생활시설,콤무레셔실,1
03000,제1종근린생활시설,쌍암양수장,1
03000,제1종근린생활시설,점포및영업소,1
03000,제1종근린생활시설,우천상수도경비초소,1
03000,제1종근린생활시설,농산물직매장,1
03000,제1종근린생활시설,동사무소청사,1
03000,제1종근린생활시설,제1종근린생활시섯ㄹ,1
03000,제1종근린생활시설,의용소방복지회관,1
03000,제1종근린생활시설,길천부락회관,1
14000,업무시설,도시형원룸,1
01000,단독주택,다가구14주택,1
03000,제1종근린생활시설,근린생활시설및교육연구및복지시설,1
03000,제1종근린생활시설,근린생활시설및주택및숙박시설,1
03000,제1종근린생활시설,제1종근린생활시설지하차도관리사무소,1
04000,제2종근린생활시설,위생저포장실,1
03000,제1종근린생활시설,배터리동,1
03000,제1종근린생활시설,전신전화교환장치,1
18000,창고시설,제5호,1
27000,관광휴게시설,정문매표소,1
,,면청사,1
01000,단독주택,농촌주거환경대상,1
11000,노유자시설,생활실,1
17000,공장,screen,1
24000,방송통신시설,자동전화기계실,1
17000,공장,곤도라적치장,1
17000,공장,기계실및경비실,1
03000,제1종근린생활시설,스탠드바,1
03000,제1종근린생활시설,마을회관공동시설,1
17000,공장,대기실및샤워실,1
03000,제1종근린생활시설,즉석제조업,1
06000,종교시설,학습실,1
24000,방송통신시설,교환접선장치,1
17000,공장,잣가공시설,1
13000,운동시설,레이크,1
18000,창고시설,w9,1
04000,제2종근린생활시설,영업용및,1
10000,교육연구시설,1호동,1
01000,단독주택,운송부대시설,1
18000,창고시설,농산물건조장및창고,1
17000,공장,냉각수실,1
17000,공장,200,1
03000,제1종근린생활시설,176,1
17000,공장,촉매저장소,1
04000,제2종근린생활시설,다가용단독주택,1
20000,자동차관련시설,건설기계운전학원,1
24000,방송통신시설,이동전화무인통신중계소,1
06000,종교시설,전도관및사택,1
02000,공동주택,근생시설및,1
02000,공동주택,헬로라운지,1
02000,공동주택,아파트공용,1
02000,공동주택,급기,1
Z3000,근린생활시설,탄약고,1
Z3000,근린생활시설,공중목욕장,1
17000,공장,콜트랜스포트,1
03000,제1종근린생활시설,청소년수련장,1
03000,제1종근린생활시설,고가물탱크,1
04000,제2종근린생활시설,304동,1
04000,제2종근린생활시설,오토바이,1
02000,공동주택,도시형단지다세대주택,1
04000,제2종근린생활시설,옥상탑,1
06000,종교시설,참선방,1
25000,발전시설,윤활유저장고,1
18000,창고시설,수산물저온보관창고,1
01000,단독주택,농업용편의시설,1
17000,공장,박막공장,1
04000,제2종근린생활시설,2종근린생화리설,1
18000,창고시설,과자제조소,1
03000,제1종근린생활시설,전기기기제조업,1
17000,공장,기업입주공간,1
03000,제1종근린생활시설,농산물건조,1
17000,공장,비알코성,1
17000,공장,세카실,1
24000,방송통신시설,기계실및발전실,1
01000,단독주택,농가주택1가구,1
04000,제2종근린생활시설,경비원,1
01000,단독주택,위생시설,1
04000,제2종근린생활시설,국악연습실,1
14000,업무시설,통행료징수시설,1
11000,노유자시설,공원관리사무실,1
03000,제1종근린생활시설,사슴사육사,1
03000,제1종근린생활시설,여객선터미날,1
04000,제2종근린생활시설,증축2층,1
21000,동물및식물관련시설,생약건조장,1
05000,문화및집회시설,기타공용,1
04000,제2종근린생활시설,램프,1
03000,제1종근린생활시설,공공기관,1
02000,공동주택,청년특화,1
18000,창고시설,선구점창고,1
02000,공동주택,주거부대시설,1
02000,공동주택,인터넷컴퓨터게임시설제공업의시설,1
03000,제1종근린생활시설,경찰서지구대,1
02000,공동주택,일반음식점및주택,1
02000,공동주택,주민편의시설및복리시설,1
17000,공장,탈피장,1
17000,공장,petro,1
17000,공장,coke,1
27000,관광휴게시설,저류조,1
02000,공동주택,실외기설치공간,1
03000,제1종근린생활시설,반송동,1
30000,자원순환관련시설,철근콘크리트구조,1
10000,교육연구시설,청소년문화의집,1
17000,공장,klin,1
01000,단독주택,양곡소매,1
17000,공장,금속기구제조업,1
01000,단독주택,소매점주택,1
04000,제2종근린생활시설,다세대주택1,1
17000,공장,controlroom,1
17000,공장,시작시험동,1
02000,공동주택,정문안내소,1
21000,동물및식물관련시설,저수지,1
02000,공동주택,주거공용코어,1
02000,공동주택,연립주텍,1
02000,공동주택,운전사관사,1
30000,자원순환관련시설,소규모공공하수처리시설,1
02000,공동주택,11개조사원숙소,1
17000,공장,엔진연구동연료고,1
26000,묘지관련시설,봉안탑,1
17000,공장,염소저장소,1
18000,창고시설,엔시레지,1
27000,관광휴게시설,작업장,1
26000,묘지관련시설,홍보관,1
21000,동물및식물관련시설,종묘배양소,1
01000,단독주택,1980,1
13000,운동시설,이용실,1
25000,발전시설,tt07,1
17000,공장,0a1,1
03000,제1종근린생활시설,업,1
06000,종교시설,믄화및집회시설,1
30000,자원순환관련시설,피라미드광장천창,1
14000,업무시설,관리계단실,1
02000,공동주택,유치원등,1
02000,공동주택,다목적커뮤니티홀,1
02000,공동주택,근린생생활시설,1
02000,공동주택,dc,1
02000,공동주택,게트스하우스,1
02000,공동주택,생활복지관,1
02000,공동주택,옥외계단엘리베이터,1
02000,공동주택,스마트워크센터,1
02000,공동주택,누드엘리베이터,1
02000,공동주택,커먼테라스,1
02000,공동주택,어린이풀장기계실,1
17000,공장,901,1
02000,공동주택,51세대,1
02000,공동주택,지상통로,1
05000,문화및집회시설,종중회관,1
17000,공장,receiver보온작업장,1
30000,자원순환관련시설,체험학습및사무실,1
07000,판매시설,입항창고,1
17000,공장,셔츠작업복,1
18000,창고시설,92,1
17000,공장,컴프레샤룸1,1
04000,제2종근린생활시설,제조업소제2종근린생활시설,1
25000,발전시설,tt05,1
04000,제2종근린생활시설,하수처리장,1
18000,창고시설,반춤실,1
02000,공동주택,계절용품창고,1
02000,공동주택,폐기물재활용창고,1
01000,단독주택,봉재공장,1
06000,종교시설,국사2당,1
24000,방송통신시설,화부실,1
02000,공동주택,근린판매시설,1
17000,공장,정보기기모니터공장,1
27000,관광휴게시설,냉동창고보관소,1
18000,창고시설,도로관리사업시설,1
11000,노유자시설,5층,1
15000,숙박시설,하숙옥,1
02000,공동주택,새싹정거장,1
04000,제2종근린생활시설,목제품,1
23000,교정및군사시설,오물소각장,1
19000,위험물저장및처리시설,위험물저장및처리시설외2종,1
19000,위험물저장및처리시설,가스공급설비시설,1
04000,제2종근린생활시설,일부근린생활시설,1
Z8000,교육연구및복지시설,연립사택,1
19000,위험물저장및처리시설,주유소및부대시설,1
04000,제2종근린생활시설,사설상습소,1
14000,업무시설,객화자주태,1
18000,창고시설,의약품창고,1
14000,업무시설,a동,1
Z3000,근린생활시설,실습실,1
01000,단독주택,농기계수리시설창고,1
19000,위험물저장및처리시설,세차시설캐노피,1
01000,단독주택,이재일,1
,,곡물저장소,1
19000,위험물저장및처리시설,급유펌프실,1
02000,공동주택,의류제조장,1
17000,공장,구조용금속관련품제조,1
04000,제2종근린생활시설,근린생활시설제조업,1
03000,제1종근린생활시설,남한산성관리사무소,1
04000,제2종근린생활시설,근린업무시설,1
01000,단독주택,경정비사무실,1
,,식품제조장,1
17000,공장,40,1
17000,공장,옥외폐기물처리장,1
21000,동물및식물관련시설,분무소독조,1
17000,공장,유흥주점,1
20000,자동차관련시설,체육관,1
10000,교육연구시설,피로티,1
07000,판매시설,급수실,1
27000,관광휴게시설,로보트카,1
02000,공동주택,라카룸,1
19000,위험물저장및처리시설,제5류위험물저장소,1
18000,창고시설,k,1
01000,단독주택,대종회의실,1
04000,제2종근린생활시설,요사채및,1
19000,위험물저장및처리시설,유료판매시설,1
19000,위험물저장및처리시설,위험물저장밀처리시설,1
15000,숙박시설,별관,1
02000,공동주택,미디어영화관,1
19000,위험물저장및처리시설,가스관련시설,1
04000,제2종근린생활시설,복지시설및,1
02000,공동주택,edu센터,1
17000,공장,소매시장,1
07000,판매시설,기타일반업무시설,1
27000,관광휴게시설,부속시설,1
05000,문화및집회시설,분리수거장,1
21000,동물및식물관련시설,싸이로트,1
07000,판매시설,도매시설,1
19000,위험물저장및처리시설,칩처리장,1
02000,공동주택,사무소6호,1
04000,제2종근린생활시설,근린생활시설7,1
19000,위험물저장및처리시설,액화석유가스판매사업저장고,1
17000,공장,옵셋인쇄,1
17000,공장,음향기기제조,1
10000,교육연구시설,태권도연습실,1
02000,공동주택,다세대및근,1
03000,제1종근린생활시설,국,1
27000,관광휴게시설,감시탑,1
05000,문화및집회시설,업무용시설,1
07000,판매시설,시멘트유통시설,1
17000,공장,평가장,1
17000,공장,냉동기기실,1
17000,공장,훈련원,1
17000,공장,제조업공장,1
17000,공장,부속변소,1
08000,운수시설,위락시설,1
Z9000,공공용시설,전화국원격조정장치기계실,1
01000,단독주택,학습관,1
05000,문화및집회시설,몽골체험장,1
03000,제1종근린생활시설,국궁체험시설,1
01000,단독주택,ㅁ자집,1
08000,운수시설,세척기제어실,1
17000,공장,테스트베드,1
04000,제2종근린생활시설,당류,1
01000,단독주택,화장실및세면장,1
18000,창고시설,목부사,1
21000,동물및식물관련시설,건조식발효시설,1
17000,공장,일산화탄소,1
01000,단독주택,휴게실및보일러실,1
25000,발전시설,태양열,1
01000,단독주택,주택및저장고,1
18000,창고시설,촉매처리창고,1
21000,동물및식물관련시설,버섯장,1
01000,단독주택,숭보당,1
14000,업무시설,기존,1
03000,제1종근린생활시설,마을공동생활관,1
04000,제2종근린생활시설,오피스텔2호,1
21000,동물및식물관련시설,육성마사,1
21000,동물및식물관련시설,진료소및장제소,1
01000,단독주택,태사묘우,1
21000,동물및식물관련시설,사료창소,1
10000,교육연구시설,실습공장,1
18000,창고시설,소유자등록,1
17000,공장,축전기,1
04000,제2종근린생활시설,금융,1
01000,단독주택,자수업,1
17000,공장,식당겸,1
18000,창고시설,가공소,1
18000,창고시설,농산물처리실,1
01000,단독주택,변호,1
05000,문화및집회시설,강의소,1
Z9000,공공용시설,내무반,1
02000,공동주택,분리수거용기,1
18000,창고시설,세척,1
14000,업무시설,30호및도시형생활주택단지형다세대주택,1
10000,교육연구시설,middot,1
10000,교육연구시설,기계창고,1
10000,교육연구시설,사무동,1
04000,제2종근린생활시설,근린공공업무시설,1
08000,운수시설,토목장비주차장,1
01000,단독주택,수영장비가림,1
04000,제2종근린생활시설,108,1
10000,교육연구시설,주자창,1
01000,단독주택,근린시설점포,1
01000,단독주택,사무과장,1
02000,공동주택,806,1
04000,제2종근린생활시설,교육및연구복지시설,1
17000,공장,우레탄공장,1
12000,수련시설,교육연구및수련시설,1
15000,숙박시설,업무시설제2종근린생활시설,1
10000,교육연구시설,지열실,1
18000,창고시설,생산창고,1
10000,교육연구시설,신화학관,1
18000,창고시설,경노복지회관,1
10000,교육연구시설,창고및숙직실,1
12000,수련시설,공동취사장,1
10000,교육연구시설,중고등학교,1
04000,제2종근린생활시설,양조공장,1
10000,교육연구시설,세탁소,1
10000,교육연구시설,07,1
05000,문화및집회시설,제품창고,1
09000,의료시설,오수처리장,1
10000,교육연구시설,골프장기계실,1
02000,공동주택,외부계단및외부elev,1
10000,교육연구시설,공정육묘장,1
18000,창고시설,제설자재보관소,1
10000,교육연구시설,전기과실습실,1
30000,자원순환관련시설,자재창고,1
10000,교육연구시설,합동교과교실동,1
10000,교육연구시설,제1종근린생활시시러,1
10000,교육연구시설,수리모형실험전용수조,1
03000,제1종근린생활시설,산촌문화관,1
,,소독실,1
02000,공동주택,단지형다세대20세대,1
10000,교육연구시설,분재학습실,1
21000,동물및식물관련시설,뇨저장조,1
Z3000,근린생활시설,노인당,1
10000,교육연구시설,견사,1
24000,방송통신시설,운영동,1
09000,의료시설,프로그램실,1
08000,운수시설,정기검수원처소,1
17000,공장,농기계부품생산공장,1
17000,공장,합성고무,1
12000,수련시설,식기세척실,1
10000,교육연구시설,음수대차양,1
12000,수련시설,청고년수련시설,1
17000,공장,utility실,1
24000,방송통신시설,무인t,1
18000,창고시설,벼건조및저장,1
10000,교육연구시설,기능영재실,1
10000,교육연구시설,민족관,1
10000,교육연구시설,음악관보일러실,1
10000,교육연구시설,별동화장실,1
17000,공장,진개장,1
10000,교육연구시설,모타실,1
06000,종교시설,수퍼마겉,1
10000,교육연구시설,매점및목공실,1
10000,교육연구시설,제2의학관,1
10000,교육연구시설,취사장및욕장,1
17000,공장,시멘트유통시설,1
01000,단독주택,한춘택,1
10000,교육연구시설,행정관리동,1
10000,교육연구시설,골프연승장,1
,,기자재보관창고,1
Z6000,판매및영업시설,은행,1
09000,의료시설,부속정자,1
18000,창고시설,농산물유통저온창고,1
04000,제2종근린생활시설,봉제실,1
21000,동물및식물관련시설,한우퇴비사,1
10000,교육연구시설,그라인더실,1
09000,의료시설,화장장,1
11000,노유자시설,심신장애자시설,1
17000,공장,필터링실,1
17000,공장,촉매충진설비동,1
07000,판매시설,가구도매센타,1
05000,문화및집회시설,사격,1
03101,동사무소,동사,1
02000,공동주택,유아실내체육시설,1
03000,제1종근린생활시설,위험물판매취급,1
Z8000,교육연구및복지시설,한문학원,1
04000,제2종근린생활시설,법당및,1
18000,창고시설,63,1
08000,운수시설,배수처리시설,1
01000,단독주택,서예교습소,1
12000,수련시설,너와집,1
11000,노유자시설,야간노인학교,1
Z9000,공공용시설,슬러지펌프계단실,1
10000,교육연구시설,식량작물연구소,1
04000,제2종근린생활시설,제1종근린생활설,1
04000,제2종근린생활시설,간이tvr중계소,1
09000,의료시설,오수처리실,1
11000,노유자시설,난민수용소,1
10000,교육연구시설,학회실,1
08000,운수시설,금융업소,1
17000,공장,순수제조장치,1
10000,교육연구시설,여자화장실,1
09000,의료시설,가바나실,1
17000,공장,건강식품제조업,1
10000,교육연구시설,차고동,1
17000,공장,38334,1
10000,교육연구시설,옥외변소,1
17000,공장,합판및나무제품제조업,1
22000,분뇨.쓰레기처리시설,적환시설등,1
10000,교육연구시설,운동연습장,1
02000,공동주택,76,1
10000,교육연구시설,급수장및펌프실,1
17000,공장,소화펌프및전기실,1
17000,공장,공장및부속용도,1
03000,제1종근린생활시설,효지리새마을회관,1
01000,단독주택,여,1
17000,공장,아스팔트가입제품제조장,1
17000,공장,통합조정동,1
17000,공장,식품개발연구소,1
04000,제2종근린생활시설,조직,1
19000,위험물저장및처리시설,화약화공품고,1
17000,공장,시험연구센터,1
14000,업무시설,46개호,1
17000,공장,농산물품제조가공공장,1
17000,공장,완성차통제소,1
17000,공장,생기연스크랩보관장,1
03000,제1종근린생활시설,공중목욕탕시설,1
17000,공장,벨트컨베이어1,1
17000,공장,콤프룸,1
17000,공장,직원숙사,1
01000,단독주택,자동차타이어수리소,1
02000,공동주택,제가노인복지시설,1
22000,분뇨.쓰레기처리시설,약품슬러지,1
04000,제2종근린생활시설,사료생산기계시설,1
04000,제2종근린생활시설,식품제조업공장,1
04000,제2종근린생활시설,제2종근린생화리,1
04000,제2종근린생활시설,청자제작실,1
17000,공장,1902a,1
21000,동물및식물관련시설,견사및창고,1
06000,종교시설,임경업장군비각,1
17000,공장,문제작,1
04000,제2종근린생활시설,재제소및주택,1
04000,제2종근린생활시설,3급부분정비업,1
04000,제2종근린생활시설,어업생산시설,1
04000,제2종근린생활시설,제품보관,1
17000,공장,맥아공장1차,1
03000,제1종근린생활시설,판매시장,1
04000,제2종근린생활시설,휴게소및일반음식점,1
10000,교육연구시설,북문,1
04000,제2종근린생활시설,등운각,1
14000,업무시설,471호,1
04000,제2종근린생활시설,농촌체험학습관,1
04000,제2종근린생활시설,야적장사무소,1
04000,제2종근린생활시설,개발제한구역관리초소,1
06000,종교시설,불교법당,1
04000,제2종근린생활시설,표고버섯관리사,1
04000,제2종근린생활시설,미곡도정처리장,1
04000,제2종근린생활시설,약초가공시설,1
01000,단독주택,지하저장소,1
15000,숙박시설,61실,1
10000,교육연구시설,기계공장,1
04000,제2종근린생활시설,자동차관련시설및근생및창고,1
04000,제2종근린생활시설,영암사,1
17000,공장,샤워및탈의실,1
,,광부사택,1
04000,제2종근린생활시설,사무실작업장,1
13000,운동시설,서든어택얼라이브대회장,1
06000,종교시설,영당,1
04000,제2종근린생활시설,종회각,1
04000,제2종근린생활시설,목재화물상자제조업,1
17000,공장,trt,1
06000,종교시설,성가정소성당,1
10000,교육연구시설,대학교부속휴게음식점,1
04000,제2종근린생활시설,사회복지관,1
14000,업무시설,오피스텔12실,1
02000,공동주택,114,1
04000,제2종근린생활시설,작읍장,1
04000,제2종근린생활시설,그늘막,1
05000,문화및집회시설,주출입구,1
21000,동물및식물관련시설,록사,1
06000,종교시설,외사문,1
04000,제2종근린생활시설,경비동,1
04000,제2종근린생활시설,근린생활시설사무실및연쇄점,1
04000,제2종근린생활시설,수산물의,1
04000,제2종근린생활시설,제2종근린생활시설및문화및집회시설,1
03000,제1종근린생활시설,동해면전담의용소방대사무소,1
06000,종교시설,부인회숙소관리,1
04000,제2종근린생활시설,부속화장실및음식점,1
04000,제2종근린생활시설,개인휴대전화기지국,1
04000,제2종근린생활시설,업무시설외3,1
21000,동물및식물관련시설,식물관련시설비사,1
04000,제2종근린생활시설,골프연습장부속건물,1
06000,종교시설,김치광,1
06000,종교시설,교육센터,1
09000,의료시설,집하장,1
04000,제2종근린생활시설,학습단체사무실,1
20000,자동차관련시설,제조업,1
04000,제2종근린생활시설,건재창고,1
17000,공장,냉장실하역장,1
11000,노유자시설,일반주택,1
17000,공장,공장장,1
10000,교육연구시설,농업공장실,1
02000,공동주택,제1종및2종근린생활시설,1
17000,공장,석공예가공공장,1
17000,공장,잔토처리장,1
21000,동물및식물관련시설,발효퇴비장및기자재창고,1
01000,단독주택,96주택개량지원대상자,1
03000,제1종근린생활시설,휴식공간,1
03000,제1종근린생활시설,가공판매시설,1
10000,교육연구시설,무료양로원,1
19000,위험물저장및처리시설,폐유보관소,1
17000,공장,숙소및식당,1
01000,단독주택,76년,1
17000,공장,원료공실,1
17000,공장,중합공정,1
17000,공장,67호동pump,1
03000,제1종근린생활시설,제면업,1
17000,공장,부품공장,1
16000,위락시설,사우,1
07000,판매시설,2동,1
02000,공동주택,206동진입,1
02000,공동주택,44x2개동,1
03000,제1종근린생활시설,지역공동체,1
05000,문화및집회시설,천례문,1
01000,단독주택,배관반실,1
01000,단독주택,방우사,1
19000,위험물저장및처리시설,자동자관련시설,1
10000,교육연구시설,체육관리실,1
23000,교정및군사시설,교정및행정시설,1
17000,공장,음향제조기기,1
04000,제2종근린생활시설,흑염소가공업,1
15000,숙박시설,102호,1
03000,제1종근린생활시설,배수장a,1
12000,수련시설,사격장,1
05000,문화및집회시설,명성황후생가,1
15000,숙박시설,숙박시설및2종근,1
,,관리사및창고,1
14000,업무시설,의사당,1
23000,교정및군사시설,교및군사시설,1
02000,공동주택,단지형다세대주택7세대,1
17000,공장,조립탑,1
03000,제1종근린생활시설,제1종및제2종린생활시설,1
17000,공장,믹서빌딩,1
17000,공장,스틸저장소,1
17000,공장,촉매로딩셀타,1
17000,공장,조차원대기실,1
17000,공장,15132,1
14000,업무시설,수영장,1
20000,자동차관련시설,연수원,1
03000,제1종근린생활시설,근린생활시러,1
01000,단독주택,자재,1
18000,창고시설,완재품보관,1
18000,창고시설,해태관리창고,1
17000,공장,단독주택및,1
04000,제2종근린생활시설,중자제조,1
09000,의료시설,제1종근생시설,1
04000,제2종근린생활시설,누에환제조장,1
18000,창고시설,저온저장고및농업용창고,1
19000,위험물저장및처리시설,투입동,1
17000,공장,냉각결정화동,1
17000,공장,ems사무실,1
,,이발,1
,,계사외,1
14000,업무시설,위탁영농사무실,1
17000,공장,현장분석실n08,1
17000,공장,면장갑생산공장,1
15000,숙박시설,조적조,1
18000,창고시설,기재,1
17000,공장,공장영업소,1
03000,제1종근린생활시설,커피점,1
04000,제2종근린생활시설,복지관,1
02000,공동주택,저류조관리,1
03000,제1종근린생활시설,세마동사무소,1
04000,제2종근린생활시설,분뇨투입통,1
21000,동물및식물관련시설,검정우사,1
17000,공장,생산관리실,1
10000,교육연구시설,실습농장,1
04000,제2종근린생활시설,주택1가구및,1
05000,문화및집회시설,민속생활관,1
33000,"국방,군사시설",불출실,1
04000,제2종근린생활시설,구룡사,1
14000,업무시설,소방서장비창고,1
21000,동물및식물관련시설,종계사및육추사,1
10000,교육연구시설,연단,1
03000,제1종근린생활시설,양말제조업,1
,,농기계수리점,1
04000,제2종근린생활시설,서불당,1
04000,제2종근린생활시설,제2종근린생활리설,1
18000,창고시설,전작숙직실,1
07000,판매시설,공구부속,1
14000,업무시설,전기실및발전기실,1
02000,공동주택,스쿼시코트,1
06000,종교시설,모충사,1
06000,종교시설,장춘제,1
08000,운수시설,차량승무사무소,1
19000,위험물저장및처리시설,도시가스저장고,1
Z3000,근린생활시설,잡옥,1
17000,공장,위험물처장소,1
Z3000,근린생활시설,선풍기실,1
02000,공동주택,커먼스팟,1
03000,제1종근린생활시설,2종근생및운동시설,1
17000,공장,cta공장,1
17000,공장,드럼충진소,1
17000,공장,해태공장관리사,1
04000,제2종근린생활시설,집진장,1
14000,업무시설,수송원대기실,1
03000,제1종근린생활시설,및판매시설,1
19000,위험물저장및처리시설,rhds윤활유창고,1
02000,공동주택,레슨실,1
04000,제2종근린생활시설,관광펜션,1
18000,창고시설,축사부대시설,1
,,분리공장,1
18000,창고시설,새마을동창고,1
17000,공장,전동기부품제조,1
18000,창고시설,가구보관,1
01000,단독주택,세척실,1
18000,창고시설,마을공동구판장,1
04000,제2종근린생활시설,주방및식탁용목재품제조업,1
04000,제2종근린생활시설,근린생활시서,1
04000,제2종근린생활시설,종종사당,1
17000,공장,식당외,1
07000,판매시설,건축자재,1
02000,공동주택,여성,1
13000,운동시설,실내로울러,1
02000,공동주택,주민공동시설c,1
17000,공장,하급부산물,1
14000,업무시설,18세애,1
09000,의료시설,생활시설,1
02000,공동주택,점기및펌프실,1
02000,공동주택,6가수,1
15000,숙박시설,바리악산장,1
17000,공장,과일및,1
03000,제1종근린생활시설,근린공원화장실,1
03000,제1종근린생활시설,농기구사,1
02000,공동주택,1903동,1
20000,자동차관련시설,매매상,1
05000,문화및집회시설,숭충당,1
14000,업무시설,재활용품분리수거장,1
25000,발전시설,유지관리가스저장고,1
06000,종교시설,김씨재사사당,1
08000,운수시설,장비정비고,1
07000,판매시설,지하저수조,1
17000,공장,소각로판넬,1
12000,수련시설,생활관1,1
Z3000,근린생활시설,이용소,1
18000,창고시설,드럼보관장,1
04000,제2종근린생활시설,다가구19가구,1
11000,노유자시설,2종근린생활,1
25000,발전시설,구발전소,1
17000,공장,교육및연구시설,1
18000,창고시설,위탁영농회사,1
30000,자원순환관련시설,폐기물재활용시서,1
18000,창고시설,배저장및,1
16000,위락시설,일반점포,1
18000,창고시설,과수품질관리후속창고,1
06000,종교시설,별체,1
24000,방송통신시설,물품보관창고,1
18000,창고시설,건조실및,1
15000,숙박시설,호스텔및휴게음식점,1
17000,공장,목재가공생산업,1
27000,관광휴게시설,교양시설,1
01000,단독주택,자동차부분,1
01000,단독주택,정비업,1
24000,방송통신시설,한국통신분기국사,1
25000,발전시설,밧데리실,1
03000,제1종근린생활시설,경모정,1
17000,공장,경비동3,1
02000,공동주택,103동하부,1
15000,숙박시설,기계식,1
17000,공장,사내교육실,1
06000,종교시설,종교건축물,1
06000,종교시설,전각,1
18000,창고시설,다용도건조,1
14000,업무시설,체련단련장,1
01000,단독주택,소규모식당,1
07000,판매시설,보관창고,1
01000,단독주택,컴퓨터자수업,1
04000,제2종근린생활시설,미곡건조선별가공시설,1
25000,발전시설,보일러실,1
02000,공동주택,음식물자원화시설,1
01000,단독주택,농가용주택창고,1
18000,창고시설,농업용건조기저장고,1
01000,단독주택,다중주택및창고시설,1
18000,창고시설,부속창고1동,1
04000,제2종근린생활시설,예식장및2종근생,1
01000,단독주택,해태건조창고,1
18000,창고시설,농기계센터,1
13000,운동시설,어린이용실내수영장,1
18000,창고시설,농업용창고및농업용주택,1
01000,단독주택,농기계및벼보관창고,1
03000,제1종근린생활시설,임산물집하장,1
16000,위락시설,금융업소,1
01000,단독주택,93농촌주거환경개선사업자력개량대상,1
17000,공장,타올제작,1
01000,단독주택,기재기구고,1
21000,동물및식물관련시설,염소사및관리사,1
21000,동물및식물관련시설,토석채취관리사,1
01000,단독주택,교외사택,1
01000,단독주택,주택창고시설,1
18000,창고시설,시료보관용창고,1
04000,제2종근린생활시설,단라주점,1
04000,제2종근린생활시설,음수,1
18000,창고시설,근린생활시설및구판장창고,1
01000,단독주택,영업장및주택,1
21000,동물및식물관련시설,축사톱밥운동장,1
22000,분뇨.쓰레기처리시설,폐기물재활용,1
01000,단독주택,단톡주택,1
21000,동물및식물관련시설,전처리조,1
18000,창고시설,입하장,1
22000,분뇨.쓰레기처리시설,쓰레기적치장,1
18000,창고시설,단독주택및농업용창고,1
21000,동물및식물관련시설,폐수처리실,1
05000,문화및집회시설,제2종일반근린생활시설,1
20000,자동차관련시설,외2용도,1
21000,동물및식물관련시설,가금도견장,1
01000,단독주택,주택및근린생활시설및창고,1
01000,단독주택,농가주택및농가창고및건조장,1
18000,창고시설,하역장창고시설,1
01000,단독주택,주택및여인숙,1
18000,창고시설,재활용품보관용창고,1
21000,동물및식물관련시설,태비사,1
21000,동물및식물관련시설,창고및저장소,1
21000,동물및식물관련시설,ㅡ,1
18000,창고시설,설치사업,1
01000,단독주택,주택및이발소,1
30000,자원순환관련시설,측정기용측정소,1
10000,교육연구시설,마을경로당,1
17000,공장,프로필렌,1
17000,공장,화성물류,1
03000,제1종근린생활시설,일반음식점및사무소,1
18000,창고시설,분리작업장,1
21000,동물및식물관련시설,농축사,1
21000,동물및식물관련시설,농어업용축사,1
18000,창고시설,농기계보관창고및사무실,1
01000,단독주택,배수지번사,1
14000,업무시설,84세대,1
03000,제1종근린생활시설,2종근린생활시설및도시형생활주택,1
18000,창고시설,제1종근린생활시설외2,1
21000,동물및식물관련시설,대동물사,1
18000,창고시설,직물보관창고,1
01000,단독주택,단독다가구택,1
17000,공장,농촌주택,1
21000,동물및식물관련시설,관리사및돈분건조장,1
18000,창고시설,푸랫트홈,1
18000,창고시설,지능형냉장,1
18000,창고시설,농사용냉장창고,1
18000,창고시설,숙직,1
21000,동물및식물관련시설,양토장및관리사,1
18000,창고시설,기숙사및창고,1
21000,동물및식물관련시설,동물및식물관련시설및저온저장고,1
01000,단독주택,농업인용창고,1
02000,공동주택,도시형생활주택원룸형15세대,1
01000,단독주택,농어촌주택개량사업대상주택,1
01000,단독주택,요사체및법당,1
18000,창고시설,창고및매장,1
18000,창고시설,신송마을,1
01000,단독주택,전통가옥,1
18000,창고시설,농산물사과집하장,1
18000,창고시설,창고시설및약초가공공장,1
18000,창고시설,생활관창고,1
01000,단독주택,챵고,1
01000,단독주택,문화재가옥,1
01000,단독주택,흙헛간,1
18000,창고시설,임산물작업장,1
18000,창고시설,벼건조기창고,1
04000,제2종근린생활시설,전복장조립,1
18000,창고시설,농기구보관시설,1
18000,창고시설,농가용곡물건조기창고,1
12000,수련시설,샬롬관,1
01000,단독주택,제2종근린생활및다가구주택,1
17000,공장,죽제가공공장,1
03000,제1종근린생활시설,기성간이화장실,1
,,주점영업,1
04000,제2종근린생활시설,수산물건조장,1
07000,판매시설,청과관련시장,1
17000,공장,철문제조,1
14000,업무시설,42호,1
14000,업무시설,주거겸업무시설,1
17000,공장,완제품자동화창고,1
10000,교육연구시설,영사실,1
02000,공동주택,공동주택9다세대주택,1
03000,제1종근린생활시설,원격제어실,1
02000,공동주택,f동,1
04000,제2종근린생활시설,식품가공장,1
03000,제1종근린생활시설,구민원실,1
13000,운동시설,제1종근린생활시택,1
17000,공장,건축용강화플라스틱,1
04000,제2종근린생활시설,입시계,1
02000,공동주택,근로청소년,1
03000,제1종근린생활시설,운전면허시험장,1
18000,창고시설,수장시설,1
21000,동물및식물관련시설,농가부속축사,1
21000,동물및식물관련시설,닭집,1
17000,공장,bs,1
21000,동물및식물관련시설,농작업공동이용휴식실,1
21000,동물및식물관련시설,소동물축사,1
01000,단독주택,제1종근린생활시설소매점및단독주택,1
19000,위험물저장및처리시설,위험물처리정장시설,1
21000,동물및식물관련시설,방역관리사,1
18000,창고시설,농업용자재,1
02000,공동주택,174대,1
21000,동물및식물관련시설,동충하초재배사,1
18000,창고시설,작업장및저장고,1
21000,동물및식물관련시설,작물관리사,1
01000,단독주택,일반음식점외1,1
17000,공장,기숙사수위실,1
18000,창고시설,주택및농기계창고,1
01000,단독주택,주택건조실,1
14000,업무시설,노동복지회관,1
18000,창고시설,농산물등창고,1
01000,단독주택,화훼꽃작업장,1
18000,창고시설,기계실및물탱크실,1
27000,관광휴게시설,연화산,1
18000,창고시설,가축방역창고,1
01000,단독주택,부엌및다용도실,1
18000,창고시설,농업용창고및농업인주택,1
01000,단독주택,교육장관사,1
18000,창고시설,수산물저온창고및작업장,1
01000,단독주택,주택ㅣ제2종근린생활시설,1
18000,창고시설,농어업용저장창고,1
22000,분뇨.쓰레기처리시설,보이라실,1
18000,창고시설,곡물건조기보관용,1
02000,공동주택,소맨점,1
01000,단독주택,유료판매소,1
21000,동물및식물관련시설,재실및관리사,1
18000,창고시설,지역생산물하치장,1
21000,동물및식물관련시설,버섯재배자,1
18000,창고시설,가공보관창고,1
21000,동물및식물관련시설,비상발전실,1
01000,단독주택,종교시설사택,1
18000,창고시설,과실창고,1
10000,교육연구시설,간이화장실,1
23000,교정및군사시설,법면쪽,1
21000,동물및식물관련시설,가축시장휴게실,1
18000,창고시설,잣탈곡장,1
18000,창고시설,조온저장창고,1
04000,제2종근린생활시설,영업및제2종근린생활시설,1
21000,동물및식물관련시설,옥수수원종장,1
04000,제2종근린생활시설,점포및여관,1
18000,창고시설,농가주택및농수산물보관창고,1
01000,단독주택,주택및교육관,1
18000,창고시설,임산물저장시설,1
18000,창고시설,창고및농지관리사,1
21000,동물및식물관련시설,부속사료저장창고,1
18000,창고시설,방역실,1
Z8000,교육연구및복지시설,부속식당,1
b8990,,분뇨쓰레기처리시설,1
09000,의료시설,냉동창고,1
21000,동물및식물관련시설,한우사및퇴비사,1
17000,공장,수정식품,1
18000,창고시설,농산물선별장및창고,1
18000,창고시설,사무실동,1
18000,창고시설,원부자재창고,1
10000,교육연구시설,관리실및수리소,1
21000,동물및식물관련시설,어업용시설,1
13000,운동시설,노인복지시설,1
21000,동물및식물관련시설,축사공동,1
18000,창고시설,농자재집하장,1
18000,창고시설,집하장및판매장,1
01000,단독주택,矛ː,1
21000,동물및식물관련시설,배양장및탱크,1
17000,공장,기허가,1
18000,창고시설,통신물자창고,1
18000,창고시설,농업인공동폐기물수집장,1
18000,창고시설,흑간,1
04000,제2종근린생활시설,요리학원,1
18000,창고시설,농업용간이저온저장창고,1
21000,동물및식물관련시설,창고및견사,1
17000,공장,대,1
30000,자원순환관련시설,기계보호시설,1
18000,창고시설,농산물보관및가공관련시설,1
17000,공장,제조업31203,1
07000,판매시설,일용품판매,1
17000,공장,물탱크및펌프실,1
02000,공동주택,1904동,1
10000,교육연구시설,농촌마을,1
17000,공장,금속조립구조제제조,1
21000,동물및식물관련시설,부속변소,1
21000,동물및식물관련시설,발효퇴비장,1
11000,노유자시설,식당및,1
21000,동물및식물관련시설,돈축장,1
23000,교정및군사시설,옥외영결식장,1
18000,창고시설,운휴설비보관소1,1
04000,제2종근린생활시설,음악실,1
01000,단독주택,천주교관리사,1
21000,동물및식물관련시설,동물및식물관련시설사,1
17000,공장,칼라페이스트제조소,1
18000,창고시설,수산물보관창고및건조장,1
21000,동물및식물관련시설,상수도취수장,1
18000,창고시설,부서,1
17000,공장,sf검사실,1
01000,단독주택,목장관리주택,1
19000,위험물저장및처리시설,도장작업제외한다,1
01000,단독주택,숙박및주택,1
21000,동물및식물관련시설,약초가공용,1
04000,제2종근린생활시설,농수산물저장고,1
04000,제2종근린생활시설,일빈음식점,1
21000,동물및식물관련시설,도부사,1
24000,방송통신시설,근린생활,1
18000,창고시설,선수품공동작업장,1
09000,의료시설,출입구캐노피,1
18000,창고시설,농작업휴게실,1
18000,창고시설,폐토사창고,1
01000,단독주택,주점및주택,1
01000,단독주택,주택및재배사,1
18000,창고시설,염추창고,1
21000,동물및식물관련시설,배양장및창고,1
21000,동물및식물관련시설,양축용,1
17000,공장,폐수처리부속사무실,1
01000,단독주택,군인복지아파트,1
01000,단독주택,사원용주택,1
19000,위험물저장및처리시설,제어시설,1
18000,창고시설,농기계창고및퇴비사,1
21000,동물및식물관련시설,창고겸축사,1
23000,교정및군사시설,헌병대,1
01000,단독주택,차고및화장실,1
03000,제1종근린생활시설,회관및노인정외,1
21000,동물및식물관련시설,동물및식물관련시설산림경영관리사,1
01000,단독주택,근링생활시설및주택,1
15000,숙박시설,숙박시설및위락시설및,1
01000,단독주택,폐사,1
08000,운수시설,국제여객터미널,1
17000,공장,로우프제조,1
03000,제1종근린생활시설,석재판매,1
14000,업무시설,고시원24실,1
01000,단독주택,주택관사,1
17000,공장,일산화탄소저장소,1
21000,동물및식물관련시설,농산물자재보관창고,1
13000,운동시설,스텐드부속실,1
17000,공장,후생복지시설및공장,1
01000,단독주택,상수도탱크,1
25000,발전시설,컨트롤타워,1
01000,단독주택,법당주택,1
18000,창고시설,폐캔창고,1
18000,창고시설,창고및주방,1
18000,창고시설,단협창고,1
21000,동물및식물관련시설,대추건조장,1
18000,창고시설,건조건조장,1
01000,단독주택,지하부속사및주택,1
21000,동물및식물관련시설,잠업검사소,1
18000,창고시설,밧자타워,1
21000,동물및식물관련시설,전용사육동,1
21000,동물및식물관련시설,방역차량차고,1
02000,공동주택,famil,1
18000,창고시설,창고및곡물건조기,1
Z3000,근린생활시설,제2종근린생활시설설,1
18000,창고시설,재재창고,1
04000,제2종근린생활시설,와자공정,1
15000,숙박시설,단란주점및숙박시설,1
04000,제2종근린생활시설,냉동육,1
03000,제1종근린생활시설,농축산물,1
17000,공장,cta촉매투입실,1
27000,관광휴게시설,스키대여실,1
01000,단독주택,일층근린생활시설및주택,1
24000,방송통신시설,펌프하우스,1
,,읍청사,1
09000,의료시설,관측소,1
04000,제2종근린생활시설,농기계상하차장,1
11000,노유자시설,탁아운,1
10000,교육연구시설,야적창고,1
30000,자원순환관련시설,가축분뇨자원화시설,1
25000,발전시설,스위치야드제어동,1
17000,공장,위험물옥내창고,1
15000,숙박시설,경비초소,1
15000,숙박시설,호텔및단독주택,1
18000,창고시설,부원료치장,1
19000,위험물저장및처리시설,소방기계실,1
17000,공장,간장공장,1
15000,숙박시설,숙박시설제2종근린생활시설,1
17000,공장,경동나비엔,1
17000,공장,관체동,1
21000,동물및식물관련시설,산림작물,1
17000,공장,drumming,1
04000,제2종근린생활시설,부동산중개업사무소,1
01000,단독주택,투속사,1
17000,공장,실내체육시설,1
17000,공장,폐수처리장창고,1
21000,동물및식물관련시설,연사제조,1
01000,단독주택,1층내,1
02000,공동주택,다세대주택및창고시설,1
04000,제2종근린생활시설,원동기수리점,1
15000,숙박시설,숙박및근생시설,1
17000,공장,건설폐기물중간처리시설,1
14000,업무시설,32호,1
15000,숙박시설,야외휴게공간,1
17000,공장,축분처리시설,1
03000,제1종근린생활시설,유락시설,1
30000,자원순환관련시설,3동,1
15000,숙박시설,숙박및근린생활시설및주택,1
05000,문화및집회시설,영산전,1
03000,제1종근린생활시설,약품탱크실,1
Z6000,판매및영업시설,공설시장,1
02000,공동주택,여자휴게실,1
04000,제2종근린생활시설,국어,1
17000,공장,수첨분석실,1
03000,제1종근린생활시설,풀장,1
04000,제2종근린생활시설,제2종근린생활시설및도시형생활주택,1
02000,공동주택,68,1
04000,제2종근린생활시설,예비군본부,1
03000,제1종근린생활시설,자료관,1
04000,제2종근린생활시설,자동차정비시설,1
17000,공장,화물엘리베이터,1
17000,공장,가스실1,1
15000,숙박시설,카트보관소,1
19000,위험물저장및처리시설,탱크로리,1
10000,교육연구시설,판매시설및,1
20000,자동차관련시설,검사자대기소,1
Z3000,근린생활시설,연구실,1
03000,제1종근린생활시설,보건진료실및사택,1
15000,숙박시설,근린생활및일반숙박시설,1
17000,공장,생산과,1
19000,위험물저장및처리시설,에프,1
10000,교육연구시설,마전분교,1
04000,제2종근린생활시설,위험물저장실,1
25000,발전시설,전신전화국,1
22000,분뇨.쓰레기처리시설,1차침전조펌프실,1
17000,공장,lpg용기보관소,1
17000,공장,물품적재,1
02000,공동주택,255세대,1
17000,공장,혼합조제,1
03000,제1종근린생활시설,간이음식,1
01000,단독주택,주택개량자력,1
15000,숙박시설,관광숙박시설1,1
26000,묘지관련시설,편익시설,1
19000,위험물저장및처리시설,정비소,1
25000,발전시설,냉각탑전기동,1
02000,공동주택,문화취미실,1
10000,교육연구시설,2종근생시설,1
21000,동물및식물관련시설,우사및축분장,1
04000,제2종근린생활시설,철문관련,1
03000,제1종근린생활시설,주택및의원,1
Z3000,근린생활시설,농산물전시관,1
22000,분뇨.쓰레기처리시설,재활용공장및폐수지저장창고,1
01000,단독주택,수선소,1
04000,제2종근린생활시설,자동차부분정비소,1
02000,공동주택,374,1
10000,교육연구시설,동아리실및학생,1
11000,노유자시설,수용보호시설,1
18000,창고시설,위험물저장처리시설,1
04000,제2종근린생활시설,퇴비처리시설,1
17000,공장,홉바b,1
17000,공장,보일거실,1
03000,제1종근린생활시설,및식물관련시설,1
04000,제2종근린생활시설,노래연습잔,1
03000,제1종근린생활시설,목구조,1
09000,의료시설,지하주차장,1
10000,교육연구시설,학원강의실,1
12000,수련시설,자연권수련시설및청소년수련원,1
17000,공장,j동,1
06000,종교시설,생활편의시설,1
04000,제2종근린생활시설,제종근,1
23000,교정및군사시설,남군샤워장,1
19000,위험물저장및처리시설,입,1
04000,제2종근린생활시설,기사식당및카센타,1
15000,숙박시설,여관및제2종근린생활시설,1
08000,운수시설,야무역,1
09000,의료시설,복지관,1
15000,숙박시설,관관농원,1
13000,운동시설,점포및,1
15000,숙박시설,숙박시설근린생활시설,1
15000,숙박시설,제2종근생및주택숙박시설,1
18000,창고시설,과일,1
17000,공장,철근장,1
02000,공동주택,단지형다세대및제1,1
04000,제2종근린생활시설,화남포,1
04000,제2종근린생활시설,송신소,1
04000,제2종근린생활시설,공구창고,1
04000,제2종근린생활시설,의약품도매업,1
17000,공장,농업시설,1
14000,업무시설,농업제조시설,1
14000,업무시설,민원인쉼터,1
18000,창고시설,친환경퇴비장,1
17000,공장,spandex공장,1
14000,업무시설,오피스텔및다가구주택,1
13000,운동시설,신1호,1
24000,방송통신시설,교환장치기계실,1
04000,제2종근린생활시설,기도원본당,1
01000,단독주택,소법당,1
01000,단독주택,다세대주택및사무실,1
17000,공장,축산물가공제조,1
03000,제1종근린생활시설,두레우물,1
18000,창고시설,발포공장,1
14000,업무시설,판매시설및일반업무시설,1
08000,운수시설,송풍실,1
17000,공장,공기건조기실,1
06000,종교시설,광주이씨,1
14000,업무시설,근린생활시설업무시설,1
17000,공장,냉각장치실,1
Z6000,판매및영업시설,종교시설,1
18000,창고시설,잔듸예지물보관소,1
04000,제2종근린생활시설,정류소및근린생활시설,1
21000,동물및식물관련시설,검정돈사,1
01000,단독주택,팔각정자,1
17000,공장,cac,1
14000,업무시설,분청,1
03000,제1종근린생활시설,중간가압,1
14000,업무시설,우형기사,1
02000,공동주택,업무시실,1
02000,공동주택,5개,1
05000,문화및집회시설,슈퍼마켓,1
01000,단독주택,일부근생시설,1
04000,제2종근린생활시설,식품용기,1
02000,공동주택,연탄창고,1
03000,제1종근린생활시설,열공급설비시설,1
21000,동물및식물관련시설,세륜장,1
13000,운동시설,운동시설및제2종근린생활시설,1
17000,공장,가네공업,1
01000,단독주택,외제2종근린생활시설,1
,,달리,1
21000,동물및식물관련시설,210,1
14000,업무시설,쓰레기소각장,1
22000,분뇨.쓰레기처리시설,오일펌프실,1
04000,제2종근린생활시설,천뗍領,1
01000,단독주택,주택및대문,1
03000,제1종근린생활시설,슈퍼체인,1
22000,분뇨.쓰레기처리시설,유량계실,1
20000,자동차관련시설,페인트열처리장,1
19000,위험물저장및처리시설,제1종근리생활시설,1
20000,자동차관련시설,운전계장구내원실,1
14000,업무시설,호흡기크리닉,1
01000,단독주택,복하실,1
18000,창고시설,헛간및창고,1
19000,위험물저장및처리시설,세면장,1
03000,제1종근린생활시설,약품투여실,1
18000,창고시설,도황1리마을공동,1
22000,분뇨.쓰레기처리시설,정비고부대시설,1
Z5000,문화및집회시설,2종근생사무소,1
22000,분뇨.쓰레기처리시설,쉼터,1
20000,자동차관련시설,자동차관련경정비시설,1
19000,위험물저장및처리시설,수소충전탱크보관소,1
02000,공동주택,1701동,1
13000,운동시설,정원,1
03000,제1종근린생활시설,nom농축실동,1
02000,공동주택,생활관공용동,1
17000,공장,순수처리조정실동,1
01000,단독주택,주택이용원,1
17000,공장,미용실,1
18000,창고시설,연안창고,1
18000,창고시설,영농기계,1
10000,교육연구시설,통신시설,1
18000,창고시설,벼건조저장시설,1
20000,자동차관련시설,차고및주택,1
17000,공장,수입검사실동,1
05000,문화및집회시설,종합자료실,1
17000,공장,폐수및폐기물처리장,1
10000,교육연구시설,자전거,1
01000,단독주택,부숙사,1
Z3000,근린생활시설,분뇨쓰레기처리시설,1
20000,자동차관련시설,1급자동차정비공장,1
01000,단독주택,테니스장,1
17000,공장,진개처리장,1
04000,제2종근린생활시설,교반실,1
18000,창고시설,농업용관리사,1
03000,제1종근린생활시설,교횐,1
22000,분뇨.쓰레기처리시설,탈취기실,1
Z5000,문화및집회시설,미륵사,1
17000,공장,전자저울하중변환기제조,1
02000,공동주택,발전시실,1
10000,교육연구시설,전천후,1
17000,공장,누유방기기자재창고,1
04000,제2종근린생활시설,수영장내,1
03000,제1종근린생활시설,종근린생활,1
22000,분뇨.쓰레기처리시설,공작실,1
06000,종교시설,종각집,1
17000,공장,24동,1
04000,제2종근린생활시설,수석전시실,1
02000,공동주택,905동1층피로티,1
03000,제1종근린생활시설,도로관리사무실,1
20000,자동차관련시설,주차건축물,1
,,벤젠탱크,1
22000,분뇨.쓰레기처리시설,정압동,1
17000,공장,중장비공장,1
03000,제1종근린생활시설,양봉,1
Z8000,교육연구및복지시설,2,1
02000,공동주택,워크스테이션,1
03000,제1종근린생활시설,2근린생할시설,1
22000,분뇨.쓰레기처리시설,주민편의시설,1
Z3000,근린생활시설,양식장,1
03000,제1종근린생활시설,수유실,1
01000,단독주택,농기구수리,1
05000,문화및집회시설,근린생활시설및엘리베이터승강기,1
22000,분뇨.쓰레기처리시설,준설차량차고,1
20000,자동차관련시설,증축,1
17000,공장,열기시험실,1
15000,숙박시설,식당및여인숙,1
22000,분뇨.쓰레기처리시설,부속사무소,1
11000,노유자시설,16가구,1
07000,판매시설,전문점,1
01000,단독주택,단독주택외제1,1
19000,위험물저장및처리시설,주유소관련건축물,1
01000,단독주택,7세대다가구,1
04000,제2종근린생활시설,철문관련제품제조업,1
Z3000,근린생활시설,주택및근,1
07000,판매시설,겸,1
04000,제2종근린생활시설,농산물제조공장,1
25000,발전시설,풍력발전설비,1
04000,제2종근린생활시설,사무실1동,1
27000,관광휴게시설,관광휴게시설외,1
17000,공장,내장가구제조업,1
02000,공동주택,주차장출입구,1
06000,종교시설,도암정,1
04000,제2종근린생활시설,교회집회장및사택,1
18000,창고시설,야외강의실,1
04000,제2종근린생활시설,순복음교회,1
04000,제2종근린생활시설,제조장날주택,1
15000,숙박시설,부속동,1
05000,문화및집회시설,교회교육관,1
04000,제2종근린생활시설,녹색농촌체험관,1
04000,제2종근린생활시설,제당관리사,1
17000,공장,콘프레샤,1
04000,제2종근린생활시설,충효사사당,1
04000,제2종근린생활시설,침구,1
09000,의료시설,치료운동시설,1
18000,창고시설,공회당및소방창고,1
04000,제2종근린생활시설,육추장,1
04000,제2종근린생활시설,근린생활시설및다가구주택1가구,1
04000,제2종근린생활시설,덕트제조업소,1
04000,제2종근린생활시설,주택점포사무실근린생활시설,1
04000,제2종근린생활시설,일반수리점,1
06000,종교시설,문화및집회설,1
06000,종교시설,충현사,1
04000,제2종근린생활시설,정각사무실,1
03000,제1종근린생활시설,영남노인정회의실,1
04000,제2종근린생활시설,톱밥제조공장,1
04000,제2종근린생활시설,정육제조업,1
13000,운동시설,실내배드민턴,1
10000,교육연구시설,공동실습관,1
04000,제2종근린생활시설,공사용사무실,1
04000,제2종근린생활시설,인쇄제조장,1
04000,제2종근린생활시설,감1차가공시설,1
17000,공장,화장실외기타,1
04000,제2종근린생활시설,교육연구시설및근생시설,1
02000,공동주택,지하주차장진출입로케노피,1
02000,공동주택,원룸형120세대,1
02000,공동주택,파출소,1
04000,제2종근린생활시설,심인당,1
11000,노유자시설,경모정,1
02000,공동주택,다목적회관,1
02000,공동주택,크리에이티브센터,1
17000,공장,제6호,1
04000,제2종근린생활시설,마애삼존불상,1
17000,공장,콘크리트시험실,1
22000,분뇨.쓰레기처리시설,멸균,1
02000,공동주택,차량탑승대기소,1
08000,운수시설,게이트컴플렉스동,1
04000,제2종근린생활시설,저수조기계실,1
02000,공동주택,차량대기공간,1
17000,공장,위험물저장및취급소,1
02000,공동주택,상가및제2종근린생활시설,1
01000,단독주택,우물광,1
02000,공동주택,키즈스테이션2,1
17000,공장,비품실,1
30000,자원순환관련시설,락커룸,1
30000,자원순환관련시설,퇴비선별장,1
02000,공동주택,아너스클럽,1
02000,공동주택,재활용창고2,1
11000,노유자시설,도계노인회관,1
17000,공장,직매장,1
02000,공동주택,제1종근린생활시설및다가구주택,1
10000,교육연구시설,전산센타,1
03000,제1종근린생활시설,근생및위락시설,1
12000,수련시설,문화집회시설,1
02000,공동주택,영성관,1
02000,공동주택,다함께돌봄센터2,1
02000,공동주택,통합어린이집,1
17000,공장,20동,1
17000,공장,체육부속시설,1
02000,공동주택,지하피난계단,1
01000,단독주택,도시형업종,1
17000,공장,n2발생기실,1
13000,운동시설,사회복지관,1
17000,공장,열풍실,1
19000,위험물저장및처리시설,처리실,1
15000,숙박시설,숙박시설여관,1
02000,공동주택,청년문화공간,1
15000,숙박시설,조산원,1
20000,자동차관련시설,33,1
08000,운수시설,운전,1
01000,단독주택,취수원,1
02000,공동주택,간호원,1
02000,공동주택,펌프실및전기실,1
07000,판매시설,교육연구및복지,1
02000,공동주택,관리사무소및경로당,1
02000,공동주택,상가및관리숙소,1
02000,공동주택,상수도가압장,1
02000,공동주택,통합경비실3,1
02000,공동주택,기계식주차기,1
02000,공동주택,통신실6,1
14000,업무시설,오피스텔및근린시설,1
02000,공동주택,피트층,1
02000,공동주택,계절창고5,1
03000,제1종근린생활시설,폐수정화장,1
17000,공장,제품소포장실,1
04000,제2종근린생활시설,오,1
02000,공동주택,부산광역시,1
04000,제2종근린생활시설,2종근린생활시설사무소,1
05000,문화및집회시설,야외공방장,1
21000,동물및식물관련시설,집난실,1
01000,단독주택,축산물가공시설,1
17000,공장,r1저장소,1
07000,판매시설,농기구자재센터,1
02000,공동주택,지하3주차장,1
10000,교육연구시설,회사실,1
19000,위험물저장및처리시설,압축기동2,1
02000,공동주택,휀롬,1
17000,공장,화장실창고,1
04000,제2종근린생활시설,자동차운송사업,1
17000,공장,89013,1
30000,자원순환관련시설,침사지채광창,1
01000,단독주택,시멘벽돌조,1
30000,자원순환관련시설,축산분뇨시설동,1
04000,제2종근린생활시설,사무살,1
02000,공동주택,소방안전체험관,1
02000,공동주택,라이프센터,1
05000,문화및집회시설,부속가,1
02000,공동주택,기계동,1
04000,제2종근린생활시설,농산어촌체험교육,1
,,꿩사육사장,1
30000,자원순환관련시설,발전실,1
15000,숙박시설,한국전통호텔,1
10000,교육연구시설,문과대학,1
01000,단독주택,곡감건조장,1
03999,기타제1종근린생활시설,제1,1
30000,자원순환관련시설,위험물,1
04000,제2종근린생활시설,창고및요사채,1
04000,제2종근린생활시설,식당및제2종근린생활시설,1
21000,동물및식물관련시설,배저장고및관리실,1
02000,공동주택,교직원,1
01000,단독주택,점포1동,1
01000,단독주택,비막이시설,1
01000,단독주택,스프링쿨러,1
10000,교육연구시설,기숙사조리실,1
17000,공장,p3부속기계실,1
20000,자동차관련시설,세차장및수리점,1
17000,공장,p가공연구소,1
02000,공동주택,아트앤컬쳐클래스,1
01000,단독주택,돈분장,1
17000,공장,13화학동,1
02000,공동주택,4307동,1
03000,제1종근린생활시설,혈액원,1
03000,제1종근린생활시설,특산물작업장,1
13000,운동시설,게임제공업,1
11000,노유자시설,구립홍이노인정,1
03000,제1종근린생활시설,종친회정자,1
06000,종교시설,행자실,1
03000,제1종근린생활시설,강우관측우량국사,1
03000,제1종근린생활시설,영농교육장,1
03000,제1종근린생활시설,소재점,1
03000,제1종근린생활시설,도시가스정압기실,1
03000,제1종근린생활시설,공동구판장연쇄점,1
11000,노유자시설,재활관,1
17000,공장,콤프레사실,1
03000,제1종근린생활시설,상곡새마을부녀회관,1
10000,교육연구시설,클린룸,1
04000,제2종근린생활시설,생시설일반음식점,1
03000,제1종근린생활시설,농산물공동직판장,1
02000,공동주택,투게더도서관,1
03000,제1종근린생활시설,전화기계시설,1
Z3000,근린생활시설,계단실,1
03000,제1종근린생활시설,송정마을회관,1
03000,제1종근린생활시설,실험실습용,1
11000,노유자시설,세탁물창고,1
03000,제1종근린생활시설,근생시설및주택,1
03000,제1종근린생활시설,온천수4호탱크,1
03000,제1종근린생활시설,잠종장,1
11000,노유자시설,노인경로당,1
17000,공장,폼탱크실,1
20000,자동차관련시설,헬스크럽,1
11000,노유자시설,건조실,1
20000,자동차관련시설,노래연습장,1
17000,공장,im공장,1
03000,제1종근린생활시설,문화2동사무소,1
03000,제1종근린생활시설,근린생활시설기계실,1
05000,문화및집회시설,비둘기,1
05000,문화및집회시설,번식장,1
15000,숙박시설,대중목욕장,1
11000,노유자시설,태양열기계실,1
17000,공장,converter,1
03000,제1종근린생활시설,다목적체험관,1
04000,제2종근린생활시설,취수지,1
07000,판매시설,보링장,1
03000,제1종근린생활시설,배수기장,1
02000,공동주택,공유센터,1
11000,노유자시설,금일노인복지회관,1
02000,공동주택,어린이돌봄방,1
03000,제1종근린생활시설,해양종사자숙소,1
17000,공장,수산물가공및제조,1
03000,제1종근린생활시설,마포양수장,1
11000,노유자시설,영육아보육원,1
10000,교육연구시설,충전소캐노피,1
03000,제1종근린생활시설,남면119지역대소방서,1
03000,제1종근린생활시설,전신전화국분기국사,1
03000,제1종근린생활시설,마을안내소,1
18000,창고시설,농산물보관및저장,1
17000,공장,벌크시멘트,1
03000,제1종근린생활시설,정수지공,1
03000,제1종근린생활시설,예비군막사,1
03000,제1종근린생활시설,경비실및숙소,1
11000,노유자시설,문화생활관,1
03000,제1종근린생활시설,신촌회관,1
03000,제1종근린생활시설,가관사,1
03000,제1종근린생활시설,숭정문,1
03000,제1종근린생활시설,유량조정실,1
11000,노유자시설,어린이체험장,1
03000,제1종근린생활시설,맨션아파트관리소,1
01000,단독주택,교회및,1
03000,제1종근린생활시설,건사시설,1
03000,제1종근린생활시설,정구장휴게실,1
09000,의료시설,가스정압기실,1
03000,제1종근린생활시설,의원및대피소,1
03000,제1종근린생활시설,마을회관및마을공동구판장,1
03000,제1종근린생활시설,노유자시설경노당,1
03000,제1종근린생활시설,부인회회관,1
03000,제1종근린생활시설,수산화나트륨탱크실동,1
01000,단독주택,농촌주택지원개량,1
02000,공동주택,제12종근린생활시설,1
03000,제1종근린생활시설,동사무소예비군동대,1
03000,제1종근린생활시설,제2종근린생활시설및숙박시설,1
,,커튼및,1
03000,제1종근린생활시설,지구사무소직원대기실,1
04000,제2종근린생활시설,야외명상쉼터,1
03000,제1종근린생활시설,일반소매점및화장실,1
,,수리점,1
03000,제1종근린생활시설,상여도가,1
04000,제2종근린생활시설,근린생활및화장실,1
03000,제1종근린생활시설,터널출구,1
03000,제1종근린생활시설,마을정미소,1
03000,제1종근린생활시설,방송및통신시설,1
03000,제1종근린생활시설,영업용및사무실및제2종근린생활시설,1
03000,제1종근린생활시설,부업실,1
11000,노유자시설,고당노인정,1
17000,공장,sop제품창고,1
03000,제1종근린생활시설,고속도로경비막사,1
13000,운동시설,경기진행실,1
02000,공동주택,187대,1
03000,제1종근린생활시설,재활용품저장소,1
03000,제1종근린생활시설,용역원휴게실,1
21000,동물및식물관련시설,식몰관련시설,1
03000,제1종근린생활시설,공영주차장,1
02000,공동주택,일반상영관,1
17000,공장,연료고,1
06000,종교시설,영성센터,1
10000,교육연구시설,가4동,1
03000,제1종근린생활시설,즉석식품가공,1
04203,사찰,제2종근생,1
21000,동물및식물관련시설,일반철물제조업,1
,,하숙,1
03000,제1종근린생활시설,마을공동회의소,1
11000,노유자시설,효열각,1
03000,제1종근린생활시설,1단쌍청양수장,1
03000,제1종근린생활시설,해수탱크,1
05000,문화및집회시설,공릉정자각,1
03000,제1종근린생활시설,공동생활홈,1
04000,제2종근린생활시설,기공소,1
02000,공동주택,재활용품수거실,1
02000,공동주택,61세대,1
15000,숙박시설,138호,1
11000,노유자시설,사회복자시설,1
15000,숙박시설,식당창고,1
32000,교정시설,오수정화조,1
10000,교육연구시설,콤푸레셔실,1
03000,제1종근린생활시설,궁도회관,1
03000,제1종근린생활시설,활성탄흡착지동,1
03000,제1종근린생활시설,하이패스요금기계실,1
20000,자동차관련시설,생활시설,1
01000,단독주택,피로티주차장,1
02000,공동주택,맘앤키즈룸,1
10000,교육연구시설,구조실험관,1
03000,제1종근린생활시설,전통테마마을체험관,1
03000,제1종근린생활시설,쓰레기처리장,1
11000,노유자시설,노유자시설및주차장,1
03000,제1종근린생활시설,저온저장고및비가림창고,1
18000,창고시설,농업용집하장,1
03000,제1종근린생활시설,정화조관리층,1
03000,제1종근린생활시설,농산물전시집하장,1
03000,제1종근린생활시설,한옥다목적회관,1
03000,제1종근린생활시설,점포및다세대주택,1
03000,제1종근린생활시설,위험물시설취급소,1
03000,제1종근린생활시설,주택및점포및제2종근린생활시설,1
17000,공장,봄베이,1
03000,제1종근린생활시설,다목적센터,1
03000,제1종근린생활시설,일반상업지역,1
04000,제2종근린생활시설,그외기타분류안된섬유제조업,1
03000,제1종근린생활시설,야외예식무대,1
03000,제1종근린생활시설,황등출장소,1
10000,교육연구시설,및주택,1
03000,제1종근린생활시설,소방화실,1
04000,제2종근린생활시설,면류제조실,1
17000,공장,열처리10호기,1
03000,제1종근린생활시설,기계설비실,1
01000,단독주택,다다구용단독주택,1
03000,제1종근린생활시설,위락시설외2,1
11000,노유자시설,마을회관및노유자시설,1
03000,제1종근린생활시설,금강대도회관,1
19000,위험물저장및처리시설,처리소,1
03000,제1종근린생활시설,담배건조장,1
10000,교육연구시설,다1동,1
03000,제1종근린생활시설,금정노인정,1
17000,공장,제조섬유가공,1
Z5000,문화및집회시설,서실,1
17000,공장,자제창고,1
11000,노유자시설,효자문,1
03000,제1종근린생활시설,공용창고,1
11000,노유자시설,노인요양공동생활시설,1
04000,제2종근린생활시설,공작물제조업,1
03000,제1종근린생활시설,교육연구및복지시설외2,1
03000,제1종근린생활시설,봉천파출소,1
03000,제1종근린생활시설,운수관련시설,1
03000,제1종근린생활시설,다호마을운영희,1
03000,제1종근린생활시설,감시제어실,1
04000,제2종근린생활시설,새한당,1
11000,노유자시설,부속경비실,1
17000,공장,이비엠건조실,1
04000,제2종근린생활시설,제1종근린생,1
21000,동물및식물관련시설,톱밥사,1
03000,제1종근린생활시설,점포및제2종근생,1
02000,공동주택,13동지하주차장,1
03000,제1종근린생활시설,주민공동복지시설,1
18000,창고시설,대추,1
17000,공장,수동식주방기기및,1
19000,위험물저장및처리시설,주유속부속시설,1
,,자료처리과사무실,1
02000,공동주택,원룸다세대,1
17000,공장,물탱크실등,1
19000,위험물저장및처리시설,유류저장고1,1
18000,창고시설,농축산물냉동창고,1
03000,제1종근린생활시설,양품점,1
,,단층사택,1
04000,제2종근린생활시설,착위실,1
19000,위험물저장및처리시설,안내부스,1
18000,창고시설,의료시설근로자의집,1
04000,제2종근린생활시설,시식코너,1
14000,업무시설,부속실,1
,,농업용저온저장고,1
07000,판매시설,판매시설부대시설,1
14000,업무시설,입출하관리실,1
10000,교육연구시설,종자개량실,1
21000,동물및식물관련시설,1차순환실,1
01000,단독주택,황초막,1
04000,제2종근린생활시설,방범초소,1
08000,운수시설,광주차량창고,1
17000,공장,굴가공시설,1
08000,운수시설,출입초소,1
08000,운수시설,승차대기소,1
10000,교육연구시설,자연대방사능실험실,1
10000,교육연구시설,체육준비실,1
08000,운수시설,종합정문,1
01000,단독주택,95주택개량사업대상,1
12000,수련시설,놀이형시설3,1
17000,공장,콘베어벨트라인,1
17000,공장,철탑3개소,1
26000,묘지관련시설,부속채,1
10000,교육연구시설,일반창고및냉동창고,1
19000,위험물저장및처리시설,위험물취급및,1
04000,제2종근린생활시설,농기계및,1
10000,교육연구시설,정화조기계실2,1
,,저수조,1
10000,교육연구시설,분리수거창고,1
10000,교육연구시설,식품실습,1
10000,교육연구시설,농촌체험생활교육관,1
22000,분뇨.쓰레기처리시설,일반,1
10000,교육연구시설,재배사,1
20000,자동차관련시설,차관리실,1
01000,단독주택,식용류제조장,1
04000,제2종근린생활시설,자동차관련시설세차장,1
10000,교육연구시설,사택및창고,1
21000,동물및식물관련시설,원앙새사육,1
10000,교육연구시설,탁구교실,1
03000,제1종근린생활시설,소방훈련탑,1
17000,공장,전기실및기계실,1
01000,단독주택,11세대주택,1
10000,교육연구시설,경기도학연천생야영장,1
03000,제1종근린생활시설,방화시설,1
10000,교육연구시설,송대,1
10000,교육연구시설,덕아웃1,1
10000,교육연구시설,제1종근린,1
04000,제2종근린생활시설,청국장,1
17000,공장,포장실및원자재창고,1
10000,교육연구시설,관사2,1
10000,교육연구시설,배구부합숙소,1
12000,수련시설,소강당,1
10000,교육연구시설,판금도장실,1
08000,운수시설,세천역사,1
09000,의료시설,연결다리,1
19000,위험물저장및처리시설,위험물관리시설,1
10000,교육연구시설,교육연구및복지시설외1용도,1
20000,자동차관련시설,세탁장,1
10000,교육연구시설,신본관,1
17000,공장,lop전기실동,1
11000,노유자시설,노유자시설주택,1
10000,교육연구시설,의과대학교사,1
10000,교육연구시설,항해학관,1
01000,단독주택,공공도서관,1
18000,창고시설,및가공제조업,1
04000,제2종근린생활시설,분소,1
10000,교육연구시설,학교변소,1
10000,교육연구시설,임학과관리실,1
01000,단독주택,pc주택,1
04000,제2종근린생활시설,목재건구업,1
10000,교육연구시설,학습관,1
17000,공장,액체세제공장,1
03000,제1종근린생활시설,농협지소,1
18000,창고시설,농기계및자재,1
11000,노유자시설,노휴제,1
06000,종교시설,경당,1
17000,공장,89007,1
21000,동물및식물관련시설,간,1
04000,제2종근린생활시설,갤러리,1
20000,자동차관련시설,기계식세차장기계실,1
10000,교육연구시설,소방보조훈련탑,1
04000,제2종근린생활시설,분류되지않는,1
03000,제1종근린생활시설,함정육상창고배후지원시설,1
10000,교육연구시설,농과대학축산학관,1
10000,교육연구시설,체육과창고,1
26000,묘지관련시설,묘소관리소,1
10000,교육연구시설,남중급식실,1
15000,숙박시설,위락싯설,1
27000,관광휴게시설,고구려정,1
04000,제2종근린생활시설,근린생활시설독서실및사무실,1
20000,자동차관련시설,폐차업,1
19000,위험물저장및처리시설,telemetering,1
04000,제2종근린생활시설,의약도매점,1
01000,단독주택,삼조식화장실,1
12000,수련시설,변전실,1
04000,제2종근린생활시설,근린생활위락장,1
10000,교육연구시설,일반시설,1
10000,교육연구시설,학교본관,1
08000,운수시설,철도운전보완시설,1
01000,단독주택,별동화장실,1
09000,의료시설,2호기,1
01000,단독주택,제과소,1
17000,공장,곡물가공품제조시설,1
09000,의료시설,영업용,1
17000,공장,유황트럭적재동,1
17000,공장,견및인조섬유직물제조업,1
01000,단독주택,축사및염소장,1
Z6000,판매및영업시설,민박시설,1
07000,판매시설,관리동,1
02000,공동주택,도시형생활주택5세대,1
26000,묘지관련시설,직원후생관,1
03000,제1종근린생활시설,입항,1
17000,공장,엔진기계실,1
03000,제1종근린생활시설,국립공원고나리사무소,1
13000,운동시설,그늘집b,1
17000,공장,tbc촉매저장실,1
17000,공장,113,1
14000,업무시설,오피스텔136실,1
10000,교육연구시설,비가림차양,1
07000,판매시설,공병창고,1
10000,교육연구시설,계중기실,1
23000,교정및군사시설,톨게이트,1
04000,제2종근린생활시설,근린시설및,1
07000,판매시설,진료소,1
01000,단독주택,경비망대,1
17000,공장,abs공장사무소,1
26000,묘지관련시설,위패안치소,1
17000,공장,기타건축품재품제조업,1
27000,관광휴게시설,동물및식물관련시설,1
14000,업무시설,교양시설,1
15000,숙박시설,그린생활시설,1
01000,단독주택,문및창고,1
02000,공동주택,훼밀리,1
02000,공동주택,지층대피소,1
07000,판매시설,옥외배송장,1
05000,문화및집회시설,다목적강당,1
17000,공장,pce보관소,1
05000,문화및집회시설,영벽정,1
17000,공장,창고a,1
01000,단독주택,농촌체험실,1
18000,창고시설,포도선별장,1
03000,제1종근린생활시설,옹기체험전시장,1
21000,동물및식물관련시설,종계사,1
13000,운동시설,체험시설,1
04000,제2종근린생활시설,24,1
21000,동물및식물관련시설,농어가창고,1
18000,창고시설,조청,1
17000,공장,s부품,1
04000,제2종근린생활시설,직물,1
01000,단독주택,건조기계실,1
33000,"국방,군사시설",안보교육시설,1
02000,공동주택,36,1
14000,업무시설,교육연구및복시시설,1
02000,공동주택,나동아파트,1
02000,공동주택,공유부분,1
01000,단독주택,일반식당,1
18000,창고시설,메밀묵,1
08000,운수시설,기관차유지창고,1
03000,제1종근린생활시설,산동지서,1
16000,위락시설,점포및일반음식점,1
02000,공동주택,9m2,1
02000,공동주택,관리소집회소,1
18000,창고시설,의료실,1
03000,제1종근린생활시설,폐수종말처리장,1
03000,제1종근린생활시설,과적차량단속,1
17000,공장,nep,1
26000,묘지관련시설,양묘장관리번사,1
26000,묘지관련시설,비석,1
17000,공장,계장실,1
01000,단독주택,유사,1
17000,공장,채소,1
03000,제1종근린생활시설,새마을부녀회관,1
01000,단독주택,창고및장독대,1
17000,공장,중앙물류시설,1
17000,공장,국수제조장,1
07000,판매시설,사업장,1
01000,단독주택,난재배실,1
06000,종교시설,공항벧엘교회,1
16000,위락시설,놀이기구,1
18000,창고시설,사원기숙사,1
17000,공장,포장용판지,1
03000,제1종근린생활시설,공원에부수되는시설,1
06000,종교시설,도선암,1
08000,운수시설,세척실,1
17000,공장,여자샤워장,1
17000,공장,분류번호33201,1
Z6000,판매및영업시설,도착검사고,1
04000,제2종근린생활시설,영업소겸,1
10000,교육연구시설,보건대학원,1
15000,숙박시설,일반숙박시설및주택,1
01000,단독주택,치안센터,1
17000,공장,실린더,1
03000,제1종근린생활시설,마을공둥구판장,1
21000,동물및식물관련시설,면양사육실,1
01000,단독주택,근리시설,1
17000,공장,tdm제조시설,1
17000,공장,씽크제조,1
15000,숙박시설,식수대,1
21000,동물및식물관련시설,왕우렁이사육,1
04000,제2종근린생활시설,주유소의,1
10000,교육연구시설,2구간,1
21000,동물및식물관련시설,토종벌,1
Z6000,판매및영업시설,간이급수양수장옥,1
04000,제2종근린생활시설,벌크상차장,1
04000,제2종근린생활시설,한방병원,1
17000,공장,건축용목제품,1
03000,제1종근린생활시설,전방마을회관,1
22000,분뇨.쓰레기처리시설,유기질퇴비제조장,1
08000,운수시설,주평역사,1
04000,제2종근린생활시설,단독주책,1
10000,교육연구시설,안내소및매표소,1
04000,제2종근린생활시설,감독관,1
02000,공동주택,작업실,1
17000,공장,농기계창고,1
18000,창고시설,원료하차장,1
03000,제1종근린생활시설,농산물선별창고,1
10000,교육연구시설,교욱연구및복지시설,1
09000,의료시설,물리치료실및헬스장,1
02000,공동주택,음식물쓰레기처리시설,1
10000,교육연구시설,신갈중학교,1
03000,제1종근린생활시설,공회당및,1
12000,수련시설,옥내외체험장,1
02000,공동주택,제1종근생및발전기실,1
10000,교육연구시설,오모정강의실및실습장,1
01000,단독주택,세멘기와,1
09000,의료시설,본관연결통로,1
,,민박시설,1
10000,교육연구시설,반성중학교사택,1
20000,자동차관련시설,공세척실,1
10000,교육연구시설,관리과창고,1
03000,제1종근린생활시설,장기체류하숙,1
10000,교육연구시설,교육연구시설소,1
14000,업무시설,체육회관,1
09000,의료시설,입원병동,1
04000,제2종근린생활시설,체력단련,1
10000,교육연구시설,왕겨보관창고,1
10000,교육연구시설,학사당,1
08000,운수시설,선평역본체,1
02000,공동주택,118,1
08000,운수시설,출하장,1
10000,교육연구시설,표적장,1
10000,교육연구시설,소방,1
21000,동물및식물관련시설,빙고,1
04000,제2종근린생활시설,다가구주택12가구,1
05000,문화및집회시설,감독실,1
13000,운동시설,캐노피1,1
05000,문화및집회시설,근린생활시설및,1
04000,제2종근린생활시설,산신전,1
14000,업무시설,공중보건의실,1
13000,운동시설,도장창고,1
Z5000,문화및집회시설,옥산서원,1
14000,업무시설,펌프실및,1
13000,운동시설,축구장관람석,1
05000,문화및집회시설,식물시설,1
10000,교육연구시설,청원군,1
22000,분뇨.쓰레기처리시설,다중주택,1
01000,단독주택,일바음식점,1
04000,제2종근린생활시설,양주코너,1
Z8000,교육연구및복지시설,복지동,1
17000,공장,apt형공장및제2종근린생활시설,1
11000,노유자시설,광제리노인정,1
04000,제2종근린생활시설,백미실,1
04000,제2종근린생활시설,간이음식점및창고,1
13000,운동시설,실내육상경기장,1
01000,단독주택,공원숙소,1
14000,업무시설,85,1
14000,업무시설,9,1
20000,자동차관련시설,중장비,1
17000,공장,샘플병세척실,1
03000,제1종근린생활시설,상업용,1
01000,단독주택,교육연구시설및제2종근린생활시설,1
17000,공장,주용도,1
04000,제2종근린생활시설,집중구내통신실,1
19000,위험물저장및처리시설,연구실및창고,1
01000,단독주택,정도전사당,1
02000,공동주택,입주민휴게시설,1
01000,단독주택,가스저장창고,1
04002,휴게음식점,제1종근린생활시설,1
01000,단독주택,농축산물가공시설,1
18000,창고시설,지목변경불가,1
Z3000,근린생활시설,재실,1
01000,단독주택,기계보관,1
13000,운동시설,합숙소,1
13000,운동시설,화장실및샤워실,1
Z8000,교육연구및복지시설,중량실험실,1
17000,공장,유지1부,1
04000,제2종근린생활시설,주산강습소,1
Z9000,공공용시설,응집,1
13000,운동시설,차양시설,1
17000,공장,국산식품가공공장,1
27000,관광휴게시설,mtb지원시설,1
01000,단독주택,공중보건의사,1
04000,제2종근린생활시설,저탄장사무실,1
Z8000,교육연구및복지시설,유치원교실,1
03000,제1종근린생활시설,무선통신,1
04005,제조업소,제조업소,1
15000,숙박시설,단독주택및여인숙,1
15000,숙박시설,116호,1
20000,자동차관련시설,진단및촬영실,1
03000,제1종근린생활시설,일용품식품점,1
04000,제2종근린생활시설,수조관진열대,1
13000,운동시설,리프트펌프실,1
13000,운동시설,카트차고,1
13000,운동시설,발효퇴비창고,1
17000,공장,발전터빈동,1
17000,공장,no1압축기실,1
14000,업무시설,무인택배보관실,1
14000,업무시설,pms차고지,1
14000,업무시설,기타2종근생,1
Z8000,교육연구및복지시설,외국어학원,1
10000,교육연구시설,응급치료실,1
02000,공동주택,508,1
13000,운동시설,차량세척장,1
02000,공동주택,158대,1
Z5000,문화및집회시설,작은물새장,1
17000,공장,nec제1차플라스틱가공품,1
18000,창고시설,메주발효건조실,1
02000,공동주택,재활용선별장,1
21000,동물및식물관련시설,버섯재배사용,1
03000,제1종근린생활시설,제설제보관소,1
17000,공장,어선건조,1
01000,단독주택,주거용건물,1
14000,업무시설,오피스텔79호,1
08000,운수시설,o,1
17000,공장,제관시설,1
07000,판매시설,음식물쓰레기저장시설,1
17000,공장,j3,1
10000,교육연구시설,실습실및체육트레닝실,1
13000,운동시설,타격연습장,1
Z8000,교육연구및복지시설,연립주택,1
17000,공장,석회소성공장,1
18000,창고시설,램프,1
17000,공장,주단강기계실,1
06000,종교시설,소강당,1
14000,업무시설,문화예술회관,1
02000,공동주택,다지형연립주택,1
13000,운동시설,사회체육시설,1
13000,운동시설,캐노피2,1
Z8000,교육연구및복지시설,동재,1
04000,제2종근린생활시설,독주택,1
17000,공장,워크샵,1
,,주택부속,1
17000,공장,오펌프실,1
17000,공장,rfcc,1
01000,단독주택,귀농인,1
01000,단독주택,단독다가구4,1
03000,제1종근린생활시설,뇌인회관,1
04000,제2종근린생활시설,관리인사,1
04000,제2종근린생활시설,우형기사및사무실,1
17000,공장,용매동,1
15000,숙박시설,판매장및여관,1
02000,공동주택,공유면적,1
17000,공장,에프동,1
01000,단독주택,g가스,1
Z8000,교육연구및복지시설,교육연구및복지시설외1건,1
08000,운수시설,문화재시설,1
02000,공동주택,p4,1
Z8000,교육연구및복지시설,유아원및주택,1
13000,운동시설,경기운영실,1
17000,공장,cv구조물,1
27000,관광휴게시설,대문,1
03000,제1종근린생활시설,주택3,1
04000,제2종근린생활시설,소방차고,1
03000,제1종근린생활시설,선어위판장,1
04000,제2종근린생활시설,섬유제품,1
13000,운동시설,오수정화시설,1
21000,동물및식물관련시설,축분발효건조시설,1
14000,업무시설,6층,1
04000,제2종근린생활시설,농기구수리수,1
02000,공동주택,9213,1
04000,제2종근린생활시설,가스용기저장고,1
,,공장및창고,1
14000,업무시설,재활용집하장,1
02000,공동주택,12개소,1
06000,종교시설,봉황루,1
04000,제2종근린생활시설,철도노조서울지부사무소,1
17000,공장,입출하장,1
17000,공장,드럼창고,1
06000,종교시설,종교건물,1
04000,제2종근린생활시설,김씨제실,1
06000,종교시설,차량관리실,1
04000,제2종근린생활시설,주택및2종근린시설,1
17000,공장,위험물제조업소,1
20000,자동차관련시설,회의및조회실,1
04000,제2종근린생활시설,침구및관련제품제조,1
04000,제2종근린생활시설,농수산식품제조업소,1
04000,제2종근린생활시설,카센터공작소,1
17000,공장,rf,1
04000,제2종근린생활시설,실내스크린골프연습장,1
01000,단독주택,보일러실및차고,1
04000,제2종근린생활시설,축구장스탠드,1
18000,창고시설,기정실,1
01000,단독주택,참기름공장,1
04000,제2종근린생활시설,삼성당,1
13000,운동시설,야외씨름장,1
17000,공장,죽염가공,1
04000,제2종근린생활시설,전시장및근린생활시설,1
04000,제2종근린생활시설,연구및,1
03000,제1종근린생활시설,새마을회관물탱크,1
06000,종교시설,서낭당,1
27000,관광휴게시설,순간포착사진점,1
25000,발전시설,후생복리시설,1
03000,제1종근린생활시설,게임방,1
18000,창고시설,가곡,1
18000,창고시설,1리,1
04000,제2종근린생활시설,장씨종실,1
14000,업무시설,여객자동차,1
04000,제2종근린생활시설,문화원,1
17000,공장,단미공장,1
04000,제2종근린생활시설,상공회의소,1
04000,제2종근린생활시설,과막,1
04000,제2종근린생활시설,동물보호동,1
18000,창고시설,우형기창고,1
18000,창고시설,w7,1
04000,제2종근린생활시설,협동주택,1
03000,제1종근린생활시설,유해대기측정소,1
16000,위락시설,전시시설,1
06000,종교시설,테라스,1
04000,제2종근린생활시설,구장회관,1
11000,노유자시설,유상각,1
04000,제2종근린생활시설,숙박시설외3,1
02000,공동주택,피아노교습소,1
07000,판매시설,복지쎈타,1
03000,제1종근린생활시설,근린생활시설단란주점,1
02000,공동주택,부동산,1
04000,제2종근린생활시설,사무소및보일러실,1
03000,제1종근린생활시설,특수목욕장,1
04000,제2종근린생활시설,작업원휴게실,1
04000,제2종근린생활시설,외부조리시설,1
04000,제2종근린생활시설,일반철문제조,1
06000,종교시설,원융요,1
04000,제2종근린생활시설,제1종및제2종근린생황시설,1
03000,제1종근린생활시설,2제종근린생활시설,1
04000,제2종근린생활시설,재활용품수리및판매점,1
10000,교육연구시설,구기체육관,1
04000,제2종근린생활시설,효행비,1
04000,제2종근린생활시설,지역특산물가공작업장,1
10000,교육연구시설,테니스장샤워실,1
01000,단독주택,브속,1
17000,공장,충전대,1
04000,제2종근린생활시설,양곡수집사무실,1
15000,숙박시설,전당포,1
04000,제2종근린생활시설,사무실관리실,1
04000,제2종근린생활시설,사무실및회의실,1
04000,제2종근린생활시설,도시락제조작업장,1
04000,제2종근린생활시설,벽돌제조,1
04000,제2종근린생활시설,근린생활시설및전법회관,1
22000,분뇨.쓰레기처리시설,중간,1
21000,동물및식물관련시설,폐쇄,1
17000,공장,환원철,1
04000,제2종근린생활시설,액젖가공시설,1
04000,제2종근린생활시설,발마사지샵,1
04000,제2종근린생활시설,집수장,1
11000,노유자시설,및사무실,1
03000,제1종근린생활시설,statcom,1
02000,공동주택,숲속도서관,1
17000,공장,면회실동,1
04000,제2종근린생활시설,농기구수리소가건물,1
01000,단독주택,및제근린생활시설,1
17000,공장,베터리실2,1
19000,위험물저장및처리시설,충전케노피,1
17000,공장,6호소성실,1
26000,묘지관련시설,방,1
26000,묘지관련시설,헛간,1
04000,제2종근린생활시설,석남사,1
15000,숙박시설,숙박시설및제1종근생,1
17000,공장,body,1
15000,숙박시설,공연장,1
30000,자원순환관련시설,논공공단,1
15000,숙박시설,유산각,1
20000,자동차관련시설,12대,1
Z6000,판매및영업시설,판매및근린생활시설,1
01000,단독주택,1982,1
17000,공장,기성품창고,1
02000,공동주택,홈스쿨링,1
04000,제2종근린생활시설,종교집회서설,1
04000,제2종근린생활시설,사우당,1
17000,공장,천연조미료식품제조,1
03000,제1종근린생활시설,다용도,1
10000,교육연구시설,구미초등학교,1
07000,판매시설,보관소,1
25000,발전시설,소화약재동1,1
03000,제1종근린생활시설,가공판매장,1
02000,공동주택,77대,1
02000,공동주택,공동주댁,1
02000,공동주택,스마트워크룸,1
02000,공동주택,오수펌프장관리층,1
11000,노유자시설,elev실,1
31000,야영장시설,야영장시설외,1
20000,자동차관련시설,소극장,1
17000,공장,29305,1
27000,관광휴게시설,운문사입구,1
10000,교육연구시설,기초과학연수관,1
18000,창고시설,코리아c,1
15000,숙박시설,여관및지하실,1
Z8000,교육연구및복지시설,유류고,1
17000,공장,기숙사및제2종근린생활시설,1
19000,위험물저장및처리시설,카센타,1
15000,숙박시설,생활형숙박시설및제2종근린생활시설,1
19000,위험물저장및처리시설,용기보수장,1
17000,공장,cal,1
17000,공장,자동제어실,1
15000,숙박시설,위락시설및근린생활시설,1
06000,종교시설,사찰산신각,1
17000,공장,도정공장외1,1
10000,교육연구시설,군립도서관,1
03000,제1종근린생활시설,부속매점,1
15000,숙박시설,관광숙박시설6,1
04000,제2종근린생활시설,단무지공장,1
03000,제1종근린생활시설,업무및운동시설,1
10000,교육연구시설,농산물재배,1
18000,창고시설,조립실,1
07000,판매시설,근생및종교시설,1
17000,공장,17121,1
17000,공장,제지약품가공공장,1
03000,제1종근린생활시설,기,1
Z3000,근린생활시설,2종근린생활시,1
22000,분뇨.쓰레기처리시설,오폐수,1
14000,업무시설,매매업,1
02000,공동주택,집진실,1
19000,위험물저장및처리시설,액화가스및고기압가스판매소,1
01000,단독주택,부축사,1
21000,동물및식물관련시설,베양장,1
18000,창고시설,농가곡물건조장,1
17000,공장,1e,1
03000,제1종근린생활시설,로터리식주차기,1
17000,공장,indicator,1
,,보관소,1
23000,교정및군사시설,위탁작업장,1
23000,교정및군사시설,통신관련시설,1
01000,단독주택,수산물보관,1
06000,종교시설,범회실,1
17000,공장,및기숙사,1
03000,제1종근린생활시설,청소년놀이방,1
17000,공장,대형전동기공장,1
02000,공동주택,노인복지지설,1
01000,단독주택,건가용창고,1
03000,제1종근린생활시설,제품보관창고,1
02000,공동주택,무인경비실,1
17000,공장,배터리보관실,1
17000,공장,신발제조업,1
01000,단독주택,2종근린생활생활,1
03000,제1종근린생활시설,염소투입실및양수펌프실,1
17000,공장,화물승강기,1
02000,공동주택,생활부업실천방,1
03000,제1종근린생활시설,약초고,1
20000,자동차관련시설,주거용부대,1
18000,창고시설,발효효소,1
10000,교육연구시설,통학버스쉼터,1
,,풍래당,1
27000,관광휴게시설,기타,1
17000,공장,경비실동문,1
03000,제1종근린생활시설,종합여객시설,1
24000,방송통신시설,전기,1
Z3000,근린생활시설,개천면사무소,1
01000,단독주택,토기공장,1
03000,제1종근린생활시설,통사무소,1
17000,공장,현장화장실,1
10000,교육연구시설,야외학습장차양,1
24000,방송통신시설,숙직실,1
24000,방송통신시설,유고,1
02000,공동주택,다세대주택3세대,1
21000,동물및식물관련시설,저상실,1
03000,제1종근린생활시설,정포,1
06000,종교시설,생명수장,1
14000,업무시설,elev,1
09000,의료시설,격리병사,1
06000,종교시설,교리실및성물판매소,1
15000,숙박시설,접객실,1
10000,교육연구시설,소규모학습장,1
10000,교육연구시설,보건소,1
18000,창고시설,96주거환경개선사업,1
09000,의료시설,지구병원별동,1
10000,교육연구시설,녹화부온실,1
07000,판매시설,주민공동시설,1
25000,발전시설,수질tms측정소,1
10000,교육연구시설,운동부합숙소,1
12000,수련시설,부속세미나실,1
03000,제1종근린생활시설,말부리,1
22000,분뇨.쓰레기처리시설,사무실및기숙사,1
09000,의료시설,사육사,1
09000,의료시설,요양벙원,1
10000,교육연구시설,옥외실습실,1
10000,교육연구시설,4호,1
Z9000,공공용시설,약품투입동,1
20000,자동차관련시설,자동차부속점,1
10000,교육연구시설,제2도서관,1
10000,교육연구시설,운동부숙소,1
10000,교육연구시설,가축대사실험실,1
17000,공장,가죽제조공장,1
30000,자원순환관련시설,하수동,1
10000,교육연구시설,전수교육관,1
10000,교육연구시설,마을서당,1
10000,교육연구시설,중앙보일러실,1
04000,제2종근린생활시설,세면실,1
04000,제2종근린생활시설,유독물보관창고,1
10000,교육연구시설,공동실습동,1
10000,교육연구시설,농축산업시험연구시설,1
18000,창고시설,김보관창고,1
08000,운수시설,아화역사,1
20000,자동차관련시설,오토바이,1
17000,공장,전자계폐기,1
10000,교육연구시설,후생복지시설,1
10000,교육연구시설,도서관연구실,1
03000,제1종근린생활시설,약수정,1
02000,공동주택,주거환경개선지구,1
02000,공동주택,수경재배시설,1
10000,교육연구시설,부속차고,1
04000,제2종근린생활시설,처리장,1
21000,동물및식물관련시설,20동,1
07000,판매시설,배전반실,1
02000,공동주택,남여보육실,1
09000,의료시설,청평종합분소,1
10000,교육연구시설,운주국민학교,1
10000,교육연구시설,농작물보관창고,1
17000,공장,me,1
17000,공장,재분,1
Z8000,교육연구및복지시설,찻집,1
10000,교육연구시설,강의실습동,1
,,약초가공공장,1
08000,운수시설,선착장대합실,1
20000,자동차관련시설,운수종사자,1
04000,제2종근린생활시설,지역특산물가공장,1
10000,교육연구시설,식물연구실,1
17000,공장,가정용플라스틱성형제품,1
11000,노유자시설,소규모요양시설,1
07000,판매시설,지하연결통로,1
10000,교육연구시설,기타제1종근린생활시설,1
09000,의료시설,요양병원외1,1
02000,공동주택,여성친화공간b,1
18000,창고시설,농수산물처리창고,1
18000,창고시설,장구창고,1
01000,단독주택,주택및종친회사무실,1
18000,창고시설,근린생활시설외1,1
21000,동물및식물관련시설,김종묘배양및육상채묘장,1
18000,창고시설,고추건조창고,1
21000,동물및식물관련시설,인공사육,1
,,종교용,1
17000,공장,전광투입실,1
17000,공장,인고트,1
17000,공장,전조실,1
17000,공장,원료홉파실,1
21000,동물및식물관련시설,우잠실,1
05000,문화및집회시설,수영장하우스,1
18000,창고시설,저장고및주택,1
01000,단독주택,농업인작업장,1
18000,창고시설,원사,1
21000,동물및식물관련시설,개방식축사및톱밥발효장,1
17000,공장,신문인쇄,1
01000,단독주택,근린생활및주택시설,1
17000,공장,dump,1
21000,동물및식물관련시설,동울및식물관련시설,1
21000,동물및식물관련시설,동물및식룰관련시설,1
18000,창고시설,냉동처리장,1
14000,업무시설,휴계실,1
01000,단독주택,농산물보관창고및주택,1
21000,동물및식물관련시설,농산물보관및관리시설,1
04000,제2종근린생활시설,가발제조업장,1
01000,단독주택,설선당,1
12000,수련시설,제2종,1
21000,동물및식물관련시설,분만장,1
21000,동물및식물관련시설,육묘장작업장,1
01000,단독주택,지붕차양,1
21000,동물및식물관련시설,건조곡간,1
01000,단독주택,석재가공작업장,1
21000,동물및식물관련시설,건조장및창고,1
18000,창고시설,주민공동창고,1
01000,단독주택,제1종근린시설및주택,1
04000,제2종근린생활시설,구조용금속판,1
18000,창고시설,엔진살베리,1
18000,창고시설,서적창고,1
18000,창고시설,건축물분리수거장,1
18000,창고시설,건조장및축사,1
18000,창고시설,농산물하차장,1
21000,동물및식물관련시설,농업용부속사,1
,,축사용시설물,1
02000,공동주택,다세대외1건,1
,,유기질비료원료보관창고,1
19000,위험물저장및처리시설,기타위험물판매취급소,1
19000,위험물저장및처리시설,무기창고,1
04000,제2종근린생활시설,선구저장창고,1
17000,공장,감압폐수처리동,1
01000,단독주택,등유판매소,1
17000,공장,tpa,1
02000,공동주택,348,1
07000,판매시설,화물적하장,1
17000,공장,성형실,1
03000,제1종근린생활시설,청소년창작공간,1
18000,창고시설,지대미,1
10000,교육연구시설,rt룸,1
,,관광휴게,1
,,진료소,1
19000,위험물저장및처리시설,펌프및엔진실,1
21000,동물및식물관련시설,퇴비임시저장고,1
31000,야영장시설,계수동,1
14000,업무시설,관람시설,1
04000,제2종근린생활시설,금속탱크제조업,1
,,사선,1
10000,교육연구시설,ess실동,1
19000,위험물저장및처리시설,식당연료보관소,1
05000,문화및집회시설,내신문,1
05000,문화및집회시설,외신문,1
19000,위험물저장및처리시설,광산변압기실,1
07000,판매시설,지역특산물,1
19000,위험물저장및처리시설,가스용기저장창고및사무실,1
04000,제2종근린생활시설,농산물처리가공,1
,,신사택변소,1
04000,제2종근린생활시설,잣탈곡장,1
18000,창고시설,수의실,1
20000,자동차관련시설,자동차안전시설,1
07000,판매시설,청과물소매시장,1
17000,공장,에스플랜트이피이에스파이롯트벌크,1
06000,종교시설,국사3당,1
,,농어촌주택,1
06000,종교시설,화랑원,1
19000,위험물저장및처리시설,고로공장,1
01000,단독주택,d동,1
08000,운수시설,사택,1
17000,공장,아연말,1
12000,수련시설,로비,1
07000,판매시설,판매시설및판매시설,1
17000,공장,ingot창고,1
18000,창고시설,주민공동이용시설창고,1
03000,제1종근린생활시설,구내용수,1
01000,단독주택,보일러실및지하실,1
,,종교집회시설,1
02000,공동주택,단지형다세대주택11세대,1
17000,공장,화상실및보일러실,1
21000,동물및식물관련시설,창고a,1
23000,교정및군사시설,작전지원시설,1
10000,교육연구시설,시민도서관,1
19000,위험물저장및처리시설,pump,1
18000,창고시설,양곡부산물창고,1
19000,위험물저장및처리시설,석유판매업사무실,1
01000,단독주택,제1종및제2종근생활시설,1
18000,창고시설,관내,1
02000,공동주택,제2종근린새활시설,1
07000,판매시설,기타판매및영업시설,1
04000,제2종근린생활시설,6용도,1
18000,창고시설,전시관,1
15000,숙박시설,옥내주차,1
22000,분뇨.쓰레기처리시설,분뇨정화조오니처리장투입동,1
22000,분뇨.쓰레기처리시설,분뇨정화조오니처리장송풍기동,1
10000,교육연구시설,스승기념관,1
07000,판매시설,상가아파트,1
23000,교정및군사시설,발칸,1
19000,위험물저장및처리시설,암모니아가스충전소,1
17000,공장,제1및2종근린생활시설,1
04000,제2종근린생활시설,수산물냉동창고,1
19000,위험물저장및처리시설,광산화약취급소,1
02000,공동주택,17실,1
01000,단독주택,건축자재보관창고,1
07000,판매시설,제2종근린생활시설외2,1
17000,공장,솔벤트정제기실,1
17000,공장,위생용지,1
17000,공장,계조대,1
21000,동물및식물관련시설,종부사,1
,,농기계교육공작실,1
19000,위험물저장및처리시설,액화석유가스충전소기계실,1
17000,공장,남동공단,1
30000,자원순환관련시설,관리동및화장실,1
17000,공장,구,1
19000,위험물저장및처리시설,주유소부속사무실,1
19000,위험물저장및처리시설,자동세차부스,1
02000,공동주택,컨시어지,1
03000,제1종근린생활시설,소매점제1종근생,1
03000,제1종근린생활시설,교육연구및사회복지시설,1
07000,판매시설,노외주차장부대시설,1
03000,제1종근린생활시설,정보화교육장,1
07000,판매시설,영업및판매시설,1
05000,문화및집회시설,추사고택,1
03000,제1종근린생활시설,의용소방대기서,1
04000,제2종근린생활시설,제2종근린사무소,1
19000,위험물저장및처리시설,정화조기계실,1
17000,공장,쓰레기처리장2,1
17000,공장,하역동,1
09000,의료시설,기계식주차,1
07000,판매시설,판매시설및주택,1
07000,판매시설,판매시설및관리사무소,1
03000,제1종근린생활시설,썬룸,1
10000,교육연구시설,북지시설,1
01000,단독주택,부속사차고,1
17000,공장,차량검차장,1
14000,업무시설,통제실,1
19000,위험물저장및처리시설,가스기계실,1
,,등산휴게소,1
17000,공장,sru변전실,1
03000,제1종근린생활시설,건강센터,1
01000,단독주택,공관숙소,1
01000,단독주택,종루,1
17000,공장,구내,1
02000,공동주택,다시대주택,1
17000,공장,gear,1
27000,관광휴게시설,광관휴게시설,1
27000,관광휴게시설,관광및휴게시설,1
16000,위락시설,위락시설외4용도,1
03000,제1종근린생활시설,온수지관리사무실,1
11000,노유자시설,세광어린이집,1
11000,노유자시설,노유자시설시설,1
03000,제1종근린생활시설,일반숙박시설및근린생활시설,1
03000,제1종근린생활시설,묵곡출장소,1
03000,제1종근린생활시설,탈의실및샤워실,1
03000,제1종근린생활시설,정비대,1
03000,제1종근린생활시설,나잠탈의장,1
03000,제1종근린생활시설,염소투입실동,1
03000,제1종근린생활시설,선원숙소,1
17000,공장,nec화합및질소화합물제조업,1
03000,제1종근린생활시설,분초,1
17000,공장,수처리조정실동,1
03000,제1종근린생활시설,상수도수원지기계실,1
03000,제1종근린생활시설,관리본관동,1
03000,제1종근린생활시설,관망대,1
03000,제1종근린생활시설,하역조정실,1
17000,공장,인조섬유방적업,1
03000,제1종근린생활시설,공원공중화장실,1
03000,제1종근린생활시설,용산마을회관,1
03000,제1종근린생활시설,군초소,1
03000,제1종근린생활시설,농공단지관리실,1
03000,제1종근린생활시설,자연관찰원,1
06000,종교시설,공가,1
03000,제1종근린생활시설,지파출소,1
01000,단독주택,선교관,1
03000,제1종근린생활시설,업무및근린생활시설외,1
18000,창고시설,부속용도사무실,1
23000,교정및군사시설,장례식장,1
03000,제1종근린생활시설,본가,1
03000,제1종근린생활시설,경노당및마을회관,1
14000,업무시설,철도시설,1
03000,제1종근린생활시설,근생및단독주택3가구,1
17000,공장,산소외저장소,1
21000,동물및식물관련시설,분재작업장,1
03000,제1종근린생활시설,선박출입항신고서,1
03000,제1종근린생활시설,보건소및다가구주택,1
11000,노유자시설,농공단지후생복지시설,1
10000,교육연구시설,공대1호관,1
05000,문화및집회시설,새마을관,1
11000,노유자시설,외부계단,1
03000,제1종근린생활시설,1종근생및창고시설,1
03000,제1종근린생활시설,근린생활시설및근린공공시설사무실,1
11000,노유자시설,노인관련,1
23000,교정및군사시설,b발사통제실,1
03000,제1종근린생활시설,통일전매표소,1
03000,제1종근린생활시설,감암배수장,1
03000,제1종근린생활시설,오산농촌지도사무실,1
03000,제1종근린생활시설,상수도양수펌프실,1
03000,제1종근린생활시설,베1종근린생활시설,1
17000,공장,포대제조,1
11000,노유자시설,고가수조,1
03000,제1종근린생활시설,근린생활시설및의원,1
19000,위험물저장및처리시설,생시설,1
03000,제1종근린생활시설,한전막,1
13000,운동시설,양궁훈련장,1
02000,공동주택,육아보육시설,1
03000,제1종근린생활시설,농산물간이공동집하장,1
02000,공동주택,21동,1
11000,노유자시설,중앙공급실,1
11000,노유자시설,근린생활시설및교육연구및복지시설,1
02000,공동주택,재연휀룸,1
03000,제1종근린생활시설,강우관측기계설비,1
03000,제1종근린생활시설,제1ㄱ2종근린생활시설,1
22000,분뇨.쓰레기처리시설,쓰레기소각창고,1
03000,제1종근린생활시설,수충압설비실,1
03000,제1종근린생활시설,홍제1동자치회관,1
Z3000,근린생활시설,운전자대기실,1
26000,묘지관련시설,묘자관련시설,1
03000,제1종근린생활시설,공감소,1
03000,제1종근린생활시설,창고판매장,1
Z3000,근린생활시설,및단독주택,1
17000,공장,공업사,1
03000,제1종근린생활시설,농민교육관,1
03000,제1종근린생활시설,점포외1건,1
03000,제1종근린생활시설,공변,1
03000,제1종근린생활시설,운동장시설,1
03000,제1종근린생활시설,쓰레기선별장,1
03000,제1종근린생활시설,경찰광적지서,1
03000,제1종근린생활시설,방재시설물,1
04000,제2종근린생활시설,판매및영업시설외,1
Z5000,문화및집회시설,본당,1
17000,공장,폐수실험실,1
11000,노유자시설,지역사회복지시설,1
02000,공동주택,소매점및관리사무소,1
30000,자원순환관련시설,계근실,1
30000,자원순환관련시설,제품보관창고,1
10000,교육연구시설,모타카실,1
02000,공동주택,노유자시설및다세대주택,1
02000,공동주택,음식물보관소,1
16000,위락시설,나이트클럽,1
02000,공동주택,통학차량대기소,1
17000,공장,206호,1
06000,종교시설,추모관,1
04000,제2종근린생활시설,알미늄창호제작소,1
18000,창고시설,삼은창고,1
02000,공동주택,다세대원룸주택,1
18000,창고시설,곶감저온창고,1
02000,공동주택,나눔쉼터,1
06000,종교시설,교회당시설,1
06000,종교시설,학생예배실,1
15000,숙박시설,140호,1
03000,제1종근린생활시설,농자재백화점,1
Z5000,문화및집회시설,선교원,1
30000,자원순환관련시설,전기및조정실,1
04000,제2종근린생활시설,사성각,1
02000,공동주택,제1종근린생활시설및아파트,1
02000,공동주택,각동1층창고,1
02000,공동주택,커뮤니티센터3,1
02000,공동주택,주택12세대,1
02000,공동주택,틈새교실,1
02000,공동주택,오픈도서관,1
02000,공동주택,도시형생활주택다세대형,1
02000,공동주택,부속경비동,1
02000,공동주택,지하1층출입구,1
02000,공동주택,주차장외부계단실,1
02000,공동주택,유아원및근린생활시설,1
18000,창고시설,농산물생산저장창고,1
17000,공장,압출식,1
06000,종교시설,2근린생활시설,1
01000,단독주택,곰사육장,1
02000,공동주택,구매시설및경비실,1
17000,공장,열교환기,1
Z8000,교육연구및복지시설,임연정,1
02000,공동주택,보육동,1
12000,수련시설,회랑,1
10000,교육연구시설,기계공작실,1
02000,공동주택,쓰레기집화장,1
02000,공동주택,대학교기숙사,1
10000,교육연구시설,교과교실동,1
14000,업무시설,저장및,1
04000,제2종근린생활시설,사무소0,1
04000,제2종근린생활시설,유리온실,1
04000,제2종근린생활시설,목공예품,1
05000,문화및집회시설,영령전,1
04000,제2종근린생활시설,쎈타,1
04000,제2종근린생활시설,2세대주택,1
17000,공장,수배전가대,1
17000,공장,가버너스테이션,1
01000,단독주택,가내공장,1
30000,자원순환관련시설,200톤,1
17000,공장,폐기물창고2동,1
17000,공장,단조식당,1
04000,제2종근린생활시설,도자기작업소,1
17000,공장,가마니공장,1
Z3000,근린생활시설,카센타,1
03000,제1종근린생활시설,방역창고,1
17000,공장,공장외2용도,1
17000,공장,현장작업진행실,1
17000,공장,인삼가공공장,1
17000,공장,안전체험관,1
05000,문화및집회시설,법회당,1
17000,공장,공장저유탱크,1
17000,공장,종균실,1
17000,공장,주강정정,1
22000,분뇨.쓰레기처리시설,부대및소각시설,1
21000,동물및식물관련시설,누에축사,1
18000,창고시설,전기장판,1
01000,단독주택,주택제1,1
03000,제1종근린생활시설,영수정,1
03000,제1종근린생활시설,목욕자,1
01000,단독주택,다가구11세대,1
16000,위락시설,식품위생시설,1
07000,판매시설,오수중계펌프실,1
13000,운동시설,테니스연습장,1
14000,업무시설,자지단체청사,1
17000,공장,가스터빈,1
03000,제1종근린생활시설,면적제외,1
04000,제2종근린생활시설,축양장,1
17000,공장,오폐수처리실,1
02000,공동주택,키즈앤맘스테이션,1
04000,제2종근린생활시설,해사관계업무시설,1
03008,변전소,변전소,1
17000,공장,침전조,1
15000,숙박시설,비즈니스호텔,1
24000,방송통신시설,자동전화기보전실,1
17000,공장,케류장,1
10000,교육연구시설,어린이놀이터,1
17000,공장,미용기구,1
19000,위험물저장및처리시설,항공유입하대,1
01000,단독주택,농업생산시설2동,1
01000,단독주택,자동차수리장,1
18000,창고시설,충전소,1
04000,제2종근린생활시설,이란음식점,1
06000,종교시설,도림사,1
21000,동물및식물관련시설,농기계격납고,1
31000,야영장시설,부속화장실,1
01000,단독주택,2층88,1
04000,제2종근린생활시설,문구,1
10000,교육연구시설,태권도실,1
19000,위험물저장및처리시설,4b,1
03000,제1종근린생활시설,주전출장소,1
04000,제2종근린생활시설,광명아파트,1
18000,창고시설,농작물저장,1
04000,제2종근린생활시설,2종근린생활시설및다세대주택,1
03000,제1종근린생활시설,작겁휴게실,1
19000,위험물저장및처리시설,위험물저장처리사설,1
17000,공장,유개장,1
17000,공장,컴퓨레랴실,1
03000,제1종근린생활시설,위판장및,1
17000,공장,가스충전소,1
Z8000,교육연구및복지시설,음악관,1
17000,공장,작업복관련,1
05000,문화및집회시설,광주문학관,1
14000,업무시설,공기충전실,1
04000,제2종근린생활시설,사찰요사체,1
01000,단독주택,다가구형4가구,1
14000,업무시설,공공이용시설,1
17000,공장,농공장,1
03000,제1종근린생활시설,의,1
08000,운수시설,적량역7등숙소,1
17000,공장,조립2공장,1
11000,노유자시설,청소년관련시설,1
10000,교육연구시설,합기도,1
02000,공동주택,10개소,1
17000,공장,stripper,1
05000,문화및집회시설,운영사무실,1
21000,동물및식물관련시설,시설양어장,1
04000,제2종근린생활시설,농업창고,1
22000,분뇨.쓰레기처리시설,폐수펌프실,1
04000,제2종근린생활시설,죽세품작업장,1
15000,숙박시설,정보교류시설,1
Z3000,근린생활시설,소방파출소,1
04000,제2종근린생활시설,경정비소,1
15000,숙박시설,및여관,1
21000,동물및식물관련시설,동물관련용도,1
01000,단독주택,도소매점,1
02000,공동주택,맘스룸1,1
21000,동물및식물관련시설,유추사,1
30000,자원순환관련시설,전자폐기물,1
17000,공장,p제품창고4,1
17000,공장,엠유디공장,1
05000,문화및집회시설,경기전내상문,1
Z3000,근린생활시설,근린공공시설및화장실,1
17000,공장,농산물생산시설,1
14000,업무시설,다세대주택25세대,1
14000,업무시설,268호,1
01000,단독주택,장애인복지시설,1
03000,제1종근린생활시설,도서내연발전소,1
03000,제1종근린생활시설,자동차매매상,1
Z3000,근린생활시설,주택및제2종근린생활시설,1
31000,야영장시설,양영장시설,1
17000,공장,에너지창고,1
03000,제1종근린생활시설,호텔,1
17000,공장,페기물,1
20000,자동차관련시설,교육원,1
01000,단독주택,97주택개량대상자,1
04000,제2종근린생활시설,주민의,1
21000,동물및식물관련시설,제1종2종근린생활시설,1
18000,창고시설,단층숙직실,1
01000,단독주택,84,1
03000,제1종근린생활시설,반포농협동학지소,1
07000,판매시설,도매업,1
18000,창고시설,합숙소,1
15000,숙박시설,주거용,1
05000,문화및집회시설,게스트룸,1
17000,공장,제품판매점,1
05000,문화및집회시설,모터스포츠체험장,1
05000,문화및집회시설,유관순열사지하옥사보호각,1
17000,공장,supply,1
03000,제1종근린생활시설,파츨소,1
04000,제2종근린생활시설,위생용펌프실,1
05000,문화및집회시설,어린이공원관리사,1
04000,제2종근린생활시설,분소연쇄점,1
04000,제2종근린생활시설,농업용장류,1
06000,종교시설,다목적식당,1
14000,업무시설,의회동,1
10000,교육연구시설,o,1
10000,교육연구시설,기구고,1
17000,공장,7수염창고,1
05000,문화및집회시설,동물병원,1
05000,문화및집회시설,미화원휴게실,1
18000,창고시설,rfa제품출하장,1
Z3000,근린생활시설,처소,1
03000,제1종근린생활시설,여탕,1
04000,제2종근린생활시설,간이정자,1
22000,분뇨.쓰레기처리시설,통제실,1
14000,업무시설,116호,1
18000,창고시설,97농가용저온저장고,1
17000,공장,연소기기,1
04000,제2종근린생활시설,계명문,1
05000,문화및집회시설,조교사및기수숙소,1
05000,문화및집회시설,공해공장,1
08000,운수시설,페수오니,1
01000,단독주택,온수보일러실,1
15000,숙박시설,공용복도,1
05000,문화및집회시설,전도관,1
11000,노유자시설,근린공공시설외,1
17000,공장,피소화기창고,1
02000,공동주택,도시형생활주텍,1
18000,창고시설,농업영창고,1
04000,제2종근린생활시설,보호,1
03000,제1종근린생활시설,부동산중개사사무소,1
05000,문화및집회시설,도장막사집2,1
03000,제1종근린생활시설,고압가스실,1
20000,자동차관련시설,세차부스,1
04000,제2종근린생활시설,각,1
21000,동물및식물관련시설,펌프실1,1
14000,업무시설,업무시설및근생시설,1
10000,교육연구시설,제2교육관,1
17000,공장,고순화지원실,1
17000,공장,농축탑,1
03000,제1종근린생활시설,주택및여관,1
03000,제1종근린생활시설,창고및서고,1
11000,노유자시설,동,1
02000,공동주택,연립주택17세대,1
17000,공장,업무지원시설,1
04000,제2종근린생활시설,어촌종합개발사업,1
17000,공장,기업부설연구소,1
03000,제1종근린생활시설,동부상담소,1
17000,공장,iso,1
17000,공장,트럭히팅장,1
17000,공장,opration동,1
17000,공장,열처리동,1
17000,공장,co2탱크실,1
03000,제1종근린생활시설,산본파출소,1
18000,창고시설,버섯재배,1
10000,교육연구시설,11동,1
04000,제2종근린생활시설,근신생활시설,1
18000,창고시설,생활시설,1
17000,공장,포장제조업,1
17000,공장,3변전실,1
04000,제2종근린생활시설,열녀문,1
03000,제1종근린생활시설,공동주택및,1
,,전기기구제조장,1
01000,단독주택,추가사,1
03000,제1종근린생활시설,마울회관및경로당,1
05000,문화및집회시설,분재원,1
06000,종교시설,부설주차장,1
16000,위락시설,외1용도,1
03000,제1종근린생활시설,경비대숙소,1
18000,창고시설,c동,1
Z9000,공공용시설,자미원선로반처소,1
17000,공장,대피소2,1
20000,자동차관련시설,계사,1
05000,문화및집회시설,대동물관,1
05000,문화및집회시설,제2근린생활시설,1
17000,공장,air저장실,1
21000,동물및식물관련시설,과수저장고,1
05000,문화및집회시설,효렬비,1
05000,문화및집회시설,대회의실,1
17000,공장,목재도구및,1
03000,제1종근린생활시설,일부,1
17000,공장,급냉실,1
03000,제1종근린생활시설,노무자대기소,1
03000,제1종근린생활시설,생태운영센터,1
17000,공장,공예,1
05000,문화및집회시설,동물원정문,1
20000,자동차관련시설,근로자복지시설,1
13000,운동시설,high,1
02000,공동주택,입회실,1
18000,창고시설,제1종근생시설,1
05000,문화및집회시설,학교미술관및근린생활시설,1
27000,관광휴게시설,휴게매점,1
05000,문화및집회시설,농산물판매소,1
,,광원대기실,1
05000,문화및집회시설,우저서원,1
04000,제2종근린생활시설,백원당,1
04000,제2종근린생활시설,떡방안간,1
21000,동물및식물관련시설,축양장부속건물,1
02000,공동주택,144호,1
17000,공장,적하및분쇄실,1
01000,단독주택,농촌주택개량건축물임,1
18000,창고시설,운전수대기실,1
05000,문화및집회시설,탐조대,1
05000,문화및집회시설,구기장,1
05000,문화및집회시설,현릉수라간,1
02000,공동주택,물탱크실펌프실,1
01000,단독주택,목요탕,1
06000,종교시설,망미정,1
,,행랑채,1
04000,제2종근린생활시설,위험물취급저장소,1
06000,종교시설,교역자사택,1
18000,창고시설,49,1
05000,문화및집회시설,맹수사,1
05000,문화및집회시설,옥외화장실5,1
05000,문화및집회시설,방앗간,1
05000,문화및집회시설,근린생활시설및전시시설,1
21000,동물및식물관련시설,93농가주택,1
17000,공장,반도체관련장치제조업,1
03000,제1종근린생활시설,유등배수장,1
04000,제2종근린생활시설,제2종근린생활시설도시형공장,1
01000,단독주택,벼,1
18000,창고시설,버섯저온창고,1
03000,제1종근린생활시설,수거식,1
01000,단독주택,다가구17,1
13000,운동시설,수리소,1
21000,동물및식물관련시설,제사,1
02000,공동주택,주민도서실,1
27000,관광휴게시설,스낵1,1
17000,공장,연료보관창고동,1
01000,단독주택,9주택,1
18000,창고시설,해태건조장및,1
04000,제2종근린생활시설,기능계학원,1
04000,제2종근린생활시설,이수정,1
10000,교육연구시설,원료보관장,1
16000,위락시설,일반유흥점,1
10000,교육연구시설,동아리,1
17000,공장,유해물질창고,1
17000,공장,화학공장,1
03000,제1종근린생활시설,주거겸용업무시설,1
11000,노유자시설,수리,1
20000,자동차관련시설,영업,1
06000,종교시설,다용도문화공간,1
21000,동물및식물관련시설,직원식당,1
03000,제1종근린생활시설,근린주택,1
07000,판매시설,건축면적만산정,1
03000,제1종근린생활시설,19호,1
24000,방송통신시설,통신철탑,1
Z3000,근린생활시설,버섯재배사,1
18000,창고시설,농기계보관및농자재보관창고,1
17000,공장,mcc창고,1
21000,동물및식물관련시설,사료보관,1
05000,문화및집회시설,천왕문,1
05000,문화및집회시설,해탈문,1
24000,방송통신시설,항만관제시설,1
17000,공장,그린센터,1
04000,제2종근린생활시설,한우가공시설,1
24000,방송통신시설,간이중계소청사,1
14000,업무시설,보훈회관,1
18000,창고시설,육상축양장,1
03000,제1종근린생활시설,공동저장고,1
21000,동물및식물관련시설,농어업시설물,1
01000,단독주택,주택및양조장,1
02000,공동주택,2314동하부,1
11000,노유자시설,수련실,1
21000,동물및식물관련시설,축분저장고,1
17000,공장,전지게차충전실,1
08000,운수시설,자원시설,1
17000,공장,연탄,1
04000,제2종근린생활시설,가스용기실,1
17000,공장,분말제조업,1
03000,제1종근린생활시설,숙박업용,1
17000,공장,및관리사,1
17000,공장,동양강철,1
21000,동물및식물관련시설,후인,1
17000,공장,수생동물건제품,1
17000,공장,소방경비동,1
02000,공동주택,l실,1
02000,공동주택,주출입구측,1
07000,판매시설,우수저류조관리층,1
03000,제1종근린생활시설,조절실,1
05000,문화및집회시설,문화재보호시설,1
10000,교육연구시설,공원,1
04000,제2종근린생활시설,체육단련장,1
08000,운수시설,특수화물,1
Z3000,근린생활시설,오수중계펌프장,1
21000,동물및식물관련시설,입병,1
11000,노유자시설,자활근로대,1
03000,제1종근린생활시설,농기구,1
10000,교육연구시설,감별시험실,1
17000,공장,농축탈수실,1
17000,공장,주유소,1
17000,공장,입축전기실,1
22000,분뇨.쓰레기처리시설,제어동,1
20000,자동차관련시설,목욕실및화장실,1
17000,공장,mdi정제실,1
22000,분뇨.쓰레기처리시설,no,1
24000,방송통신시설,공공시설물,1
,,상수도기계실,1
21000,동물및식물관련시설,타조부화실,1
15000,숙박시설,종합관광호텔,1
17000,공장,진동스크린실,1
30000,자원순환관련시설,의류,1
17000,공장,경비실i,1
18000,창고시설,홉바실,1
03000,제1종근린생활시설,놀이형시설,1
18000,창고시설,주택관리인숙소,1
17000,공장,air실,1
21000,동물및식물관련시설,농기계및농산물,1
01000,단독주택,다가구19세대,1
18000,창고시설,준종교시설,1
24000,방송통신시설,전화분기국사,1
01000,단독주택,중기사무실,1
13000,운동시설,화장실b,1
19000,위험물저장및처리시설,o드럼쉘타,1
03000,제1종근린생활시설,터널관리소,1
17000,공장,ito,1
13000,운동시설,노래연습실,1
01001,단독주택,제1,1
06000,종교시설,폐수처리장,1
21000,동물및식물관련시설,퇴비사151,1
21000,동물및식물관련시설,8,1
22000,분뇨.쓰레기처리시설,종침계단실,1
03000,제1종근린생활시설,마을회관공회당,1
17000,공장,bs플랜트,1
27000,관광휴게시설,시장상가잡화점,1
04000,제2종근린생활시설,가공저장업,1
17000,공장,석재품제조공장,1
17000,공장,사료생산,1
10000,교육연구시설,커피숍,1
21000,동물및식물관련시설,벼출하장,1
03000,제1종근린생활시설,국수제조사무실,1
02000,공동주택,위험물저장,1
13000,운동시설,티하우스b,1
08000,운수시설,염소실,1
04000,제2종근린생활시설,가정용목제품제조업,1
01000,단독주택,용다가구주택,1
01000,단독주택,여공합숙소,1
04000,제2종근린생활시설,사위,1
,,충전장,1
20000,자동차관련시설,기계조작실,1
02000,공동주택,그밖의주택,1
19000,위험물저장및처리시설,재2종근린생활시설,1
21000,동물및식물관련시설,대추건조실,1
24000,방송통신시설,2pe,1
02000,공동주택,ex룸,1
17000,공장,방역기계실2,1
03000,제1종근린생활시설,2종근린새활시설,1
02000,공동주택,지하주차장입구,1
03000,제1종근린생활시설,39,1
21000,동물및식물관련시설,원예용,1
10000,교육연구시설,라커실,1
04000,제2종근린생활시설,지하1층,1
17000,공장,오니침전조,1
18000,창고시설,농기구수리및,1
